# segment 11
3800,200 4213.0899,200 4635.039,211.19242 5022.3582,354.81405
5022.3582,354.81405 5409.6773,498.43569 5754.521,777.86802 5930.565,1151.5682
5930.565,1151.5682 6074.4659,1457.0362 6101.1931,1812.2681 6025.7104,2141.3889
6025.7104,2141.3889 5950.2277,2470.5098 5775.8529,2773.3364 5544.8668,3019.6362
5544.8668,3019.6362 5082.8947,3512.2359 4417.1898,3768.0411 3752.1937,3885.7394
3752.1937,3885.7394 3425.6067,3943.5423 3090.1032,3971.7512 2762.3809,3920.7776
2762.3809,3920.7776 2434.6586,3869.8039 2113.5441,3734.8042 1878.3684,3500.9397
1878.3684,3500.9397 1703.0299,3326.5788 1581.0039,3103.1862 1506.224,2867.4887
1506.224,2867.4887 1431.4441,2631.7913 1402.3241,2383.5667 1396.3938,2136.362
1396.3938,2136.362 1390.514,1891.2634 1407.3545,1644.0623 1469.8738,1406.9985
1469.8738,1406.9985 1532.393,1169.9347 1642.1464,942.70328 1807.0539,761.28273
1807.0539,761.28273 2046.4522,497.91219 2388.3594,345.59846 2736.7532,272.81572
2736.7532,272.81572 3085.147,200.03299 3444.0848,200 3800,200

# segment 13
3800,200 4102.7858,200 4408.6829,207.71668 4701.741,283.84943
4701.741,283.84943 4994.7991,359.98218 5271.4425,501.40317 5500,700
5500,700 5800.6667,961.25352 6013.5468,1311.6459 6162.4656,1681.074
6162.4656,1681.074 6311.3843,2050.5021 6400.0635,2440.9712 6484.8151,2830.164
6484.8151,2830.164 6569.5667,3219.3569 6651.434,3610.7878 6787.6875,3985.0723
6787.6875,3985.0723 6923.9411,4359.3567 7117.8112,4718.889 7400,5000
7400,5000 7606.0605,5205.2734 7859.5381,5363.7707 8136.876,5451.4163
8136.876,5451.4163 8414.214,5539.0619 8709.1425,5550 9000,5550

# segment 14
3800,200 4103.0629,200 4409.2084,206.80752 4702.892,281.62103
4702.892,281.62103 4996.5756,356.43454 5274.8797,497.1011 5500,700
5500,700 5775.351,948.17134 5963.3026,1275.7765 6177.2322,1578.4997
6177.2322,1578.4997 6284.197,1729.8613 6399.1128,1876.6623 6534.1949,2003.5662
6534.1949,2003.5662 6669.2771,2130.4701 6825.547,2237.4066 7000,2300
7000,2300 7203.6621,2373.0735 7426.1223,2383.4512 7640.6206,2355.0175
7640.6206,2355.0175 7855.1188,2326.5838 8062.9201,2260.5662 8265.3581,2184.1669
8265.3581,2184.1669 8670.234,2031.3684 9068.5469,1833.4689 9500,1800
9500,1800 9944.0013,1765.5577 10395.844,1915.7083 10744.447,2192.8352
10744.447,2192.8352 11093.051,2469.9621 11338.591,2868.8256 11450,3300
11450,3300 11549.772,3686.1372 11543.474,4100.269 11423.672,4480.6689
11423.672,4480.6689 11303.87,4861.0687 11070.416,5204.0881 10763.551,5458.8239
10763.551,5458.8239 10456.686,5713.5597 10080.653,5877.7995 9690.7383,5961.6045
9690.7383,5961.6045 9300.824,6045.4095 8898.8188,6050 8500,6050

# segment 15
3800,200 4103.5668,200 4410.1625,205.23102 4704.9372,277.76141
4704.9372,277.76141 4999.712,350.2918 5281.0161,489.76475 5500,700
5500,700 5695.4832,887.67343 5836.1769,1123.6898 5979.4713,1353.6935
5979.4713,1353.6935 6122.7657,1583.6972 6274.5932,1814.6994 6485.4223,1984.9524
6485.4223,1984.9524 6738.4047,2189.2458 7063.8688,2292.5305 7388.6524,2308.3902
7388.6524,2308.3902 7713.4359,2324.2499 8038.1548,2256.761 8344.5995,2148.0065
8344.5995,2148.0065 8957.4889,1930.4977 9500.6245,1552.3738 10100,1300
10100,1300 10367.341,1187.4332 10646.443,1101.5195 10932.572,1053.8499
10932.572,1053.8499 11218.701,1006.1804 11509.927,1000 11800,1000

# segment 22
3800,750 3536.1408,750 3270.9403,745.33645 3009.8149,783.22037
3009.8149,783.22037 2748.6895,821.1043 2483.6019,910.49536 2300,1100
2300,1100 2175.7892,1228.2042 2096.9811,1395.3836 2053.5538,1568.5272
2053.5538,1568.5272 2010.1264,1741.6708 2000.321,1921.4936 2000,2100
2000,2100 1999.6788,2278.6383 2008.8585,2458.6673 2052.1714,2631.9756
2052.1714,2631.9756 2095.4843,2805.2838 2174.7702,2972.6059 2300,3100
2300,3100 2480.4876,3283.6069 2740.7329,3369.1586 2996.8296,3395.6495
2996.8296,3395.6495 3252.9262,3422.1405 3511.114,3395.9918 3768.4952,3389.4984
3768.4952,3389.4984 4161.6584,3379.5793 4570.6111,3412.9697 4933.3079,3260.8951
4933.3079,3260.8951 5123.3409,3181.2164 5292.2319,3052.0352 5419.6842,2890.118
5419.6842,2890.118 5547.1365,2728.2009 5632.9664,2533.9487 5667.8707,2330.8651
5667.8707,2330.8651 5737.6792,1924.698 5593.4066,1489.4089 5300,1200
5300,1200 5108.8062,1011.4112 4860.8102,885.63705 4600.3499,820.20593
4600.3499,820.20593 4339.8897,754.77481 4068.5531,750 3800,750

# segment 23
3800,750 3536.1351,750 3270.9296,745.32101 3009.7951,783.18199
3009.7951,783.18199 2748.6605,821.04297 2483.5384,910.42581 2300,1100
2300,1100 2175.8468,1228.2361 2097.1503,1395.4476 2053.7664,1568.5844
2053.7664,1568.5844 2010.3825,1741.7212 2000.5471,1921.5113 2000,2100
2000,2100 1999.4522,2278.7144 2008.2201,2458.8559 2051.4089,2632.2741
2051.4089,2632.2741 2094.5978,2805.6923 2174.1113,2973.149 2300,3100
2300,3100 2392.4194,3193.1259 2507.5385,3262.0744 2630.0781,3308.9553
2630.0781,3308.9553 2752.6177,3355.8362 2882.6121,3381.1887 3013.2048,3393.811
3013.2048,3393.811 3274.3901,3419.0557 3537.6643,3394.0792 3800,3400
3800,3400 4652.5589,3419.242 5467.0337,3764.1247 6200,4200
6200,4200 6613.3166,4445.7882 7007.8509,4721.6809 7400,5000
7400,5000 7635.4152,5167.0807 7876.0147,5333.1788 8147.2136,5432.1103
8147.2136,5432.1103 8418.4125,5531.0419 8711.3197,5550 9000,5550

# segment 24
3800,750 3536.1815,750 3271.0162,745.44595 3009.9556,783.49263
3009.9556,783.49263 2748.895,821.53932 2484.052,910.98924 2300,1100
2300,1100 2175.3794,1227.9782 2095.7802,1394.9292 2052.0443,1568.1224
2052.0443,1568.1224 2008.3085,1741.3157 1998.7152,1921.3745 2000,2100
2000,2100 2001.2811,2278.1116 2013.3669,2457.3425 2057.5612,2629.8889
2057.5612,2629.8889 2101.7554,2802.4353 2179.4811,2968.849 2300,3100
2300,3100 2479.7415,3295.5982 2742.6318,3399.166 3006.1443,3432.734
3006.1443,3432.734 3269.6568,3466.302 3536.8112,3436.0179 3800,3400
3800,3400 4768.5943,3267.4461 5732.0359,3055.2715 6634.2476,2678.7619
6634.2476,2678.7619 7079.7377,2492.8507 7508.3105,2267.7505 7956.7818,2089.1507
7956.7818,2089.1507 8405.2531,1910.5509 8880.8902,1778.0062 9363.4794,1789.4984
9363.4794,1789.4984 9821.6651,1800.4095 10277.577,1945.1721 10651.187,2210.6314
10651.187,2210.6314 11024.798,2476.0906 11313.261,2862.5579 11450,3300
11450,3300 11569.809,3683.2798 11571.754,4102.8662 11453.106,4486.5068
11453.106,4486.5068 11334.458,4870.1475 11095.914,5214.2327 10784.33,5467.5568
10784.33,5467.5568 10472.746,5720.8809 10092.43,5881.9598 9699.3074,5963.8882
9699.3074,5963.8882 9306.185,6045.8166 8901.5688,6050 8500,6050

# segment 25
3800,750 3536.1712,750 3270.9969,745.4181 3009.9198,783.42338
3009.9198,783.42338 2748.8428,821.42866 2483.9376,910.86352 2300,1100
2300,1100 2175.4837,1228.0356 2096.0859,1395.0448 2052.4286,1568.2252
2052.4286,1568.2252 2008.7712,1741.4056 1999.1239,1921.4036 2000,2100
2000,2100 2000.8743,2278.2435 2012.2234,2457.6774 2056.1932,2630.4146
2056.1932,2630.4146 2100.1631,2803.1519 2178.2767,2969.7888 2300,3100
2300,3100 2479.6469,3292.1739 2741.3409,3391.0466 3002.434,3423.2055
3002.434,3423.2055 3263.5271,3455.3645 3527.8245,3427.0293 3789.4984,3400
3789.4984,3400 4290.1322,3348.2876 4792.3562,3301.221 5285.4987,3200.6284
5285.4987,3200.6284 6979.3319,2855.1155 8478.9497,1900.5379 10100,1300
10100,1300 10371.719,1199.3383 10648.789,1110.2393 10934.036,1059.2666
10934.036,1059.2666 11219.283,1008.2939 11510.234,1000 11800,1000

# segment 31
9000,5550 9238.3508,5550 9478.292,5547.2705 9712.1459,5501.1892
9712.1459,5501.1892 9945.9998,5455.1079 10172.667,5365.4172 10366.341,5226.4863
10366.341,5226.4863 10560.014,5087.5553 10718.817,4900.8005 10826.254,4688.0369
10826.254,4688.0369 10933.691,4475.2734 10990.119,4238.1459 11000,4000
11000,4000 11012.383,3701.5639 10951.692,3398.9094 10814.602,3133.5345
10814.602,3133.5345 10677.512,2868.1596 10463.072,2641.4591 10200,2500
10200,2500 9965.339,2373.8181 9696.8381,2316.9793 9430.4065,2315.6082
9430.4065,2315.6082 9163.975,2314.2371 8899.1865,2366.8673 8645.8306,2449.3201
8645.8306,2449.3201 8139.1188,2614.2256 7679.6944,2895.2551 7199.6094,3126.4889
7199.6094,3126.4889 6029.4311,3690.1075 4723.5028,3958.0969 3424.7498,3943.1333
3424.7498,3943.1333 3158.7856,3940.069 2891.072,3925.1049 2632.7926,3861.5591
2632.7926,3861.5591 2374.5131,3798.0134 2124.4732,3683.3309 1930.8763,3500.9397
1930.8763,3500.9397 1748.4901,3329.1103 1622.5179,3102.764 1548.6726,2863.3126
1548.6726,2863.3126 1474.8274,2623.8613 1451.217,2371.1718 1454.1525,2120.6096
1454.1525,2120.6096 1456.8858,1887.3092 1482.534,1653.1523 1547.6437,1429.1048
1547.6437,1429.1048 1612.7534,1205.0573 1718.28,990.98638 1870.0635,813.79067
1870.0635,813.79067 2097.2941,548.51614 2420.6066,377.14958 2759.041,290.74067
2759.041,290.74067 3097.4754,204.33176 3450.7088,200 3800,200

# segment 32
9000,5550 9238.4847,5550 9478.5509,5547.297 9712.5682,5501.3524
9712.5682,5501.3524 9946.5854,5455.4078 10173.483,5365.9534 10367.428,5227.1724
10367.428,5227.1724 10561.374,5088.3914 10720.492,4901.6646 10827.903,4688.7377
10827.903,4688.7377 10935.314,4475.8109 10991.344,4238.3276 11000,4000
11000,4000 11010.818,3702.1529 10947.743,3400.7742 10810.186,3136.373
10810.186,3136.373 10672.629,2871.9718 10459.971,2645.7573 10200,2500
10200,2500 9963.8311,2367.5876 9694.1109,2303.0974 9424.2096,2281.6022
9424.2096,2281.6022 9154.3083,2260.107 8882.8533,2280.1422 8613.5318,2307.9752
8613.5318,2307.9752 8074.8887,2363.6411 7520.5233,2449.3005 7000,2300
7000,2300 6673.5722,2206.3715 6379.2581,2024.5323 6106.5509,1822.1657
6106.5509,1822.1657 5833.8437,1619.7992 5578.0832,1394.9132 5300,1200
5300,1200 5081.8159,1047.0711 4846.519,914.51695 4591.1951,838.35114
4591.1951,838.35114 4335.8711,762.18533 4066.4424,750 3800,750

# segment 33
9000,5550 9238.8246,5550 9479.2082,5547.3636 9713.6388,5501.7621
9713.6388,5501.7621 9948.0694,5456.1606 10175.547,5367.2989 10370.177,5228.8931
10370.177,5228.8931 10564.808,5090.4873 10724.718,4903.8275 10832.062,4690.4863
10832.062,4690.4863 10939.406,4477.1451 10994.43,4238.7597 11000,4000
11000,4000 11006.915,3703.5882 10937.904,3405.3963 10799.149,3143.3755
10799.149,3143.3755 10660.395,2881.3546 10451.974,2656.2589 10200,2500
10200,2500 9868.8719,2294.6546 9468.5696,2211.8847 9079.9671,2240.1805
9079.9671,2240.1805 8691.3645,2268.4763 8314.5897,2404.2104 7980.8763,2605.3271
7980.8763,2605.3271 7576.1619,2849.2334 7220.7445,3206.484 7074.4508,3655.797
7074.4508,3655.797 6990.7038,3913.0099 6979.4464,4194.3007 7048.724,4455.7823
7048.724,4455.7823 7118.0017,4717.2639 7268.0719,4956.2228 7471.5333,5134.4795
7471.5333,5134.4795 7674.9948,5312.7362 7928.7132,5428.5648 8192.6862,5487.6436
8192.6862,5487.6436 8456.6591,5546.7223 8729.4967,5550 9000,5550

# segment 35
9000,5550 9277.4013,5550 9556.8874,5547.2744 9828.543,5491.1079
9828.543,5491.1079 10100.199,5434.9413 10363.309,5324.2295 10578.197,5148.8023
10578.197,5148.8023 10793.085,4973.3751 10956.657,4733.9289 11033.2,4467.2968
11033.2,4467.2968 11109.743,4200.6646 11098.311,3909.3964 11000,3650
11000,3650 10919.803,3438.396 10785.562,3251.6917 10641.663,3077.0465
10641.663,3077.0465 10497.764,2902.4014 10342.459,2736.7057 10211.225,2552.3546
10211.225,2552.3546 10079.99,2368.0035 9972.2093,2161.3452 9938.2372,1937.6182
9938.2372,1937.6182 9921.2511,1825.7548 9923.1534,1710.5387 9949.2034,1600.4325
9949.2034,1600.4325 9975.2534,1490.3264 10025.846,1385.4586 10100,1300
10100,1300 10197.168,1188.0184 10331.41,1112.6414 10472.548,1067.2357
10472.548,1067.2357 10613.685,1021.8299 10762.418,1004.419 10910.524,997.62738
10910.524,997.62738 11206.736,984.04404 11503.477,1000 11800,1000

# segment 41
8500,6050 8223.5177,6050 7942.7549,6040.9558 7679.7391,5955.7198
7679.7391,5955.7198 7416.7234,5870.4837 7176.8191,5712.55 7000,5500
7000,5500 6836.6046,5303.5864 6728.7406,5068.1952 6616.6167,4838.6204
6616.6167,4838.6204 6504.4929,4609.0456 6383.1706,4378.1149 6200,4200
6200,4200 5946.7577,3953.7475 5593.9708,3829.9109 5242.5128,3794.5668
5242.5128,3794.5668 4891.0548,3759.2226 4536.8748,3805.2315 4187.6568,3858.3236
4187.6568,3858.3236 3838.4389,3911.4156 3487.9649,3971.8574 3134.792,3965.4658
3134.792,3965.4658 2781.6191,3959.0742 2420.5083,3880.9929 2130.4064,3679.4667
2130.4064,3679.4667 1898.7026,3518.5082 1722.1529,3284.492 1610.9197,3025.221
1610.9197,3025.221 1499.6865,2765.95 1451.8573,2482.1185 1450,2200
1450,2200 1448.064,1905.9239 1496.4015,1609.7964 1609.4985,1338.3308
1609.4985,1338.3308 1722.5955,1066.8652 1901.5394,822.33377 2130.2928,637.51923
2130.2928,637.51923 2359.0461,452.70468 2634.9688,330.22958 2922.2028,267.13331
2922.2028,267.13331 3209.4368,204.03703 3505.9175,200 3800,200

# segment 42
8500,6050 8224.5399,6050 7944.7147,6038.0434 7684.1058,5948.8174
7684.1058,5948.8174 7423.4969,5859.5914 7189.3398,5700.0717 7000,5500
7000,5500 6739.147,5224.3617 6560.1733,4879.6102 6435.1725,4521.2869
6435.1725,4521.2869 6310.1718,4162.9636 6236.4952,3789.1326 6163.8754,3416.6448
6163.8754,3416.6448 6091.2557,3044.1571 6018.9359,2670.1567 5896.4895,2310.9526
5896.4895,2310.9526 5774.0432,1951.7484 5598.9079,1605.3438 5342.0063,1326.019
5342.0063,1326.019 5149.6514,1116.8747 4909.5711,949.68739 4641.2648,856.12731
4641.2648,856.12731 4372.9585,762.56723 4084.1509,750 3800,750

# segment 44
8500,6050 8224.4085,6050 7944.4623,6038.4366 7683.5304,5949.7507
7683.5304,5949.7507 7422.5985,5861.0648 7187.6957,5701.7944 7000,5500
7000,5500 6667.9988,5143.0606 6480.3533,4659.0575 6468.8391,4171.7199
6468.8391,4171.7199 6457.3249,3684.3822 6618.8883,3197.2122 6906.2684,2803.4569
6906.2684,2803.4569 7193.6485,2409.7017 7603.5196,2109.5944 8060.1356,1938.9122
8060.1356,1938.9122 8516.7515,1768.2301 9018.25,1725.5184 9500,1800
9500,1800 9926.0273,1865.8665 10340.522,2024.0792 10687.363,2280.0849
10687.363,2280.0849 11034.204,2536.0907 11310.985,2891.9407 11450,3300
11450,3300 11579.96,3681.4775 11586.216,4103.8957 11468.191,4489.2327
11468.191,4489.2327 11350.166,4874.5697 11109.041,5219.2566 10795.057,5471.9
10795.057,5471.9 10481.073,5724.5433 10098.563,5884.0421 9703.7779,5965.0321
9703.7779,5965.0321 9308.9929,6046.022 8903.0069,6050 8500,6050

# segment 45
8500,6050 8223.7808,6050 7943.2585,6040.2364 7680.8404,5954.017
7680.8404,5954.017 7418.4223,5867.7976 7179.9852,5709.5289 7000,5500
7000,5500 6831.0913,5303.3657 6712.9589,5064.6714 6651.2206,4812.9105
6651.2206,4812.9105 6589.4822,4561.1496 6583.5858,4296.6843 6626.0614,4040.9676
6626.0614,4040.9676 6711.0125,3529.5342 6987.6815,3061.7552 7353.1609,2694.052
7353.1609,2694.052 8084.1197,1958.6458 9116.5746,1628.6298 10100,1300
10100,1300 10374.644,1208.2225 10650.442,1116.6835 10935.047,1063.2692
10935.047,1063.2692 11219.651,1009.8549 11510.427,1000 11800,1000

