# segment 32
9000,5400 9227.3548,5400 9455.9019,5397.9428 9679.9292,5359.1881
9679.9292,5359.1881 9903.9566,5320.4333 10122.916,5244.7386 10315.425,5123.7822
10315.425,5123.7822 10507.934,5002.8257 10672.534,4837.3223 10790.409,4642.9115
10790.409,4642.9115 10908.285,4448.5006 10979.294,4226.4099 11000,4000
11000,4000 11027.339,3701.0642 10966.604,3394.37 10825.856,3129.2288
10825.856,3129.2288 10685.107,2864.0877 10464.671,2641.6303 10200,2500
10200,2500 9961.4997,2372.3743 9691.7599,2311.0077 9422.0092,2290.8759
9422.0092,2290.8759 9152.2585,2270.7441 8881.1621,2290.521 8611.9899,2317.2987
8611.9899,2317.2987 8073.6455,2370.8541 7519.4577,2451.1509 7000,2300
7000,2300 6673.9869,2205.1372 6379.9362,2023.2829 6107.1186,1821.159
6107.1186,1821.159 5834.3011,1619.035 5578.1741,1394.6861 5300,1200
5300,1200 5081.7147,1047.2284 4846.4626,914.63884 4591.1599,838.42767
4591.1599,838.42767 4335.8571,762.21649 4066.4351,750 3800,750

# segment 23
3800,750 3536.137,750 3270.9331,745.32607 3009.8016,783.19457
3009.8016,783.19457 2748.67,821.06308 2483.5592,910.44861 2300,1100
2300,1100 2175.8279,1228.2256 2097.0948,1395.4266 2053.6967,1568.5656
2053.6967,1568.5656 2010.2985,1741.7046 2000.473,1921.5055 2000,2100
2000,2100 1999.5265,2278.6894 2008.4295,2458.7941 2051.659,2632.1761
2051.659,2632.1761 2094.8885,2805.5582 2174.3272,2972.9706 2300,3100
2300,3100 2484.6251,3286.618 2751.636,3369.7913 3012.899,3395.3714
3012.899,3395.3714 3274.1621,3420.9515 3537.5218,3395.767 3800,3400
3800,3400 4654.0165,3413.7728 5479.7697,3740.868 6200,4200
6200,4200 6605.4812,4458.4859 6983.6629,4759.3895 7400,5000
7400,5000 7641.5555,5139.6003 7897.9355,5256.7353 8168.8697,5323.3087
8168.8697,5323.3087 8439.8038,5389.8821 8721.0066,5400 9000,5400


