# segment 13
12.427508,1.6577057 932.08639,2.5726497 1851.6472,86.16907 2756.3947,251.10922
2756.3947,251.10922 3683.3235,420.09314 4598.9132,676.05045 5450.4716,1079.2884
5450.4716,1079.2884 5754.4854,1223.2479 6051.1088,1386.5767 6316.6675,1593.0406
6316.6675,1593.0406 6582.2261,1799.5044 6816.7388,2050.8201 6977.1153,2346.5025
6977.1153,2346.5025 7117.2198,2604.8098 7199.1027,2898.0499 7187.8486,3191.6912
7187.8486,3191.6912 7176.5945,3485.3326 7068.2783,3778.4478 6867.3566,3992.8828
6867.3566,3992.8828 6638.9236,4236.6794 6310.8458,4363.6325 5983.5059,4430.4681
5983.5059,4430.4681 5656.1659,4497.3037 5320.1455,4511.6266 4991.4809,4571.6103
4991.4809,4571.6103 4198.8305,4716.2749 3458.7777,5134.5657 2926.022,5739.0439
