x y phi
0 0 0
4123.42 3910.16 178.876
4123.55 3910.09 178.875
4123.51 3910.11 178.876
4123.53 3910.12 178.871
4123.55 3910.09 178.87
4123.56 3910.07 178.87
4123.57 3910.05 178.87
4123.57 3910.04 178.87
4123.57 3910.03 178.87
4123.58 3910.02 178.87
4123.52 3910.03 178.875
4123.53 3910.02 178.87
4123.61 3910.05 178.869
4123.55 3910.06 178.875
4123.55 3910.05 178.87
4123.68 3910.03 178.864
4123.78 3910.02 178.864
4123.86 3910 178.864
4123.81 3909.99 178.87
4123.77 3909.98 178.87
4123.66 3910.01 178.875
4123.61 3910.02 178.875
4123.64 3910.02 178.864
4123.68 3910 178.87
4123.61 3909.99 178.87
4123.57 3909.98 178.87
4123.65 3909.97 178.87
4123.62 3909.96 178.87
4123.6 3909.96 178.87
4123.65 3909.97 178.864
4123.83 3909.96 178.864
4123.85 3909.97 178.868
4123.88 3909.96 178.868
4123.72 3909.98 178.875
4123.9 3909.96 178.864
4123.65 3909.98 178.875
4123.52 3910 178.87
4123.51 3909.99 178.87
4123.74 3909.97 178.864
4123.6 3909.98 178.875
4123.56 3909.98 178.87
4123.55 3909.97 178.87
4123.55 3909.97 178.87
4123.63 3909.97 178.864
4123.69 3909.98 178.864
4123.73 3909.97 178.87
4123.81 3909.96 178.864
4123.82 3909.96 178.868
4123.97 3909.94 178.864
4123.97 3909.93 178.864
4123.97 3909.93 178.864
4123.97 3909.93 178.864
