x y phi
0 0 0
6373.39 4330.51 237.444
6373.28 4330.42 237.447
6373.38 4330.36 237.452
6373.69 4330.5 237.484
6373.9 4330.53 237.489
6373.96 4330.54 237.489
6374.01 4330.57 237.484
6374.03 4330.58 237.484
6374.07 4330.58 237.484
6374.08 4330.57 237.484
6374.08 4330.56 237.484
6374.08 4330.54 237.484
6374.08 4330.53 237.484
6374.08 4330.52 237.484
6374.09 4330.52 237.484
6374.09 4330.51 237.484
6374.08 4330.47 237.483
6374.06 4330.43 237.478
6374.05 4330.4 237.478
6374.05 4330.36 237.478
6374.05 4330.35 237.478
6374.05 4330.34 237.478
6374.08 4330.37 237.478
6374.04 4330.29 237.478
6374.05 4330.3 237.478
6374.06 4330.31 237.478
6374.06 4330.32 237.478
6374.07 4330.32 237.478
6374.08 4330.33 237.478
6374.09 4330.33 237.478
6374.09 4330.34 237.478
6374.09 4330.34 237.478
6374.1 4330.34 237.478
6374.1 4330.34 237.478
6374.1 4330.33 237.478
6374.1 4330.33 237.478
6374.11 4330.33 237.478
6374.11 4330.33 237.478
6374.11 4330.33 237.478
6374.11 4330.33 237.478
6374.11 4330.33 237.478
6373.86 4329.89 237.485
6371.48 4326.49 237.516
6366.74 4319.08 237.563
6360.89 4309.09 237.583
6354.63 4298.25 237.596
6348.22 4287.38 237.622
6342.83 4277.88 237.612
6337.72 4268.61 237.613
6331.74 4258.01 237.627
6325.18 4246.61 237.645
6315.77 4229.95 237.651
6311.59 4222.69 237.685
6307.84 4216.28 237.681
6303.26 4208.32 237.661
6298.2 4199.76 237.691
6289.15 4184.51 237.689
6282.4 4173.66 237.683
6275.36 4163.67 237.701
6270.37 4156.56 237.701
6265.99 4150.41 237.664
6261.13 4143.28 237.633
6257.92 4131.32 237.274
6255.49 4124.54 237.214
6253.25 4118.23 237.146
6250.23 4110.81 236.997
6246.53 4102.1 236.849
6242.15 4091.78 236.687
6237.21 4080.02 236.52
6231.88 4067.82 236.377
6222.06 4048.44 236.051
6217.22 4040.91 235.851
6213.26 4035.26 235.702
6203.67 4024.46 235.347
6198.05 4018.22 235.073
6191.37 4010.54 234.659
6183.64 4002.1 234.018
6175.28 3993.81 233.371
6161.17 3982.28 232.616
6152.67 3975.79 231.812
6146.54 3970.2 230.971
6136.13 3962.53 230.281
6132.08 3960.14 230.026
6126.96 3956.74 229.452
6119.84 3951.67 228.826
6103.01 3940.66 227.88
6093.78 3935.16 227.307
6084.45 3929.71 226.689
6075.18 3924.37 226.13
6066.32 3919.69 225.591
6057.02 3914.81 225.023
6040.16 3907.44 224.347
6024.44 3901.18 223.679
6016.04 3897.8 223.138
6002.04 3893.56 222.614
5994.06 3890.92 222.052
5984.19 3887.12 221.415
5967.19 3881.82 220.831
5958.53 3879.16 220.271
5948.98 3875.88 219.668
5938.42 3871.55 219.005
5919.58 3863.93 218.354
5898.27 3856.61 217.819
5888.44 3853.84 217.354
5881.25 3853.77 216.654
5871.74 3852.5 216.267
5854.72 3848.84 215.973
5837.34 3845.33 215.323
5820.98 3842.14 214.729
5794.03 3838.22 213.89
5775.11 3837.52 213.243
5759.67 3837.78 212.609
5744.07 3837.38 211.721
5735.95 3836.95 211.42
5718.51 3836.12 210.558
5703.38 3836.56 209.952
5696.05 3836.85 209.629
5692.32 3838.74 208.735
5686.39 3839.44 208.132
5669.97 3838.38 207.304
5653.95 3837.53 206.701
5653.95 3837.53 206.701
5634.09 3836.17 205.465
5621.39 3834.1 204.855
5599.59 3831.7 204.284
5599.59 3831.7 204.284
5577.01 3829.37 203.281
5557.38 3828.45 202.858
5549.22 3828.45 202.698
5532.48 3827.8 202.578
5525.59 3827.79 202.614
5509.74 3826.55 202.969
5499.16 3825.58 203.308
5493.95 3824.24 203.732
5487.33 3821.93 204.204
5480.21 3818.91 204.68
5473.03 3815.46 205.116
5473.03 3815.46 205.116
5456.47 3805.38 205.87
5449.23 3800.28 205.988
5434.98 3790.6 206.137
5429.96 3787.26 206.127
5418.94 3782.05 205.847
5409.48 3778.92 205.387
5403.05 3777.16 204.746
5395.12 3775.31 204.029
5384.82 3773.08 203.292
5366.01 3770.54 202.508
5355.14 3769.56 201.734
5342.39 3768.13 200.999
5331.26 3766.96 200.301
5313.89 3766.3 199.68
5300.86 3766.98 198.978
5292.71 3767.22 198.367
5282.64 3767.13 197.87
5272.18 3766.91 197.417
5272.18 3766.91 197.417
5250.83 3766.35 196.344
5231.94 3766.11 195.84
5224.27 3766.4 195.622
5224.27 3766.4 195.622
5216.12 3766.56 195.236
5191.8 3765.97 193.847
5182.31 3766.04 193.583
5164.11 3767.02 192.93
5149.94 3768.77 192.486
5137.16 3771.08 191.985
5124.57 3773.48 191.501
5112.49 3775.75 191.034
5101.3 3777.39 190.559
5091.59 3778.84 190.082
5081.02 3779.84 189.592
5069.19 3780.25 189.125
5060.09 3779.8 188.648
5049.48 3779.12 188.193
5032.72 3778.99 187.798
5022.03 3780.2 187.472
5013.8 3782.11 187.107
5007.92 3783.27 186.648
4997.53 3785.61 186.242
4987.57 3788.02 185.998
4983.24 3789.17 185.875
4970.48 3790.92 185.603
4963.89 3791.81 185.535
4955.67 3792.72 185.379
4938.72 3794.8 185.21
4926.17 3796.92 185.078
4918.33 3797.49 184.927
4909.86 3798.05 184.783
4901.44 3798.95 184.664
4891.95 3800 184.565
4880.76 3801.26 184.446
4868.37 3802.8 184.32
4856.02 3804.46 184.232
4844.32 3805.97 184.143
4833.45 3807.29 183.983
4812.45 3809.94 183.748
4808.01 3810.48 183.658
4793.61 3812.43 183.578
4786.98 3813.7 183.471
4779.21 3814.99 183.252
4770.05 3816.21 183.019
4751.94 3818.52 182.749
4739.62 3820.41 182.641
4734.59 3821.31 182.604
4728 3822.27 182.525
4719.85 3823.15 182.485
4714.13 3824.88 182.256
4702.59 3827.9 182.226
4696.53 3829.11 182.233
4681.16 3831.19 182.183
4668.16 3833.11 182.154
4661.67 3833.8 182.165
4653.75 3833.84 182.117
4633.01 3832.93 182.114
4615.26 3831.5 182.081
4601.99 3830.6 182.053
4597.45 3830.5 182.033
4587.42 3830.66 181.967
4578.96 3830.77 181.911
4569.98 3830.79 181.856
4559.01 3829.69 181.765
4553.15 3829.43 181.702
4541.53 3828.82 181.641
4529.15 3828.12 181.576
4520.82 3827.81 181.509
4520.82 3827.81 181.509
4512.69 3827.5 181.474
4490.16 3827.22 181.374
4474.18 3827.28 181.35
4466.38 3827.45 181.315
4457.58 3828.07 181.291
4442.77 3829.34 181.25
4442.77 3829.34 181.25
4422.49 3831.49 181.202
4396.14 3832.49 181.184
4374.08 3833.47 181.19
4332.82 3835.71 181.096
4312.76 3836.6 181.092
4292.93 3837.19 181.045
4272.71 3837.67 181.058
4253.69 3838.44 180.874
4220.63 3840.41 180.864
4205.76 3841.23 180.864
4187.35 3840.8 180.849
4152.73 3840.02 180.777
4129.5 3841.14 180.759
4111.81 3842.54 180.732
4095.46 3843.4 180.7
4075.39 3843.52 180.661
4054.78 3843.59 180.652
4045.45 3843.32 180.584
4020.17 3842.64 180.549
4008.31 3842.5 180.551
3992.82 3842.41 180.514
3972.96 3842.89 180.509
3952.16 3843.39 180.456
3912.38 3844.2 180.4
3884.36 3845.61 180.372
3869.56 3846.91 180.298
3853.84 3847.77 180.239
3836.97 3848.8 180.162
3808.68 3851.01 180.155
3788.74 3852.24 180.127
3758.78 3851.67 180.096
3726.61 3851.55 180.043
3694.64 3851.97 179.958
3645.27 3852.48 180.029
3609.02 3853.28 179.954
3586.62 3853.65 179.917
3563.17 3853.83 179.804
3525.51 3854.42 179.714
3510.08 3855.13 179.692
3472.93 3856.05 179.624
3451.2 3856.23 179.543
3412.75 3856.93 179.515
3395.6 3857.34 179.499
3352.02 3859.18 179.457
3323.49 3860 179.405
3273.24 3860.55 179.375
3249.35 3861.74 179.277
3223.05 3862.3 179.325
3192.53 3862.61 179.493
3159.62 3862.62 179.614
3127.44 3862.72 179.722
3095.47 3862.77 179.894
3061.81 3863.38 180.082
3027.44 3863.01 180.276
2993.9 3862.32 180.459
2960.19 3861.39 180.669
2926.37 3859.86 180.988
2892.49 3858.24 181.414
2864.86 3856.71 181.618
2834.51 3854.37 182.035
2834.51 3854.37 182.035
2805.21 3850.16 182.413
2769.41 3845.64 183.184
2734.14 3840.84 183.619
2674.72 3829.88 184.221
2655.04 3824.99 184.417
2633.47 3820.8 184.794
2609.52 3816.61 185.213
2584.03 3811.24 185.63
2557.42 3805.77 186.045
2529.79 3800.38 186.437
2501.17 3795.05 186.844
2472.53 3789.94 187.239
2414.51 3777.87 188.077
2388.57 3771.19 188.303
2359.8 3763.79 188.669
2338.33 3757.01 189.285
2316.99 3749.6 189.962
2316.99 3749.6 189.962
2299.35 3744.08 190.629
2251.94 3729.84 192.016
2211.12 3714.2 192.894
2175.48 3698.98 193.816
2143.08 3683.94 194.679
2113.61 3669.57 195.526
2086.9 3654.85 196.404
2069.81 3644.79 197.445
2038.5 3625.29 198.806
2009.21 3605.07 200.009
1982.26 3583.7 201.131
1959.95 3566.04 202.238
1944.51 3555.13 203.351
1923.8 3541.08 204.727
1900.15 3523.82 206.22
1880.04 3507.12 206.942
1858.73 3489.04 208.308
1836.9 3468.5 209.565
1811.95 3445.98 211.087
1786.08 3422.14 212.542
1748.63 3377.44 214.387
1735.61 3357.53 215.129
1723.02 3336.09 216.479
1700.5 3293.08 218.486
1684.49 3256.58 219.769
1676.23 3238.8 220.421
1664.68 3218.73 221.705
1652.7 3197.54 222.827
1625.78 3151.51 224.647
1611.94 3126.49 225.872
1591.7 3081.98 227.129
1591.7 3081.98 227.129
1584.16 3062.68 227.719
1570.98 3032.96 230.115
1549.9 2973 232.034
1539.23 2946.3 232.966
1520.86 2895.44 235.064
1514.3 2874.7 235.794
1498.48 2829.81 238.011
1491.31 2805.61 239.371
1482.56 2776.63 240.728
1474.46 2749.49 241.865
1465.46 2721.63 242.85
1455.86 2691.74 243.825
1446.45 2659.77 244.883
1438.03 2626.31 245.884
1430.1 2566.67 247.479
1433.3 2541.35 246.975
1439.73 2528.14 247.95
1444.19 2512.18 248.546
1444.41 2489.17 249.33
1444.43 2468.44 249.73
1441.88 2438.98 250.364
1438.5 2410.14 250.747
1435.85 2391.49 251.158
1431.51 2354.82 251.57
1427.14 2335.04 251.942
1421.96 2312.54 252.398
1415.65 2285.71 252.853
1406.59 2238.94 253.444
1401.32 2202.3 253.977
1398.42 2174.42 254.567
1396.32 2155.4 255.171
1393.32 2131.84 255.802
1390.83 2110.01 256.111
1385.21 2057.82 257.021
1382.73 2009.54 257.779
1381.75 1987.24 258.194
1378.26 1927.78 259.403
1378.5 1898.99 259.89
1379.08 1874.44 260.221
1376.97 1830.97 261.767
1376.14 1754.59 262.861
1377.11 1688.35 263.931
1377.51 1654.86 264.535
1384.74 1555.04 266.523
1387.9 1530.64 266.978
1395.41 1483.41 267.973
1399.76 1460.52 268.51
1410.23 1397.27 270.632
1424.61 1343.96 272.145
1444.87 1270.58 274.554
1453.72 1248.98 275.471
1463.36 1226.5 276.438
1475.79 1194.44 278.391
1490.89 1156.92 280.269
1528.11 1051.76 283.54
1575.28 957.335 286.476
1596.62 921.733 287.535
1619.8 885.569 289.708
1646.8 850.375 291.895
1705.12 798.891 295.034
1757.64 758.475 297.5
1804.37 727.7 299.822
1847.79 705.094 302.127
1847.79 705.094 302.127
1876.02 685.533 304.257
1908.53 660.696 306.388
1945.07 635.216 308.32
2031.21 573.129 311.637
2108.92 526.133 313.217
2171.92 492.913 314.753
2207.22 472.989 316.08
2250.33 448.618 317.536
2250.33 448.618 317.536
2295.25 425.647 318.791
2344.8 401.898 320.097
2442.62 358.308 323.038
2495.32 338.247 324.644
2580.45 315.469 326.445
2641.84 304.656 328.317
2693.06 296.705 330.237
2735.42 291.792 332.128
2771.93 283.066 334.453
2845.83 268.923 336.41
2887.6 258.692 338.084
2927.7 252.442 339.408
3012.48 239.738 341.076
3055.13 235.383 342.296
3055.13 235.383 342.296
3149.9 226.429 344.662
3190.15 224.888 345.125
3228.17 223.296 345.744
3282.78 218.044 346.925
3328.54 216.649 347.251
3375.33 214.681 348.021
3421.1 214.479 348.982
3467.48 214.162 350.016
3546.33 217.538 351.582
3605.07 221.792 352.544
3655.63 227.299 353.531
3687.94 229.096 354.261
3745.41 234.024 354.995
3796.35 240.094 355.829
3849.41 246.926 356.486
3872.88 249.656 356.742
3905.86 251.781 357.436
3984.41 257.264 358.607
4048.54 263.637 359.286
4087.51 268.229 359.957
4130.17 272.632 0.717598
4203.91 284.526 1.58065
4231.24 289.637 1.84806
4266.39 295.184 2.64658
4343.62 306.594 3.69813
4372.48 310.937 3.78133
4442.04 323.15 4.47316
4500.99 334.552 4.85739
4551.53 344.335 5.28627
4602.41 355.699 6.00648
4649.97 368.974 6.65991
4692.4 382.512 7.17893
4739.43 394.129 7.75591
4794.15 407.256 8.7402
4839.09 422.72 9.69648
4889.45 436.445 10.675
4925.76 452.756 11.8037
4959.65 462.894 13.4155
4992.35 478.969 14.7018
5030.85 496.332 16.0771
5099.75 526.268 17.4754
5122.61 540.402 17.9111
5149.45 557.684 18.8147
5228.09 594.38 20.2278
5261.95 610.159 20.7672
5330.55 647.617 21.4608
5363.76 668.119 21.9108
5420.52 707.894 22.3192
5466.04 738.278 22.765
5492.67 755.646 23.3584
5516.39 771.382 23.7525
5569.87 805.433 25.0987
5599.2 824.991 26.271
5626.45 843.533 26.9462
5698.75 894.233 29.8614
5727.79 918.679 30.5138
5760.28 947.508 31.9022
5789.95 978.08 33.3211
5821.14 1011.73 34.7452
5852.68 1048.21 36.2678
5882.95 1088.65 37.7967
5953.89 1188.7 40.1728
5972.59 1216.3 40.9503
5994.91 1247.16 42.6755
6013.6 1279.25 44.0579
6054.15 1351.26 46.1873
6070.04 1381.75 46.8954
6083.86 1409.8 47.6297
6100.96 1444.09 49.1172
6141.11 1527.91 52.1306
6171.41 1601.18 53.6662
6189.12 1639.7 55.1884
6219.53 1704.75 56.9093
6230 1731.37 57.7043
6243.31 1784.79 59.7474
6259.57 1835.31 61.0281
6263.67 1854.58 61.7766
6279.85 1909.07 63.9201
6279.85 1909.07 63.9201
6296.17 1974.93 66.7105
6301.69 2005.86 67.5039
6310.07 2044.38 68.9905
6318.48 2088.48 70.6043
6326.31 2135.99 72.2219
6333.13 2190.29 73.769
6337.21 2242.94 75.2756
6342.69 2301.29 76.8467
6348.5 2363.94 78.3831
6346.46 2472.6 80.7161
6346.46 2472.6 80.7161
6330.32 2567.15 83.8377
6322.09 2614.54 85.5897
6317.31 2670.71 86.9083
6302.73 2751.19 88.4252
6294.84 2778.6 89.1878
6285.63 2816.56 90.7897
6274.27 2855.04 92.3899
6261.43 2895.53 93.8968
6247.25 2942.07 95.4173
6231.95 2989.59 96.8943
6214.3 3038.7 98.4537
6195.32 3089.26 100.017
6175.38 3136.85 101.511
6155.92 3183.59 103.052
6133.77 3229.73 104.59
6109.8 3274.98 106.113
6084.08 3320.85 107.653
6055.35 3365.87 109.173
6023.87 3409.56 110.65
5958.96 3488.13 112.829
5931.46 3517.64 113.516
5900.61 3549.76 114.984
5872.2 3581.48 116.435
5841.52 3614.77 117.899
5806.79 3651.45 119.425
5736.85 3717.12 121.761
5700.36 3747.89 123.267
5636 3794.55 124.797
5604.81 3819.66 126.349
5549.75 3855.84 127.932
5523.56 3871.08 128.727
5469.55 3908.01 130.984
5443.81 3922.72 131.747
5386.75 3957.72 134.021
5355.31 3977.45 135.526
5319.02 4000.41 137.052
5279.6 4023.5 138.618
5237.79 4047.74 140.156
5201.4 4067.63 140.937
5159.8 4088.31 142.499
5117.99 4108.49 144.042
5072.82 4130.19 145.594
4985.46 4161.86 147.982
4949.75 4171.68 148.738
4910.67 4181.65 150.278
4869.64 4190.83 151.816
4827.29 4201.08 153.371
4743.33 4220.72 155.697
4677.73 4228.79 157.273
4637.26 4230.49 158.524
4586.39 4235.86 160.862
4561.8 4237.98 161.621
4486.53 4240.05 163.971
4460.23 4240.44 164.749
4380.25 4240.08 167.07
4354.66 4239.78 167.807
4320.16 4241.08 169.27
4242.18 4243.46 171.706
4167.11 4242.29 173.269
4102.9 4235.78 174.847
4075.76 4230.3 175.607
4015.59 4218.63 177.917
4015.59 4218.63 177.917
3974.32 4212.67 179.443
3884.65 4192.75 182.54
3847.47 4180.56 183.16
3804.27 4166.64 184.675
3761.84 4151.74 186.095
3716.44 4134.88 187.603
3666.97 4117.87 189.192
3618.14 4099.59 190.736
3571.22 4079.23 192.249
3534.47 4059.06 193.016
3534.47 4059.06 193.016
3436.58 4006.27 197.409
3390.2 3976.03 198.263
3342.75 3946.78 199.958
3294.42 3915.21 201.558
3246.46 3882.85 203.166
3201.68 3848.2 204.689
3158.55 3811.69 206.207
3117.08 3773.64 207.755
3073.75 3735.45 209.355
3034.05 3696.45 210.929
2996.08 3656.3 212.506
2959 3619.09 214.044
2892.88 3542.17 216.49
2871.09 3510.65 217.745
2848.39 3476.54 219.289
2831.57 3447.09 220.031
2795.88 3385.94 222.372
2772.41 3336.54 223.976
2756.68 3306.57 225.585
2742.4 3279.09 226.423
2724.85 3249.36 227.896
2707.51 3214.97 229.455
2670.92 3138.58 231.9
2647.75 3073.69 233.096
2642.59 3045.49 233.883
2633.78 3008.81 235.462
2622.59 2973.24 236.663
2608.03 2932.71 238.226
2591.83 2886.65 239.749
2572.29 2839.24 241.585
2540.2 2742.19 243.885
2525.93 2692.06 245.475
2514.7 2640.6 247.073
2505.54 2588.96 248.635
2496.81 2537.69 250.162
2490.52 2489.6 251.72
2489.29 2414.85 253.408
2493.95 2360.19 254.887
2494.05 2328.12 256.419
2499.2 2281.04 257.316
2506.53 2245.97 258.859
2511.99 2203.5 260.442
2517.26 2151.09 262.021
2524.4 2103.5 263.517
2528.02 2068.07 265.038
2532.36 2034.39 265.825
2537.68 1987.71 267.332
2544.89 1891.29 269.739
2552.38 1851.99 270.463
2561.99 1807.55 271.998
2585.08 1718 274.429
2609.18 1650.97 275.927
2632.54 1598.11 277.447
2646.61 1567.16 279.01
2663.82 1528.53 280.626
2682.16 1494.78 281.436
2699.58 1461.71 282.872
2718.68 1423.72 284.403
2739.27 1376.94 285.972
2762.47 1329.61 287.539
2813.39 1248.35 289.696
2841.22 1208.3 291.208
2866.88 1174.1 291.996
2924.66 1089.12 294.902
2953.86 1049.92 296.39
2983.74 1010.65 297.889
3011.8 978.1 298.773
3071.1 916.089 301.057
3114.76 876.801 302.463
3151.95 844.809 303.872
3178.01 822.373 305.395
3208.15 795.865 306.881
3242.89 768.347 308.398
3278.57 740.016 309.896
3314.23 714.219 311.429
3354.14 687.407 312.983
3397.55 660.226 314.568
3443.32 630.889 316.096
3489.66 606.81 317.623
3529.76 588.475 318.373
3606.85 557.094 320.436
3665.41 540.915 322.005
3737.62 526.71 324.198
3759.21 521.424 324.943
3781.81 516.258 325.72
3872.25 487.079 328.891
3928.75 471.634 330.463
3984.7 456.804 331.994
4036.25 443.389 333.587
4084.85 431.568 335.161
4111.32 427.03 335.829
4145.11 419.696 337.308
4230.61 404.316 339.64
4278.19 399.295 341.031
4304.85 396.84 341.992
4328.44 396.248 342.71
4399.12 387.932 345.832
4468.54 386.352 347.312
4527.13 389.266 348.819
4582.13 395.148 350.297
4635.96 397.971 351.815
4685.01 404.153 353.308
4733.75 408.357 354.798
4766.7 412.362 356.184
4798.11 417.225 357.008
4836.66 422.216 358.568
4916.85 435.329 0.813197
4979.54 450.565 2.31931
5036.63 469.049 3.85652
5083.68 489.186 5.38951
5104.35 498.355 6.14447
5165 518.788 8.49426
5200.21 531.048 9.91762
5263.17 557.224 11.5519
5314.38 585.091 13.0007
5364.9 612.757 14.5991
5390.52 626.782 15.44
5449.74 664.664 17.6871
5474.07 683.963 18.5371
5526.05 720.688 19.9507
5575.53 753.888 21.5792
5594.87 771.848 22.7845
5630.93 807.408 24.2481
5667.33 841.552 25.6644
5687.39 859.242 26.4327
5737.74 903.201 28.7
5778.86 945.617 30.1992
5803.98 971.873 31.6705
5845.14 1019.9 33.218
5861.38 1041.61 33.9615
5901.15 1098.15 36.3
5929.27 1131.97 37.878
5972.15 1193.16 39.4515
6013.13 1248.11 41.1585
6039.69 1292.05 42.7538
6058.75 1333.88 44.2751
6076.03 1363.12 45.7389
6106.33 1418.63 47.2463
6125.33 1453.66 48.7404
6147.14 1493.12 50.2987
6169.66 1536.26 51.8275
6188.94 1575.42 52.6504
6209.12 1617.2 54.175
6254.7 1704.95 56.6962
6277.64 1767.73 58.1158
6288.29 1800.67 59.628
6297.24 1827.82 60.4159
6308.42 1858.64 61.9038
6319.88 1894.13 63.319
6331.01 1931.62 64.7461
6337.57 1968.57 66.051
6345.83 2010.43 67.5442
6354.15 2056.25 69.1045
6361.79 2103.98 70.7273
6366.11 2155.82 72.1015
6374.37 2252.29 74.6323
6372.79 2288.86 75.3845
6375.3 2335.14 76.9141
6378.05 2386.38 78.4936
6373.44 2482.56 80.6669
6358.33 2544.05 82.5329
6349.93 2577.79 84.0366
6335.07 2638.11 85.5684
6324.33 2700.88 86.9694
6317.45 2752.27 88.4686
6312.9 2774.08 89.1922
6305.38 2810.17 90.6779
6297.26 2850.6 92.2582
6286.87 2895.67 93.8487
6261.28 2984.5 96.1467
6248.46 3018.69 96.82
6221.24 3092.94 99.1648
6207.01 3127.17 99.8929
6183.42 3196.44 102.211
6169.02 3233.82 103.698
6140.47 3293.85 105.302
6124.81 3326.13 106.826
6104.2 3363.57 108.346
6079.69 3403.26 109.78
6052.77 3442.85 111.241
6022.15 3484.34 112.748
5986.79 3529.17 114.235
5953.25 3570.84 115.68
5919.17 3611.52 117.192
5882.73 3651.17 118.654
5820.75 3709.1 120.192
5787.66 3739 121.7
5719.9 3793.41 123.98
5691.2 3814.37 124.745
5664.22 3832.71 125.557
5599.8 3875.6 127.948
5541.91 3911.62 130.242
5512.76 3928.96 131.028
5479.02 3951.46 132.488
5410.21 3993.07 134.795
5381.22 4008.11 135.544
5306.42 4045.2 137.853
5283.71 4054.31 138.659
5254.69 4069.34 140.223
5217.95 4088.35 141.809
5181.54 4107.1 143.335
5137.43 4129.74 144.739
5053 4167.18 147.191
4988.5 4185.76 148.706
4934.07 4197.6 150.206
4910.73 4201.23 150.917
4849.95 4213.36 153.064
4800.58 4220.86 154.723
4775.16 4224.37 155.593
4743.27 4232.12 157.099
4682.41 4244.26 159.255
4629.37 4254.54 161.011
4573.7 4264.57 162.616
4519.58 4269.37 164.189
4466.14 4271.03 165.693
4412.84 4270.86 167.285
4364.92 4267.77 168.485
4314.65 4262.52 170.009
4263.05 4260.87 171.61
4208.79 4258.53 173.141
4153.1 4253.44 174.773
4117.74 4249.18 176.289
4076.39 4243.38 177.818
4005.82 4228.58 179.349
3943.44 4213.9 180.897
3894.61 4196.15 182.432
3850.31 4176.01 183.796
3808.68 4158.16 185.352
3786.66 4148.82 186.109
3724.59 4125.8 188.455
3667.41 4104.35 190.032
3615.01 4083.34 191.582
3589.92 4073.38 192.38
3561.88 4059.91 193.805
3496.76 4028.39 196.171
3455.83 4007.19 197.757
3412.5 3985.25 199.295
3367.03 3959.98 200.816
3320.35 3930.82 202.42
3272.6 3900.31 204.028
3226.18 3866.64 205.559
3181.33 3830.66 207.048
3136.92 3792.25 208.615
3092.55 3752.28 210.218
3029 3681.5 211.813
2986.48 3626.15 213.352
2957.17 3584.53 214.897
2929.44 3547.23 216.485
2910.89 3523.45 218.024
2884.42 3484.11 219.405
2863.83 3450.47 220.896
2845.47 3425.75 222.494
2829.29 3401.59 223.267
2790.84 3338.89 225.628
2770.67 3306.73 227.225
2752.9 3277.45 228.05
2717.26 3209.47 230.369
2698.5 3172 231.871
2669.9 3104.04 233.475
2649.61 3044.07 235.016
2636.31 2969.85 238.457
2632.58 2950.57 238.329
2621.8 2907.17 239.789
2615.26 2885.02 240.574
2603.98 2853.72 241.701
2589.45 2814.81 243.152
2556.41 2723.09 245.639
2531.41 2613.27 247.985
2529.31 2585.52 248.94
2525.91 2534.2 250.277
2527.96 2465.84 252.304
2529.26 2443.38 253.108
2533.17 2404.87 255.213
2532.65 2359.35 256.168
2539.1 2298.68 257.735
2541.83 2280.63 258.484
2550.27 2213.42 260.823
2555.21 2156.2 262.424
2557.98 2129.45 263.174
2566.63 2076.98 264.718
2577.3 1998.53 267.061
2581.27 1962.3 267.829
2585.38 1918.85 269.374
2590.95 1879.02 270.203
2609.72 1785.15 273.321
2621.51 1743.19 274.155
2656.44 1644.77 276.492
2680.2 1596.71 278.005
2691.92 1576.45 278.761
2721.61 1515.25 281.183
2734.73 1489.78 281.941
2749.66 1459.76 283.447
2767.66 1422.94 284.979
2803.68 1348.4 287.346
2841.07 1282.3 289.002
2859.38 1254.87 289.771
2878.01 1230.41 290.521
2929.78 1154.36 293.663
2978.2 1096.65 295.192
3015.68 1056.86 296.57
3051.62 1025.02 298.064
3090.02 988.711 299.642
3107.98 972.338 300.408
3150.28 918.289 302.957
3172.2 892.593 303.691
3200.71 860.666 305.197
3234.2 825.444 306.711
3273.52 789.946 308.26
3311.99 757.979 309.667
3351.2 727.435 311.248
3392.15 700.443 312.809
3472.78 654.327 315.095
3534.78 625.801 316.617
3585.81 605.219 318.101
3632.06 587.672 319.655
3674.7 574.423 321.053
3697.4 569.503 321.874
3724.09 559.619 323.303
3789.7 534.331 325.532
3828.48 518.449 327.13
3899.13 494.159 328.765
3961.82 475.833 330.279
3990.32 469.216 331.059
4024.79 459.34 332.54
4103.27 437.63 334.99
4170.13 425.922 336.426
4218.92 420.594 337.893
4268.18 414.861 339.462
4315.82 410.005 341.054
4357.88 408.84 342.569
4389.49 406.024 344.015
4448.46 403.49 345.57
4484.99 398.825 347.206
4550.24 402.06 348.545
4610.68 405.522 349.986
4638.47 409.214 350.673
4674.26 409.968 352.314
4752.83 414.328 354.664
4794.5 418.792 356.049
4864.69 430.284 357.642
4919.84 441.809 359.062
4967.2 454.521 0.640554
5011.2 469.138 2.11946
5059.66 486.481 3.60036
5104.03 501.825 5.26124
5148 516.993 6.56671
5182.08 528.326 8.16043
5245.28 549.329 9.80046
5268.33 561.109 10.2171
5336.97 589.439 12.7506
5362.59 604.591 13.3288
5386.59 619.803 14.0498
5458.69 664.354 17.0605
5508.29 701.854 18.3552
5558.55 736.768 19.9329
5597.18 768.304 21.324
5631.48 796.956 22.714
5652.35 815.024 24.0813
5695.75 851.865 25.6027
5717.26 870.375 26.372
5766.14 912.737 28.6068
5787.71 934.412 29.3514
5814.81 961.637 30.8369
5870.58 1019.62 33.1811
5909.17 1072.93 34.7508
5926.34 1097.53 35.5369
5973.62 1158.03 37.872
6002.96 1190.9 39.5633
6034.07 1228.33 41.1325
6068.38 1289 42.6802
6113.44 1326.68 44.7574
6127.76 1359.01 44.9734
6144.37 1394.25 46.4597
6163.55 1434.01 47.9432
6185.7 1477.81 49.4511
6208.52 1522.91 51.0177
6230.84 1568.96 52.5556
6258.5 1619.12 54.2491
6277.38 1668.02 55.7076
6298.93 1719.54 57.3623
6312.32 1765.86 58.6564
6344.57 1850.57 61.0303
6354.71 1889.95 62.2492
6367.7 1930.99 63.6704
6372.57 1967.83 64.9946
6376.74 2006.94 66.4463
6383.47 2051.37 68.0169
6390.26 2097.3 69.646
6395.59 2145.82 71.1828
6400.53 2198.11 72.6995
6405.08 2250.25 74.2349
6409.23 2305.7 75.8327
6413.37 2364.19 77.3317
6414.09 2424.44 78.8136
6413.4 2486.16 80.3283
6404.11 2538.14 82.0638
6394.43 2589.41 83.544
6384.42 2640.18 85.2714
6373.25 2692.77 86.7889
6365.94 2744.52 88.0694
6356.81 2796.81 89.5629
6343.36 2850.71 91.1768
6315.45 2946.73 93.523
6302.57 2986.08 95.0002
6286.29 3028.71 96.5068
6271.64 3065.46 97.3002
6256.06 3106 98.8206
6237.76 3150.29 100.394
6205.8 3225.19 102.632
6188 3264.53 104.177
6170.9 3296.16 104.995
6135.07 3363.04 107.353
6117.47 3390.51 108.111
6096.11 3422.56 109.604
6072.02 3457.4 111.099
6019.07 3526.25 113.329
5993.54 3559.05 114.743
5970.39 3587.83 115.521
5942.4 3619.94 116.992
5911.65 3655.02 118.479
5847.52 3722.89 120.762
5818.57 3749.39 121.538
5756.75 3801.99 123.804
5725.99 3827.33 125.332
5687.54 3856.93 126.948
5622.75 3901.46 128.506
5571.05 3930.55 130.046
5540.05 3951.11 131.604
5505.29 3973.98 133.128
5466.82 3998.12 134.649
5403.25 4032.35 136.157
5351.23 4056.52 137.684
5303.07 4078.39 139.217
5270.89 4093.01 140.808
5236.1 4111.02 142.346
5205.74 4125.12 143.119
5135.29 4158.67 145.486
5095.65 4176.68 147.036
5053.54 4192.58 148.55
5009.02 4206.98 150.073
4962.29 4220.6 151.613
4914.1 4232.63 153.143
4862.59 4243.74 154.675
4812.32 4255.4 156.256
4763.42 4266.31 157.722
4721.75 4273.2 158.992
4678.72 4279.75 160.515
4631.13 4286.49 162.097
4580.83 4292.18 163.623
4530.15 4294.07 165.14
4448.92 4291.11 166.718
4387.21 4283.6 168.316
4335.79 4274.01 169.73
4292.46 4268.71 171.25
4269.74 4266.55 172.01
4203.95 4262.15 174.334
4145.04 4255.26 175.896
4109.96 4249.5 177.428
4068.64 4242.55 178.946
3996.67 4227.39 180.533
3938.74 4209.59 182.07
3889.02 4188.26 183.547
3870.42 4179.26 184.189
3812.7 4157.54 186.509
3776.46 4144.65 188.043
3734.64 4129.73 189.572
3687.29 4113.24 191.127
3638.7 4096.09 192.703
3591.84 4076.82 194.211
3545.64 4054.59 195.72
3498.41 4029.3 197.273
3452.84 4003.5 198.601
3403.89 3974.54 200.344
3355.66 3943.33 201.937
3308.72 3910.09 203.526
3239.45 3854.24 205.131
3195.41 3809.67 206.638
3161.02 3770.39 208.193
3145.96 3752.14 208.972
3118.75 3723.94 210.663
3088.73 3693.76 212.24
3027.23 3629.76 214.574
2995.02 3596.42 216.135
2946.34 3538.75 217.721
2921.94 3508.12 219.22
2884.81 3453.75 221.173
2869.17 3429.87 221.963
2850.29 3400.1 223.518
2829.65 3364.22 225.088
2807.39 3326.89 226.635
2783.64 3287.25 228.182
2760.02 3244.82 229.755
2737.74 3199.58 231.343
2721.89 3155.18 232.552
2703.24 3106.66 234.05
2681.66 3052.98 235.982
2661.36 2997.19 237.496
2634.01 2897.55 239.589
2622.04 2833.96 241.106
2613.21 2782.98 242.624
2608.11 2759.26 243.302
2599.85 2727.79 244.825
2588.15 2686.99 246.389
2578.07 2641.78 248.008
2569.15 2592.88 249.553
2559.51 2542.42 250.767
2550.9 2491.98 252.006
2544.35 2444.7 253.161
2538.86 2394.08 254.316
2534.65 2343.45 255.524
2530.27 2289.73 256.713
2531.15 2248.45 257.156
2531.91 2204.2 258.267
2532.66 2156.67 259.461
2538.14 2062.25 261.22
2541.37 2016.67 262.267
2545.39 1977.7 262.901
2548.21 1932.51 264.306
2550.45 1881.53 265.818
2563.68 1784.4 268.116
2580.75 1715.66 269.567
2596.3 1660.84 271.134
2611.21 1614.94 272.649
2628.99 1570.59 274.137
2648.31 1527.37 275.606
2666.54 1484.62 277.1
2676.43 1463.22 277.976
2688.67 1434.47 279.821
2718.93 1360.68 283.027
2737.46 1319.98 285.455
2776.14 1254.93 287.913
2800.26 1218.77 290.237
2830.03 1173.74 292.78
2886.74 1101.96 295.197
2911.94 1076.33 296.51
2943.24 1046.3 299.181
2979.49 1013.22 301.988
3018.86 982.128 304.664
3093.85 929.594 308.453
3132.22 905.825 310.812
3200.4 871.207 313.323
3260.52 852.015 315.827
3314.18 843.859 317.928
3361.96 840.21 320.507
3413.23 834.155 323.142
3445.74 828.535 325.713
3484.55 820.706 328.293
3557.19 809.674 330.968
3557.19 809.674 330.968
3598.9 804.651 333.709
3662.55 794.448 339.276
3726.57 790.202 342.164
3790.24 790.418 344.823
3851.81 796.547 347.416
3952.25 816.311 350.431
3996.58 829.72 352.936
4070.83 859.961 355.824
4102.75 875.157 357.183
4166.97 903.588 0.970119
4203.93 920.974 3.291
4262.3 954.93 5.81179
4307.81 987.519 7.95601
4341.39 1003.25 9.24703
4395.6 1033.28 9.5781
4424.52 1045.84 9.51379
4490.68 1069.67 7.94942
4543.56 1080.25 5.89012
4597.02 1083.43 3.22377
4675.61 1073.59 359.034
4703.44 1066.39 357.369
4786.22 1037.5 352.894
4814.82 1024.64 351.463
4841.58 1011.08 349.777
4910.22 971.579 345.326
4953.65 945.805 342.029
4992.42 917.295 340.475
5073.19 845.434 335.57
5112.86 805.033 332.891
5149.27 764.019 331.012
5234.33 657.023 330.433
5252.01 632.213 330.557
5279.77 609.143 331.503
5307.43 590.07 332.396
5339.67 571.038 334.621
5376.16 555.65 337.153
5464.83 535.454 342.395
5502.58 532.077 343.736
5563.38 537.682 347.278
5620.45 544.863 349.804
5670.46 557.253 352.23
5722.11 574.303 355.048
5772.04 593.412 357.512
5803.51 603.064 359.829
5856.23 627.525 2.57086
5904.68 653.499 5.18455
5930.65 666.373 6.55742
5966.04 682.57 9.30774
5998.67 700.723 11.8792
6036.16 720.503 13.8052
6135.16 769.621 14.3181
6167.84 786.328 13.6248
6243.25 812.983 10.3472
6314.81 828.234 7.42149
6348.16 831.145 5.77264
6431.56 824.423 0.58246
6465.99 816.38 358.768
6508.06 804.769 355.359
6597.43 768.539 350.133
6675.69 726.197 346.488
6719.42 699.674 342.709
6768.1 668.773 339.515
6814.61 629.57 336.447
6889.06 557.541 333.691
6932.64 495.654 331.505
6948.31 469.532 330.744
6948.31 469.532 330.744
