x y phi
3061.16 4726.13 239.575
3061.16 4726.13 239.575
3061.16 4726.13 239.575
3061.16 4726.13 239.575
3061.16 4726.13 239.575
3061.16 4726.13 239.575
3061.16 4726.13 239.575
3061.16 4726.13 239.575
3061.16 4726.13 239.575
3061.16 4726.13 239.575
3061.16 4726.13 239.575
3061.16 4726.13 239.575
3061.16 4726.13 239.575
3061.16 4726.13 239.575
3061.16 4726.13 239.575
3061.16 4726.13 239.575
3061.16 4726.13 239.575
3061.16 4726.13 239.575
3061.16 4726.13 239.575
3061.16 4726.13 239.575
3061.16 4726.13 239.575
3061.16 4726.13 239.575
3061.16 4726.13 239.575
3061.16 4726.13 239.575
3061.16 4726.13 239.575
3061.16 4726.13 239.575
3061.16 4726.13 239.575
3061.16 4726.13 239.575
3061.16 4726.13 239.575
3061.16 4726.13 239.575
3061.16 4726.13 239.575
3061.16 4726.13 239.575
