x y phi
6415.96 3191.95 267.971
6415.96 3192.02 267.963
6415.93 3191.96 267.962
6415.94 3192.04 267.968
6415.92 3192 267.96
6415.86 3192.24 267.961
6415.82 3192.21 267.953
6415.82 3192.42 267.953
6415.81 3192.45 267.963
6415.86 3192.52 267.961
6415.79 3192.33 267.955
6415.79 3192.34 267.956
6415.81 3192.35 267.957
6415.85 3192.47 267.968
6415.81 3192.43 267.955
6415.8 3192.41 267.955
6415.78 3192.29 267.953
6415.81 3192.27 267.955
6415.82 3192.37 267.949
6415.87 3192.54 267.96
6415.88 3192.69 267.959
6415.86 3192.6 267.96
4348.56 4385.71 174.735
4345.59 4385.43 174.738
4344.39 4385.1 174.737
4343.96 4384.77 174.737
4344 4384.46 174.737
4344.32 4384.19 174.737
4342.74 4383.26 174.98
4345.76 4381.99 174.698
4350.62 4382.16 174.682
4352.84 4382.43 174.633
4353.42 4382.75 174.632
4352.87 4383.06 174.64
4351.77 4383.61 174.641
4351.03 4384.05 174.64
4350.72 4384.24 174.642
4350.46 4384.54 174.64
4350.27 4384.78 174.642
4350.23 4384.88 174.642
4350.44 4385.02 174.64
4350.69 4385.14 174.647
4346.57 4386.64 174.649
4347.62 4386.49 174.642
4349.31 4386.25 174.641
4350.42 4386.08 174.64
2406.48 -50.9755 273.299
2406.52 -51.6745 273.366
2406.56 -52.3734 273.432
2406.61 -53.0723 273.498
2406.65 -53.7711 273.565
2406.69 -54.4699 273.631
2406.74 -55.1686 273.698
2406.78 -55.8673 273.764
2406.83 -56.566 273.831
2406.88 -57.2645 273.897
2407.46 -33.0219 272.749
2408.3 -32.8675 272.749
2409.09 -32.756 272.749
2409.47 -32.7648 272.749
2409.7 -32.79 272.749
2409.86 -32.8094 272.749
2409.97 -32.8222 272.749
2410.05 -32.8294 272.749
2410.12 -32.8323 272.749
2410.17 -32.8323 272.749
2410.19 -32.8317 272.749
2410.22 -32.8299 272.749
2410.25 -32.8278 272.749
5575.06 -15.6882 272.325
5572.82 -15.6199 272.325
5570.98 -15.6202 272.325
5569.48 -15.6598 272.325
5568.83 -15.6865 272.325
5568.25 -15.7148 272.325
5567.72 -15.743 272.325
5567.24 -15.7701 272.325
5566.81 -15.7952 272.325
5566.27 -11.6567 272.714
5566.16 -8.46407 272.728
5566.02 -4.53986 272.727
5565.99 -3.53142 272.727
5565.99 -2.74647 272.726
5566.02 -2.88514 272.726
10241.5 1606.76 76.8009
10241.6 1606.46 76.8002
10241.8 1606.22 76.7997
10242 1606.21 76.7998
10242.2 1606.35 76.7996
10242.4 1606.58 76.7995
10242.5 1606.73 76.7995
10242.6 1606.74 76.7995
10242.7 1606.8 76.7995
10242.8 1606.77 76.7995
10242.8 1606.84 76.7991
10242.2 1607.78 76.8104
10241.5 1608.51 76.8108
10241 1609.17 76.8134
10241 1609.17 76.8134
11790.8 4315.88 0.529155
11811.2 4328.67 0.529013
11787.6 4323.31 1.35545
11778.8 4320.19 0.556556
11796.8 4328.42 0.529757
11807.1 4335.05 0.53054
11763.1 4317.75 1.39976
11759.5 4314.51 1.37593
11738 4300.91 1.38993
11750 4300.97 1.36969
11742.4 4295.18 0.886862
11761.4 4297.46 0.549365
11745.9 4287.17 1.38454
11764.8 4290.93 0.551675
11783.6 4298.19 0.529048
11807.2 4310.48 0.530417
11785.9 4303.77 1.51312
11775.9 4303.03 1.37173
11747.8 4291.5 1.41728
11739.1 4286.59 1.40707
9627.89 6317.12 92.8416
9626.79 6317.53 92.8425
9625.96 6317.5 92.8417
9625.22 6317.71 92.8425
9624.62 6317.79 92.8425
9624.43 6317.48 92.8212
9624.03 6317.36 92.8418
9623.64 6317.55 92.8425
9623.45 6317.07 92.8171
9623.23 6317.06 92.8212
9623.1 6316.82 92.8205
9622.99 6316.71 92.8205
9622.84 6316.93 92.8213
9622.72 6317.14 92.8418
9622.64 6317.35 92.8426
9622.5 6317.61 92.8426
9622.39 6317.72 92.8425
9622.4 6317.15 92.8203
9622.31 6317.39 92.8425
9622.27 6317.47 92.8425
7047.42 6270.68 91.5754
7048.44 6270.67 91.5747
7048.88 6270.58 91.5747
7049.64 6270.46 91.5748
7049.95 6270.58 91.5755
7050.52 6270.47 91.5748
7050.97 6270.41 91.5748
7051.35 6270.39 91.5748
7051.65 6270.39 91.5748
7051.91 6270.4 91.5748
7052.11 6270.42 91.5748
7052.28 6270.43 91.5748
7052.36 6270.64 91.563
7052.52 6270.93 91.5626
7052.58 6271.01 91.5626
7052.64 6271.06 91.5626
7052.74 6270.94 91.563
3056.82 4718.6 239.374
3056.83 4718.59 239.374
3056.83 4718.58 239.374
3056.84 4718.57 239.374
3056.85 4718.56 239.374
3056.86 4718.55 239.374
3056.87 4718.54 239.374
3056.88 4718.54 239.374
3056.88 4718.53 239.374
3056.89 4718.53 239.374
3056.89 4718.53 239.374
3056.89 4718.53 239.374
3056.9 4718.53 239.374
3056.9 4718.52 239.374
3056.9 4718.52 239.374
3056.91 4718.52 239.374
