x y phi
3676.42 3845.37 181.124
3676.43 3845.36 181.123
3676.61 3845.43 181.15
3676.93 3845.54 181.19
3677.27 3845.69 181.219
3677.33 3845.83 181.216
3677.35 3845.95 181.216
3677.34 3846.05 181.216
3677.32 3846.14 181.21
3677.26 3846.23 181.211
3677.17 3846.39 181.211
3677.15 3846.44 181.21
3677.15 3846.47 181.207
3677.13 3846.51 181.209
3677.12 3846.55 181.209
3677.11 3846.59 181.209
3677.1 3846.62 181.209
3677.03 3846.68 181.211
3677.04 3846.7 181.211
3676.85 3846.75 181.211
3676.84 3846.77 181.211
3676.91 3846.79 181.211
3676.89 3846.83 181.211
3676.85 3846.85 181.215
3676.76 3846.85 181.215
3676.85 3846.86 181.211
3676.67 3846.9 181.216
3676.73 3846.9 181.211
3676.86 3846.92 181.211
3676.89 3846.92 181.211
3676.96 3846.93 181.211
3676.96 3846.93 181.211
3676.85 3846.93 181.215
3676.76 3846.93 181.215
3676.76 3846.93 181.215
3676.88 3846.95 181.211
3676.77 3846.96 181.216
3676.64 3846.97 181.216
3676.68 3846.97 181.215
3676.71 3846.98 181.216
3676.74 3846.99 181.216
3676.68 3847 181.216
3676.65 3847 181.215
3676.62 3846.99 181.215
3676.6 3847 181.216
3676.66 3847.01 181.216
3676.71 3847.02 181.216
3676.67 3847.03 181.216
3676.63 3847.03 181.216
3676.69 3847.03 181.215
3676.65 3847.03 181.216
3676.63 3847.02 181.215
3676.59 3847.03 181.216
3676.59 3847.02 181.215
3676.58 3847.02 181.215
3676.63 3847.01 181.22
3676.69 3846.97 181.216
3676.38 3846.96 181.23
3672.66 3846.93 181.266
3651.77 3847.98 181.378
3638.95 3848.64 181.381
3623.66 3849.54 181.462
3608.63 3850.23 181.465
3594.48 3851.14 181.471
3572.97 3854.08 181.419
3565.72 3855.56 181.399
3553.23 3857.15 181.368
3548.44 3857.92 181.364
3543.36 3858.75 181.34
3537.54 3859.46 181.333
3529.34 3860.04 181.321
3519.15 3860.62 181.321
3508.6 3861.19 181.336
3488.11 3862.84 181.313
3488.11 3862.84 181.313
3480.39 3863.44 181.297
3466.73 3860.83 181.177
3460.77 3859.33 181.186
3455.37 3857.78 181.188
3445.48 3854.92 181.194
3440.15 3853.52 181.18
3425.87 3851.07 181.177
3419.78 3850.11 181.195
3386.41 3846.67 181.101
3386.44 3846.67 181.095
3386.49 3846.65 181.104
3386.64 3846.55 181.126
3386.88 3846.4 181.132
3387.07 3846.14 181.136
3387.17 3846.03 181.132
3387.07 3845.92 181.133
3386.79 3845.73 181.125
3386.63 3845.57 181.119
3386.48 3845.5 181.121
3386.45 3845.43 181.124
3386.38 3845.31 181.119
3386.51 3845.27 181.114
3386.53 3845.23 181.119
3386.54 3845.2 181.119
3386.56 3845.14 181.116
3386.5 3845.09 181.117
3386.53 3845.05 181.116
3386.49 3845.02 181.113
3377.72 3844.74 181.166
3360.43 3844.12 181.236
3341.17 3843.67 181.243
3332.76 3843.57 181.247
3323.61 3843.62 181.25
3308.72 3843.91 181.264
3302.65 3844.08 181.268
3293.47 3844.12 181.298
3273.47 3844.35 181.311
3264.52 3844.38 181.313
3252.45 3844.12 181.293
3241.42 3843.6 181.321
3229.56 3843.08 181.316
3222.03 3842.8 181.311
3210.28 3842.29 181.324
3200.98 3841.81 181.314
3192.44 3841.05 181.306
3180.33 3839.94 181.333
3167.2 3838.43 181.303
3154.35 3837.07 181.293
3143.8 3836.15 181.292
3135.6 3835.55 181.277
3120.82 3835.28 181.252
3114.92 3835.26 181.251
3101.79 3835.58 181.258
3092.42 3835.92 181.249
3082.82 3836.19 181.26
3077.16 3836.24 181.263
3068.68 3836.5 181.258
3059.31 3836.9 181.26
3048.5 3837.41 181.249
3026.78 3838.27 181.264
3010.83 3838.79 181.281
3003.27 3838.93 181.282
2994.69 3838.81 181.281
2980.65 3838.29 181.287
2972.93 3838 181.283
2964.2 3837.57 181.273
2953.79 3837.22 181.283
2932.64 3836.79 181.307
2922.4 3836.48 181.323
2902.04 3836.1 181.298
2893.57 3836.01 181.308
2885.69 3835.75 181.308
2874.76 3835.53 181.33
2874.76 3835.53 181.33
2866.15 3835.47 181.34
2857.51 3835.51 181.318
2847.9 3835.59 181.338
2824.58 3835.7 181.341
2807.86 3835.4 181.351
2802.17 3835.22 181.337
2791.32 3834.74 181.347
2781.98 3834.32 181.352
2777.29 3833.98 181.342
2771.17 3833.58 181.339
2758.57 3832.92 181.32
2748.06 3832.4 181.343
2737.4 3831.56 181.327
2725.1 3830.21 181.348
2718.42 3829.17 181.343
2710.24 3827.52 181.346
2701.9 3825.94 181.353
2693.83 3824.78 181.307
2684.88 3824.27 181.29
2671.34 3823.57 181.279
2666.23 3823.42 181.249
2653.94 3823.57 181.251
2646.34 3823.66 181.257
2633 3823.67 181.259
2624.77 3823.76 181.247
2610.41 3824.15 181.261
2604.44 3824.5 181.25
2596.36 3825.15 181.244
2577.9 3826.52 181.248
2565.35 3827.54 181.233
2559.49 3827.7 181.236
2552.27 3827.68 181.233
2544.12 3827.66 181.237
2530.82 3827.69 181.212
2522.91 3827.42 181.213
2513.64 3827.14 181.195
2503.61 3826.84 181.193
2492.81 3826.49 181.202
2482.64 3826.3 181.188
2466.86 3826.03 181.185
2455.53 3825.73 181.189
2445.85 3825.68 181.176
2441.02 3825.81 181.18
2427.62 3826.36 181.156
2419.78 3826.56 181.147
2411.07 3826.54 181.165
2402.01 3826.51 181.19
2392.75 3826.41 181.231
2385.33 3826.31 181.263
2376.75 3826.08 181.402
2368.19 3825.8 181.537
2359.46 3825.42 181.661
2343.84 3824.82 181.811
2331.91 3824.51 181.97
2325.97 3824.14 182.143
2320.95 3823.55 182.225
2315.2 3822.72 182.474
2313.52 3822.52 182.642
2307.94 3821.05 182.916
2302.53 3819.69 183.186
2297.43 3818.31 183.301
2291.81 3816.81 183.539
2278.75 3813.74 184.091
2272 3812.19 184.479
2266.28 3810.67 184.709
2253.49 3807.45 185.366
2247.81 3805.97 185.589
2242.45 3804.51 185.866
2229.86 3802.04 186.921
2210.33 3796.71 187.422
2203.76 3794.07 187.614
2196.69 3790.89 188.077
2188.96 3787.08 188.615
2180.65 3782.83 189.128
2171.48 3778.4 189.607
2162.13 3773.72 190.036
2143.21 3764.04 190.847
2130.48 3755.83 191.315
2121.52 3748.44 191.765
2117.5 3744.89 191.947
2105.58 3736.62 192.595
2097.48 3731.9 193.096
2088.01 3726.56 193.543
2078.31 3720.99 193.928
2069.37 3715.53 194.295
2052.28 3704 194.943
2046.46 3698.95 195.14
2041.2 3694.2 195.312
2030.91 3685.07 195.759
2026.57 3681 195.901
2014.23 3671.95 196.351
2008.17 3667.38 196.582
2002.11 3663.14 196.768
1992.66 3655.86 197.044
1975.93 3646.03 197.725
1970.07 3643.33 197.866
1960.42 3638.76 198.07
1956.37 3636.79 198.151
1944.05 3631.3 198.584
1928.56 3625.93 199.415
1912.96 3620.71 199.656
1906.82 3618.23 199.75
1892.88 3611.82 200.111
1875.43 3603.6 200.441
1860.44 3595.99 200.63
1849.4 3590.53 200.841
1841.84 3586.95 201.06
1836.61 3584.19 201.367
1834.18 3582.76 201.581
1829.83 3577.03 201.705
1825.37 3571.07 202.103
1820.73 3564.99 202.521
1817.02 3561.28 202.822
1804.81 3551.49 203.576
1794.06 3541.73 204.086
1790.21 3537.14 204.122
1780.26 3527.02 204.923
1769.38 3516.73 205.489
1762.24 3510.38 206.018
1756.09 3504.57 206.261
1743.3 3492.74 207.029
1732.39 3482.18 207.636
1728.28 3477.46 207.877
1723.5 3472.05 208.364
1710.87 3458.76 209.35
1705.24 3452.58 209.616
1698.3 3445.62 210.197
1685.51 3432.11 210.939
1678.28 3422.24 211.435
1675.97 3417.98 211.697
1672.55 3412.54 212.206
1669.1 3406.04 212.607
1664.07 3398.4 213.156
1658.27 3390.18 213.684
1651.49 3376 214.195
1666.33 3315.37 215.736
1666.36 3315.34 215.736
1666.37 3315.33 215.736
1666.38 3315.32 215.736
1666.24 3315.17 215.724
1666.2 3315.11 215.724
1666.17 3315.08 215.724
1666.16 3315.05 215.724
1666.15 3315.03 215.724
1666.16 3315.01 215.724
1666.16 3315.01 215.724
1666.17 3315 215.724
1666.19 3314.99 215.724
1666.21 3314.99 215.724
1666.16 3314.95 215.722
1666.12 3314.87 215.724
1666.08 3314.86 215.722
1666.11 3314.89 215.722
1666.01 3314.73 215.727
1666.04 3314.78 215.722
1666.04 3314.78 215.722
1666.04 3314.71 215.727
1666.04 3314.71 215.727
1666.01 3314.63 215.727
1666.01 3314.63 215.727
1666.01 3314.57 215.727
1666.01 3314.56 215.727
1666.01 3314.56 215.727
1666.03 3314.53 215.727
1666.08 3314.6 215.722
1666.07 3314.56 215.727
1666.07 3314.54 215.727
1666.08 3314.58 215.719
1666.08 3314.56 215.726
1666 3314.48 215.727
1665.95 3314.43 215.724
1665.93 3314.4 215.724
1665.97 3314.52 215.723
1666.01 3314.52 215.727
1652.59 3307.29 215.954
1635.91 3297.28 215.886
1627.17 3292.32 216.054
1617.67 3286.85 216.008
1608.54 3281.54 216.006
1600.73 3277.12 216.024
1593.47 3272.36 215.924
1587.02 3267.82 216.019
1579.71 3262.61 216.318
1571.75 3255.43 216.333
1557.88 3241.87 216.503
1553.2 3236.79 216.581
1548.49 3231.42 216.801
1543.24 3225.93 217.272
1536.87 3220.81 217.993
1525.62 3211.45 218.723
1518.72 3204.95 219.217
1514.4 3200.47 219.668
1511.15 3196.22 220.138
1508.72 3191.39 220.584
1505.33 3184.71 221.06
1500.42 3175.94 221.59
1494.3 3165.88 222.144
1486.98 3154.94 222.697
1479.6 3144.06 223.199
1473.62 3134.31 223.753
1469.11 3125.29 224.266
1466.26 3119.46 224.903
1462.37 3112.34 225.493
1456.54 3100.08 226.023
1453.08 3090.61 226.532
1454.13 3086.52 226.595
1453.49 3080.36 227.171
1451.81 3072.89 227.765
1449.87 3064.69 228.286
1446.96 3049.8 228.779
1445.22 3037.03 229.285
1444.03 3029.87 229.771
1436.6 3013.99 230.743
1432.09 3001.26 231.196
1428.99 2990.1 231.726
1425.53 2978.49 232.283
1422.35 2970.65 232.831
1418.71 2961.83 233.352
1415.02 2952.34 233.844
1411.43 2937.88 234.299
1410.44 2926.55 234.824
1409.69 2919.99 235.38
1409.14 2913.83 235.586
1406.99 2899.93 236.347
1404.93 2887.08 236.965
1401.41 2872.17 237.758
1399.9 2865.35 237.996
1398.48 2858.9 238.235
1394 2841.84 239.14
1390.7 2825.47 239.739
1388.13 2810.14 240.269
1386.65 2796.55 240.572
1385.49 2789.62 241.003
1382.9 2775.8 241.895
1381.27 2764.6 242.428
1380.19 2754.95 242.933
1379.85 2750.38 243.208
1379.3 2745.44 243.479
1375.75 2729.3 244.631
1374.78 2721.73 244.908
1374.15 2714.62 245.167
1372.5 2697.43 246.173
1372.13 2689.59 246.436
1371.21 2671.48 247.22
1371.36 2656.26 247.754
1371.36 2656.26 247.754
1371.43 2639.31 248.725
1369.97 2624.3 249.439
1378.9 2629.17 248.746
1389.91 2640.06 249.259
1395.34 2638.62 249.853
1397.76 2630.12 250.404
1398.93 2618.74 250.912
1401.07 2606.99 251.431
1400.64 2594.62 252.157
1401.89 2575.88 252.685
1403.94 2560.13 253.313
1407.04 2548.98 253.852
1410.69 2541.41 254.338
1414.12 2533.24 254.928
1418.81 2530.01 255.277
1420.19 2523.71 255.962
1423.38 2509.4 256.581
1424.92 2503.2 256.861
1427.53 2489.02 257.741
1430.29 2478.23 258.257
1432.26 2467.78 258.832
1433.16 2461.74 259.352
1435.2 2449.44 259.928
1437.57 2439.69 260.42
1439.91 2428.6 261.082
1442.27 2418.38 261.649
1445.01 2406.28 262.241
1449.06 2396.01 262.8
1453.59 2386.37 263.109
1457.42 2372.49 263.782
1476.9 2358.36 265.085
1476.91 2358.45 265.084
1476.83 2358.35 265.108
1476.43 2360.74 265.185
1476.24 2362.98 265.211
1476 2363.82 265.211
1475.88 2363.95 265.211
1475.76 2363.97 265.211
1475.53 2363.83 265.211
1475.44 2363.73 265.211
1475.19 2363.43 265.211
1475.12 2363.36 265.211
1475.06 2363.31 265.211
1474.96 2363.24 265.211
1474.88 2363.21 265.211
1474.82 2363.2 265.211
1474.77 2363.21 265.211
1474.77 2363.21 265.211
1474.75 2363.22 265.211
1474.71 2363.23 265.211
1474.69 2363.24 265.211
1474.68 2363.24 265.211
1474.66 2363.24 265.211
1474.64 2363.25 265.211
1474.62 2363.25 265.211
1474.11 2360.92 265.215
1473.47 2357.84 265.162
1472.48 2349.38 265.071
1469.8 2327.45 264.938
1467.29 2309.35 264.833
1465.07 2296.35 264.785
1464.15 2291.85 264.764
1462.48 2285.01 264.752
1460.72 2277.94 264.661
1458.6 2270.84 264.564
1456.45 2261.25 264.499
1453.4 2246.13 264.524
1451.38 2237.31 264.352
1449.17 2225.31 264.289
1447.94 2215.94 264.252
1447.32 2208.01 264.2
1445.46 2189.04 264.236
1444.46 2179.82 264.206
1443.16 2168.51 264.213
1442.83 2163.25 264.171
1442.62 2159.37 264.159
1442.02 2152.49 264.186
1440.77 2137.19 264.206
1439.98 2126.26 264.277
1439.21 2115.42 264.354
1438.72 2108.63 264.457
1437.43 2088.83 264.685
1436.74 2074 264.77
1436.43 2066.78 264.861
1436.13 2058.77 264.97
1436.14 2042.15 265.159
1436.38 2034.25 265.238
1436.97 2025.71 265.34
1438.5 2010.51 265.487
1439.13 2001.83 265.645
1440.56 1985.74 265.781
1441.51 1978.38 265.852
1443.51 1961.72 265.98
1445.72 1948.64 266.062
1447.49 1937.94 266.138
1447.68 1932.5 266.214
1447.36 1926 266.283
1447.15 1919.95 266.34
1446.86 1905.81 266.476
1446.74 1898.55 266.536
1446.72 1892.18 266.592
1447.21 1877.53 266.717
1448.13 1865.83 266.795
1448.73 1861.07 266.797
1449.44 1855.17 266.853
1449.93 1847.97 266.944
1449.47 1830.65 267.061
1448.53 1819.62 267.132
1446.42 1801.02 267.199
1444.64 1786.09 267.31
1443.74 1776.16 267.37
1443.49 1771.15 267.413
1443.43 1760.29 267.509
1443.57 1753.51 267.581
1443.97 1745.78 267.649
1444.94 1732.62 267.714
1445.66 1720.73 267.784
1446.01 1708.81 267.861
1446.1 1703.21 267.88
1446.53 1688.96 267.994
1447.08 1677 268.025
1447.48 1665.74 268.122
1447.48 1654.83 268.197
1447.44 1644.92 268.237
1447.67 1634.28 268.307
1447.83 1623.52 268.39
1447.95 1612.45 268.475
1447.97 1601.71 268.523
1448.12 1595.76 268.589
1448.48 1585.42 268.656
1448.87 1574.85 268.737
1448.96 1568.34 268.832
1448.93 1557.57 268.887
1449.22 1548.64 268.978
1450.44 1537.52 269.068
1451.49 1531.2 269.102
1452.8 1525.03 269.177
1454.41 1516.1 269.252
1457.42 1496.83 269.359
1459.94 1479.62 269.413
1460.58 1471.37 269.554
1460.61 1465.26 269.688
1460.52 1455.71 269.765
1460.34 1446.91 269.908
1460.12 1443 269.918
1460.14 1437.27 270.072
1460.69 1422.8 270.395
1461.95 1411.17 270.56
1463.19 1400.1 270.778
1463.8 1393.91 270.885
1464.26 1388.17 270.994
1465.1 1380.14 271.221
1467.78 1364.07 271.581
1471.34 1351 271.808
1473.26 1345.75 271.921
1476.78 1333.51 272.223
1478.43 1328.87 272.306
1481.43 1316.32 272.671
1483.89 1304.9 272.858
1486.2 1293.43 273.101
1487.59 1288.24 273.249
1489.35 1281.54 273.493
1493.3 1266.56 273.887
1497.76 1253.75 274.204
1501.96 1242.71 274.471
1504.2 1235.22 274.768
1508.14 1222.56 275.062
1511.5 1212.91 275.303
1513.29 1208.52 275.439
1515.71 1202.35 275.748
1521.63 1187.71 276.198
1524.72 1181.17 276.388
1528.03 1174.16 276.663
1535.15 1160.48 277.101
1541.59 1150.74 277.349
1544.55 1146.7 277.501
1550.97 1135.03 277.986
1556.24 1125.38 278.22
1560.87 1116.14 278.527
1565.57 1106.61 278.782
1569.15 1098.61 279.096
1573.62 1088.4 279.404
1581.77 1071.9 279.627
1588.84 1057.95 279.932
1594.06 1046.82 280.2
1598.12 1038.45 280.478
1601.12 1032.06 280.722
1604.17 1023.5 281.054
1607.27 1013 281.387
1610.21 1001.98 281.621
1613.28 991.782 281.89
1615.75 985.816 282.164
1619.39 977.371 282.497
1626.36 963.217 282.792
1632.9 952.315 283.058
1638.63 944.058 283.272
1641.9 938.008 283.599
1645.43 930.828 283.865
1649.97 911.851 284.52
1653.49 906.001 284.421
1657.25 900.057 284.691
1661.44 893.306 284.985
1669.18 882.212 285.268
1675.79 873.59 285.551
1682.02 863.258 285.835
1688.52 851.887 286.222
1694 844.284 286.443
1698.77 838.711 286.74
1704.54 831.909 287.185
1711.06 823.794 287.613
1718.23 814.158 288.054
1724.82 806.108 288.433
1728.1 802.441 288.632
1735.93 792.674 289.427
1743.58 783.788 289.944
1750.83 775.258 290.438
1757.95 767.13 290.971
1764.41 760.622 291.444
1767.76 757.224 291.735
1776.47 749.079 292.508
1781.79 743.847 293.018
1791.5 736.437 293.528
1797.36 731.667 294.04
1807.73 723.529 294.576
1813.19 717.784 295.089
1818.46 712.091 295.396
1830.62 697.28 296.184
1841.98 686.917 296.712
1852.15 680.659 297.133
1861.94 675.997 297.628
1870.29 672.476 298.095
1877.43 668.176 298.583
1881.31 664.789 299.06
1888.68 658.209 299.558
1893.2 653.901 300.048
1898.61 648.535 300.516
1908.45 640.327 301.001
1914.89 634.418 301.52
1929.13 622.383 302.245
1935.39 617.802 302.44
1947.38 609.541 302.919
1963.6 599.789 303.559
1968.29 597.473 303.775
1973.45 594.347 304.158
1978.41 591.286 304.383
1989.59 583.246 304.938
2002.5 573.091 305.435
2015.19 563.503 305.829
2021.04 559.675 306.021
2027.53 555.725 306.315
2041.5 547.372 306.813
2055.79 538.542 307.263
2065.97 534.273 307.475
2075.21 530.464 307.762
2084 525.805 308.111
2092.35 521.502 308.41
2100.7 516.231 308.696
2100.7 516.231 308.696
2111.09 508.393 309.309
2118.18 502.294 309.646
2126.05 495.407 309.971
2139.05 484.366 310.273
2144.48 479.693 310.42
2155.38 469.782 310.879
2159.19 466.649 311.009
2163.94 462.689 311.28
2174.47 454.464 311.748
2184.67 447.283 312.065
2193.16 442.17 312.345
2201.84 437.226 312.681
2211.99 431.278 312.978
2220.41 425.862 313.397
2235.22 417.796 313.666
2243.93 412.873 314.062
2258.28 405.36 314.457
2269.09 399.934 314.827
2274.12 396.902 315.133
2282.23 392.188 315.487
2287.2 388.501 315.875
2293.77 383.477 316.282
2301 378.133 316.656
2310.14 371.429 317.081
2324.31 362.856 317.497
2330.47 359.811 317.707
2345.47 352.966 318.332
2351.03 351.139 318.449
2371.65 343.801 319.261
2380.59 341.455 319.483
2389.79 339.223 319.871
2408.35 334.322 320.425
2422.08 332.338 320.818
2432.97 332.422 321.21
2442.16 333.117 321.599
2446.71 333.155 321.81
2452.56 331.732 322.189
2459.63 329.41 322.564
2468.02 326.218 322.935
2487.45 318.545 323.624
2495.84 315.673 323.874
2495.84 315.673 323.874
2505.29 311.736 324.343
2527.67 302.079 325.434
2537.05 299.154 325.894
2545.92 297.005 326.409
2558.97 295.585 326.88
2565.85 294.922 327.316
2572.55 294.14 327.583
2586.68 291.674 328.318
2593.8 290.123 328.797
2601.68 288.161 329.292
2606.39 286.868 329.651
2621.48 283.414 330.18
2633.7 280.972 330.572
2644.01 279.115 331.013
2648.73 278.428 331.229
2663.2 274.858 331.944
2672.96 272.736 332.366
2679.58 272.091 332.625
2699.68 269.954 333.159
2707.6 269.632 333.353
2718.14 270.241 333.784
2726.74 270.034 334.223
2739.41 268.702 334.755
2744.88 268.444 334.939
2751.85 267.85 335.353
2764.61 266.671 336.007
2780.46 265.027 336.457
2787.74 264.652 336.639
2803.56 262.497 337.296
2820.29 261.079 337.701
2830.12 261.591 337.996
2837.45 261.259 338.306
2846.35 260.521 338.732
2856.67 259.491 339.149
2867.27 258.334 339.575
2898.63 253.48 340.444
2906.73 252.231 340.661
2919.54 250.912 341.049
2924.68 250.719 341.252
2936.39 252.66 342.014
2945.21 253.741 342.533
2951.63 254.029 342.848
2967.85 254.067 343.542
2969.88 255.3 343.573
2988.64 255.696 344.368
3003.46 256.374 344.96
3017.01 257.722 345.41
3024.14 259.933 345.877
3029.8 261.077 346.083
3036.82 262.134 346.549
3047.57 264.393 347.131
3053.26 266.435 347.467
3060.12 269.266 347.985
3063.73 270.825 348.198
3074.09 273.051 348.904
3079.16 273.999 349.108
3087.19 275.195 349.655
3105.94 276.792 350.373
3119.08 279.707 350.84
3126.89 281.891 351.321
3141.73 285.758 351.87
3155.55 289.235 352.39
3166.69 290.589 352.956
3181.2 294.841 353.348
3189.49 298.178 353.711
3197.31 302.134 354.22
3205.7 305.34 354.743
3211.08 309.29 355.156
3217.89 313.977 355.66
3226.36 317.104 356.088
3230.77 318.466 356.25
3246.69 320.804 356.865
3257.85 321.673 357.308
3272.48 323.353 357.561
3281.7 325.694 357.959
3288.4 327.21 358.315
3300.43 330.37 358.634
3309.68 333.021 358.877
3317.8 335.573 359.148
3325.16 338.272 359.316
3333.2 339.88 359.575
3335.73 340.522 359.733
3349.2 342.738 0.123358
3353.56 343.651 359.942
3362.92 344.599 0.378922
3369.99 345.93 0.525088
3387.26 348.326 0.848
3393.93 348.939 0.948798
3408.82 350.25 1.13257
3423.13 351.93 1.28379
3429.44 353.079 1.24405
3438.25 354.715 1.36197
3444.95 355.29 1.34168
3455.17 355.964 1.14838
3468.43 356.6 1.17195
3471.74 356.815 1.0761
3476.23 357.702 1.06964
3493.39 359.116 0.926872
3498.42 359.328 0.750057
3511.01 359.451 0.645254
3521.77 359.652 0.761234
3525.7 359.92 0.481662
3538.21 360.647 0.103367
3552.26 361.394 0.0836622
3566.78 361.893 0.236639
3577.62 362.272 0.163269
3585.28 363.138 359.943
3592.26 363.501 359.899
3605.95 364.254 0.140392
3614.78 363.902 359.909
3620.58 363.377 359.826
3631.79 362.427 359.755
3641.07 361.779 359.632
3652.98 361.063 359.574
3666.61 360.326 359.572
3680.2 359.796 359.554
3689.94 358.508 359.419
3699.66 358.461 359.328
3709.97 358.551 359.304
3717.47 357.838 359.228
3722.59 357.158 359.122
3734.21 355.644 359.135
3741.5 354.564 359.031
3748.14 353.955 358.968
3763.09 352.819 358.956
3779.11 351.803 358.961
3789.76 350.856 358.904
3803.36 350.455 358.778
3809.52 350.245 358.784
3809.52 350.245 358.784
3836.49 349.544 358.731
3842.9 349.314 358.65
3863.17 348.468 358.638
3868.37 348.434 358.577
3878.63 347.655 358.574
3884.84 347.618 358.498
3894.37 347.472 358.539
3915.2 347.281 358.425
3921.41 347.137 358.384
3935.3 347.174 358.312
3935.3 347.174 358.312
3954.76 347.357 358.237
3966.06 347.29 358.294
3974.94 347.362 358.221
3982.39 347.41 358.187
3982.39 347.41 358.187
3999.44 347.223 358.289
4008.05 347.1 358.309
4034.09 348.134 358.459
4039.8 348.553 358.441
4050.77 347.722 358.401
4059.98 347.196 358.38
4067.51 346.547 358.373
4073.1 346.27 358.362
4086.94 347.223 358.554
4093.43 346.727 358.388
4104.03 345.872 358.338
4117.64 344.82 358.494
4125.27 344.291 358.461
4137.85 343.598 358.451
4146.37 342.972 358.465
4152.81 342.838 358.439
4159.56 342.624 358.508
4166.66 342.288 358.435
4179.29 341.695 358.436
4185.15 341.412 358.439
4191.65 341.112 358.379
4208.16 340.432 358.443
4215.17 340.132 358.501
4222.55 339.972 358.359
4242.42 339.165 358.334
4270.85 336.897 358.768
4300.08 333.744 358.833
4327.02 331.115 358.832
4349.27 328.98 358.739
4366.77 327.393 358.763
4381.73 326.091 358.839
4398.46 324.811 358.836
4407.74 324.294 358.675
4439.67 325.595 358.293
4469.58 326.416 358.482
4480.66 326.881 358.36
4489.7 327.355 358.238
4515.43 327.878 358.261
4542.85 327.35 358.224
4570.48 324.764 358.147
4590.51 323.341 358.175
4606.43 322.934 358.197
4622.2 322.364 358.086
4647.87 322.576 358.234
4666.7 324.881 358.163
4689.92 323.817 358.329
4710.9 323.144 358.452
4728.99 321.861 358.413
4749.09 320.034 358.57
4774.66 319.325 358.922
4796.14 318.922 359.329
4811.27 318.999 359.089
4827.38 319.573 359.942
4836.03 320.746 359.918
4863.27 324.633 0.127998
4882.43 332.526 0.039675
4897.4 334.739 0.41577
4924.64 338.253 0.669739
4949.34 341.8 1.23305
4960.89 343.701 1.45287
4992.69 347.64 2.16494
5016.91 352.637 2.56308
5031.15 357.746 2.80932
5041.13 359.273 3.19505
5049.9 369.674 3.62582
5070.45 372.424 4.24004
5087.41 375.253 4.44638
5113.33 383.514 4.98486
5142.36 387.756 5.56362
5150.28 392.204 6.00842
5182.89 399.228 7.19105
5206.12 405.828 7.78102
5225.79 412.344 8.45272
5241.47 417.715 9.19252
5260 424.154 10.058
5259.57 429.326 10.2141
5275.44 440.173 11.3202
5289.33 451.335 11.7357
5309.45 462.906 12.7363
5322.05 471.137 13.4527
5335.87 479.008 14.1429
5347.45 486.176 14.4784
5357.13 493.31 15.015
5366.64 501.086 15.7312
5378.74 509.828 16.4189
5414.97 528.846 17.5973
5441.55 546.719 18.1082
5453.67 562.087 18.7677
5472.12 570.859 19.6654
5483.78 585.157 19.9793
5492.23 593.03 20.446
5504.05 601.977 20.9368
5523.75 617.561 21.4354
5537.68 630.888 21.9122
5547.22 638.701 22.3731
5564.96 652.994 22.8329
5574.09 659.817 23.0853
5586.79 667.987 23.8023
5602.02 677.3 24.4317
5628.8 693.898 25.1591
5640.13 701.427 25.4842
5667.28 722.723 27.2808
5688.51 742.221 28.2229
5688.51 742.221 28.2229
5718.65 767.856 30.1024
5726.39 775.434 30.6285
5736.13 785.999 31.7112
5755.39 808.568 33.3604
5773.7 830.601 34.3477
5780.2 840.712 34.7401
5796.56 865.812 36.4562
5809.36 888.452 37.5657
5821.3 910.329 38.6064
5828.41 923.297 39.6726
5834.03 935.451 40.2446
5845.73 961.111 42.2554
5854.57 981.878 43.3859
5857.97 991.149 43.9161
5864.14 1013.72 45.4917
5861.18 1030.91 46.2982
5855.59 1046.9 47.257
5857.2 1059.17 48.2957
5857.2 1059.17 48.2957
5868.71 1099.12 49.8965
5876.67 1121.45 50.3547
5881.75 1139.44 50.4664
5883.92 1152.81 50.5122
5884.83 1163.55 50.5303
5885.95 1173.15 50.7946
5889.72 1184.32 51.2263
5893.79 1195.09 51.5407
5897.72 1205.09 51.785
5901.21 1214.25 51.9547
5903.9 1222.11 52.0924
5907.36 1231.21 52.3115
5911.01 1240.49 52.6384
5914.81 1250.18 52.779
5918.2 1259.35 52.8846
5921.94 1268.99 52.9754
5929.62 1288.87 53.1177
5933.87 1303.39 53.2025
5935.04 1308.9 53.2212
5939.56 1321.58 53.3645
5941.66 1327.3 53.4165
5944.95 1334.31 53.5051
5968.15 1345.87 54.3316
5969.37 1351.88 53.675
5972.31 1359.42 53.7327
5977.02 1368.61 53.8166
5982.63 1378.34 53.8762
5992.92 1395.04 53.9966
5997 1402.6 54.0712
6001.14 1410.48 54.1296
6004.21 1417.07 54.172
6007.75 1424.25 54.2478
6011.7 1431.76 54.3265
6016.66 1440.42 54.4168
6021.88 1449.48 54.4916
6026.87 1458.11 54.5655
6031.62 1466.47 54.6554
6040.06 1482.03 54.7484
6045.53 1493.65 54.8152
6049.9 1503.58 54.8975
6052.43 1508.58 54.9511
6056.27 1515.39 55.0159
6065.93 1532.22 55.1444
6073.3 1546.54 55.2053
6077.91 1555.51 55.2748
6082.77 1565.18 55.3596
6087.39 1574.02 55.4208
6091.13 1581.12 55.4582
6098.7 1593.35 55.578
6103.01 1599.21 55.6461
6122.05 1606.98 56.1596
6126.35 1614.4 55.8448
6128.21 1617.39 55.9005
6130.31 1621.54 55.9697
6137.43 1629.62 56.1941
6151.19 1645.99 56.2933
6158.32 1654.64 56.3978
6165.26 1663.23 56.4791
6171.51 1671.36 56.5557
6177.39 1679.44 56.6114
6182.95 1687.5 56.6772
6188.28 1695.62 56.7862
6193.49 1703.82 56.8656
6198.95 1711.87 56.9416
6204.46 1720.57 57.0348
6209.71 1729.49 57.1228
6219.38 1746.37 57.228
6222.92 1752.78 57.2788
6228.46 1762.7 57.3577
6230.66 1766.94 57.3987
6229.26 1768.32 57.2731
6232.95 1773.83 57.3571
6233.12 1777.23 57.3047
6237.72 1784.15 57.3927
6242.66 1791.41 57.4282
6244.36 1796.88 57.3985
6247.11 1803.46 57.4213
6257.85 1819.79 57.5107
6264.52 1827.77 57.536
6269.93 1833.89 57.5666
6271.62 1837.18 57.5048
6273.4 1840.4 57.498
6279.67 1846.72 57.5258
6282.38 1850.07 57.471
6288.45 1857.5 57.4257
6294.46 1865.08 57.3952
6299.71 1871.6 57.3543
6305.64 1879.4 57.2421
6312.22 1888.35 57.1047
6319.53 1898.5 57.0011
6327.39 1909.05 56.9006
6334.57 1918.41 56.7802
6347.15 1933.17 56.5721
6347.15 1933.17 56.5721
6351.54 1938.61 56.4419
6360.15 1950.02 56.1735
6365.81 1957.07 56.036
6375.38 1967.42 55.9305
6381.3 1974.58 55.8423
6391.43 1987 55.6189
6397.17 1994.11 55.4846
6407.33 2005.68 55.3611
6413.97 2013.48 55.229
6416.07 2016.92 55.1235
6418.7 2021.78 54.9912
6418.7 2021.78 54.9912
6422.41 2028.33 54.8055
6432.3 2044.02 54.4952
6432.3 2044.02 54.4952
6446.17 2062.81 54.2515
6453.42 2071.65 54.1901
6460.56 2080.44 54.0733
6467.05 2088.57 53.9705
6472.81 2095.64 53.896
6485.04 2109.93 53.8414
6490.91 2116.18 53.8037
6497.48 2122.69 53.7762
6504.3 2129.38 53.7351
6510.18 2134.99 53.7039
6516.02 2141.09 53.6326
6521.94 2147.25 53.5116
6533.51 2159.11 53.262
6539.92 2165.28 53.0277
6547.3 2171.68 52.7983
6554.59 2179.28 52.5549
6562.78 2187.44 52.314
6571.42 2195.59 52.0746
6580.23 2203.79 51.8507
6588.89 2212.56 51.6015
6597.22 2221.65 51.3902
6607.04 2232 51.1999
6616.96 2241.96 50.9863
6626.22 2250.36 50.74
6635.15 2257.65 50.4901
6642.85 2264.33 50.061
6650.99 2270.95 49.8016
6658.66 2276.72 49.5615
6666.31 2282.18 49.34
6679.21 2287.32 48.9654
6689.31 2294.49 48.8105
6693.52 2297.39 48.6875
6702.38 2304.79 48.329
6707.46 2309.99 48.0826
6712.08 2314.86 47.953
6723.18 2326.2 47.5777
6734.65 2328.89 47.3194
6743.08 2337.06 47.0157
6747.05 2340.37 46.8401
6751.92 2344.45 46.522
6757.89 2349.66 46.1616
6765.01 2355.52 45.7606
6773.7 2362.35 45.2928
6784.12 2370.26 44.7593
6796.48 2378.34 44.3501
6808.45 2385.38 43.8491
6830.02 2396.78 43.0575
6838.7 2400.7 42.7609
6846.27 2402.44 42.0689
6855 2405.29 41.2951
6873.2 2410.92 40.2191
6880.97 2412.56 39.9368
6889.35 2414.14 39.4377
6899.31 2416.61 38.8766
6921.61 2422.49 37.8588
6932.3 2425.58 37.2478
6943.25 2429.51 36.6723
6955.03 2434.69 36.1015
6965.08 2438.85 35.8306
6984.37 2445.05 35.2359
6998.3 2446.66 34.8771
7004.2 2446.37 34.6492
7025.24 2447.49 34.0621
7033.86 2448.6 33.6758
7043.37 2450.54 33.3125
7053.11 2453.05 32.9838
7063.74 2456.52 32.6081
7075.34 2460.66 32.1857
7087.27 2465.15 31.7392
7098.43 2469.12 31.3202
7109.25 2472.82 30.922
7120.03 2476.21 30.5051
7130.82 2479.36 30.0483
7142.55 2482.57 29.6417
7153.25 2485.29 29.2653
7164.21 2488.12 28.8491
7175.46 2491.01 28.3769
7192.44 2494.37 28.0245
7216.87 2499.44 27.6241
7231.7 2498.7 27.1645
7234.98 2497.65 26.9271
7239.31 2497 26.4684
7254.25 2498.48 25.286
7261.39 2499.21 25.0458
7291.71 2502.44 24.4855
7308.43 2502.69 23.8693
7315.81 2500.58 23.3125
7323.7 2498.86 22.8123
7344.61 2499.76 22.3006
7357.92 2502.08 21.6927
7361.69 2500.75 21.4911
7374 2501.48 20.9344
7384.9 2501.72 20.3556
7401.05 2504.41 19.8368
7423.56 2507.87 18.9667
7432.59 2507.53 18.3684
7443.04 2505.44 17.8135
7453.55 2504.95 17.5347
7466.99 2505.02 16.9034
7476.45 2503.21 16.2458
7490.48 2502.85 15.7221
7516.23 2501.35 14.797
7522.75 2498.64 14.4394
7533.41 2497.22 13.8366
7559.49 2496.12 12.8883
7578.02 2492.91 12.2616
7585.07 2491.01 11.6053
7599.57 2486.31 11.0202
7606.53 2484.62 10.7726
7614.92 2482.5 10.1752
7628.45 2477.59 9.24521
7639.24 2472.39 8.57659
7648.75 2470.92 8.05955
7666.21 2468.84 7.42219
7674.43 2466.23 6.88099
7674.91 2462.01 6.09684
7681.78 2458.03 5.53708
7692.92 2454.88 4.99442
7704.63 2452.11 4.34355
7712.53 2450.59 3.79718
7726.57 2446.84 3.26254
7745.19 2445.25 2.68666
7758.17 2441.99 1.96882
7766.4 2435.43 1.40482
7778.19 2431.73 0.800651
7790.18 2429.5 0.232438
7803.91 2426.52 359.92
7813.66 2424.64 359.154
7823.38 2422.81 358.119
7839.4 2416.34 357.36
7849.82 2409.49 356.548
7860.47 2402.1 355.906
7865.58 2398.43 355.267
7875.91 2394.2 354.786
7890.49 2386.33 354.464
7903.15 2378.91 354.145
7916.53 2371.13 352.871
7924.88 2367.31 352.331
7940.05 2359.83 352.001
7948.48 2355.54 351.133
7965.55 2347.61 350.561
7986.42 2333.7 350.173
7996.56 2327.46 349.567
8006.63 2319.77 348.776
8020.59 2309.47 348.404
8028.28 2304.15 347.861
8035.04 2299.06 347.571
8038.16 2296.34 346.8
8050.5 2287.54 346.066
8064.21 2256.73 344.376
8064.26 2256.67 344.376
8064.27 2256.65 344.376
8065.62 2253.24 344.435
8068.04 2250.12 344.649
8073.84 2244.41 344.655
8070.14 2244.44 344.426
8072 2242.25 344.647
8063.45 2246.25 344.417
8058.71 2248.9 344.414
8057.46 2249.82 344.418
8061.08 2247.66 344.422
8058.14 2250.2 344.418
8057.78 2250.76 344.418
8057.62 2251.61 344.414
8064.12 2247.78 344.647
8066.3 2246.05 344.422
8070.31 2243.21 344.646
8073.18 2240.86 344.654
8075.09 2238.92 344.644
8077.98 2236.72 344.686
8077.18 2238.18 344.497
8092.16 2232.29 344.779
8098 2231.25 344.651
8107.76 2226.54 344.795
8122.84 2221.53 344.832
8135.99 2217.44 344.831
8148.71 2209.99 344.853
8156.5 2204.16 344.854
8160.75 2203.23 344.76
8166.28 2203.42 344.798
8174.8 2199.39 344.882
8191.67 2196.12 344.869
8201.27 2192.25 344.87
8205.59 2192.37 344.744
8211.08 2192.24 344.728
8230.15 2181.46 344.848
8237.85 2176.73 344.848
8245.63 2172.06 344.862
8252.88 2167.74 344.844
8268.07 2162.94 344.848
8273.95 2163.45 344.838
8290.51 2157.55 344.88
8298.21 2155.43 344.851
8312.76 2148.82 344.875
8324.16 2146.12 344.917
8331.1 2142.92 344.85
8338.27 2140.01 344.873
8348.75 2138.5 344.878
8358.47 2137.08 344.903
8369.63 2134.67 344.924
8376.11 2132.18 344.808
8391.57 2129.01 344.829
8398.4 2126.45 344.776
8418.72 2122.57 344.78
8424.91 2120.3 344.636
8436.9 2117.63 344.715
8447.71 2115.21 344.616
8456.96 2112.01 344.453
8460.85 2110.68 344.418
8472.34 2107.51 344.311
8475.74 2106.44 344.304
8485.92 2104.43 344.336
8493.29 2101.7 344.143
8507.85 2095.51 343.973
8523.73 2090.91 343.981
8538.46 2087.51 343.841
8543.45 2085.24 343.653
8547.71 2082.39 343.584
8553.1 2079.2 343.463
8558.12 2076.11 343.389
8574 2067.76 343.226
8580.85 2064.21 343.149
8587.47 2061.23 342.735
8598.32 2062.66 342.635
8606.17 2062.77 342.726
8613.16 2058.41 342.365
8620.11 2053.69 342.182
8627.38 2048.22 341.961
8637.28 2046.45 342.083
8648.76 2039 341.883
8659.41 2031.88 341.769
8664.15 2029.05 341.423
8670.46 2025.61 341.286
8684.86 2017.65 341.429
8698.43 2010.3 341.4
8711.2 2003.46 341.351
8733.53 1991.86 341.26
8742.33 1987.13 341.229
8749.04 1983 341.185
8755.23 1979.41 341.152
8762.98 1975.21 341.113
8771.5 1972.7 341.037
8777.79 1969.63 340.996
8790.63 1964.96 340.932
8798.76 1962.9 340.978
8809.48 1960.77 341.014
8821.87 1955.31 340.93
8827.56 1952.87 340.991
8835.46 1949.98 341.053
8843.89 1946.88 341.108
8860.3 1941.47 341.189
8868.94 1940.26 341.245
8879.96 1936.95 341.299
8876.61 1940.41 341.077
8885.96 1936.98 341.36
8896.71 1932.92 341.45
8906.42 1928.9 341.43
8931.23 1916.36 341.552
8936.35 1913.43 341.587
8940.2 1911.03 341.602
8944.06 1910.12 341.503
8952.32 1906.18 341.739
8960.73 1902.3 341.763
8970.69 1899.4 341.871
8982.39 1895.75 341.88
8992.52 1891.23 341.953
9004.87 1887.62 342.052
9015.71 1883.53 342.039
9038.39 1875.64 342.136
9046.38 1872.09 342.164
9054.78 1868.22 342.2
9063.77 1864.24 342.26
9074.84 1861.44 342.46
9083.9 1857.7 342.469
9091.22 1854.7 342.532
9109.73 1849.71 342.878
9112.56 1849.75 342.817
9116.94 1849.96 342.912
9125.33 1847.84 343.156
9134.38 1845.64 343.307
9142.05 1844.58 343.351
9153.54 1843.32 343.476
9165.87 1841.73 343.797
9169.22 1842.57 343.728
9181.18 1841.76 343.998
9185.89 1842.99 343.995
9200.07 1840.55 344.333
9209.24 1839.16 344.41
9221.15 1837.94 344.593
9231.66 1838.08 344.491
9236.89 1838.36 344.657
9246.31 1839.18 344.786
9256.61 1840.01 344.938
9271.71 1838.85 345.221
9277.27 1838.88 345.193
9282.38 1838.99 345.257
9294.26 1840.98 345.423
9308.38 1841.89 345.611
9335.44 1839.08 345.788
9348.17 1834.73 346.041
9358.57 1831.56 346.074
9364.03 1834.37 346.112
9383.41 1828.94 346.519
9395.6 1825.81 346.675
9406.89 1823.37 346.912
9413.86 1822.47 347.14
9425.53 1820.8 347.377
9430.73 1819.78 347.514
9436.74 1819.32 347.66
9453.74 1817.73 348.019
9460.29 1818.05 348.137
9472 1818.05 348.326
9486.22 1816.78 348.595
9493 1816.03 348.716
9497 1815.55 348.845
9508.24 1812.5 349.142
9517.93 1811.08 349.358
9523.99 1809.68 349.512
9529.29 1808.56 349.705
9537.81 1808.57 350.002
9553.65 1807.71 350.215
9563.68 1807.82 350.354
9573.28 1808.22 350.567
9578.91 1808.39 350.707
9596.6 1807.62 351.085
9601.57 1807.59 351.092
9616.14 1808.09 351.387
9622.69 1808.96 351.6
9632.44 1809.18 351.842
9644.67 1808.9 352.088
9655.38 1808.96 352.197
9675.26 1809.66 352.471
9682.35 1810.98 352.65
9692.16 1811.73 352.884
9703.56 1812.46 353.092
9720.68 1815.8 353.323
9727.12 1817.12 353.44
9746.76 1817.91 353.776
9760.74 1819.06 353.992
9771.93 1819.66 354.212
9774.53 1820.77 354.322
9779.05 1821.66 354.574
9791.75 1823.27 355.105
9803 1825.65 355.445
9815.33 1826.51 355.861
9824.28 1828.13 356.224
9831.55 1829.92 356.576
9837.49 1830.62 356.763
9842.92 1831.14 356.943
9851.63 1831.93 357.668
9867.62 1833.62 358.05
9883.62 1835.94 358.49
9894.43 1838.26 358.838
9899.8 1839.32 359.065
9904.76 1840.72 359.373
9922.46 1844.24 359.889
9941.24 1851.74 359.998
9947.15 1853.69 359.98
9952.38 1855.94 0.957416
9958.46 1858.63 1.38987
9965.25 1860.94 1.8438
9973.94 1863.05 2.22124
9981.32 1865.51 2.63067
9991.39 1868.25 2.89502
9999.73 1871.27 3.22731
10014.3 1878.43 3.77142
10022.9 1881.57 4.19698
10022.9 1881.57 4.19698
10028.6 1884.2 4.35368
10049.2 1892.63 5.434
10059.3 1897.03 5.8986
10071.1 1902.36 6.43804
10081.9 1907.19 6.87007
10098.5 1917.59 7.7319
10111.1 1926.06 8.14002
10121.5 1933.07 8.61699
10133 1939.83 9.11026
10133 1939.83 9.11026
10135.7 1945.04 9.78095
10146 1951.94 10.2598
10152.6 1958.33 10.6148
10152.8 1962.95 10.7446
10169.2 1970.47 11.3689
10178.3 1977.01 11.5337
10190.7 1982.96 11.9473
10195.5 1985.36 12.0312
10197.2 1988.07 12.3503
10204.6 1991.17 12.6203
10214.6 1994.34 12.9053
10224.2 1997.96 13.0884
10224.8 1998.6 13.0053
10236.4 2003.27 13.3179
10249.3 2007.28 13.7941
10261 2011.33 13.8778
10277.7 2017.1 14.3097
10289.1 2022.54 14.5743
10299.2 2026.89 14.862
10307.4 2031.02 15.0937
10303.8 2030.59 14.9452
10304.5 2031.47 15.1765
10322.8 2039.06 15.815
10338.2 2046.36 15.7848
10351.7 2052.16 15.9686
10360 2055.47 16.2464
10362.7 2056.4 16.1824
10372 2059.92 16.5141
10377.7 2061.43 16.5605
10385 2063.19 16.7265
10399.9 2067.16 16.9462
10412.7 2071.24 17.1579
10427.5 2077.56 17.4227
10435.1 2080.42 17.4574
10446.6 2085.27 17.6275
10448.9 2086.88 17.711
10471.5 2096.4 18.1549
10472.4 2097.23 17.9811
10484.3 2101.64 18.3966
10488.1 2103.51 18.2652
10493.5 2106.21 18.4456
10507.3 2111.63 18.8321
10518.7 2116.73 18.9732
10523.6 2120.08 18.9191
10543.1 2130.3 19.3712
10546.5 2133.46 19.2255
10561.3 2139.88 19.6309
10566.1 2143.75 19.5317
10580.6 2150.41 19.926
10584.8 2154.2 19.8185
10598.9 2162.83 20.0372
10609.9 2168.21 20.3736
10621.6 2173.4 20.5461
10634.5 2179.01 20.7657
10638.4 2182.09 20.7085
10652 2188.39 21.123
10656 2191.75 21.0624
10668 2197.4 21.4557
10672.4 2200.79 21.4526
10678.2 2204.55 21.6715
10691.8 2210.1 22.0168
10697.7 2213.79 22.0364
10703.9 2217.54 22.2095
10709.1 2221.05 22.3322
10726.3 2230.61 22.8338
10732 2237.29 22.9852
10744.9 2244.27 23.4585
10748.7 2249.63 23.5685
10772.4 2263.91 24.1372
10779.2 2268.35 24.2149
10789.1 2276.34 24.5793
10792.9 2280.06 24.7693
10788.1 2280.53 24.9168
10784.7 2281.43 25.0538
10791 2287.88 25.4883
10794.7 2295.98 25.9383
10798.3 2299.57 26.1252
10817.7 2312.64 26.5635
10820.4 2315.56 26.6873
10825 2321.18 26.931
10828.6 2324.88 27.2701
10828.6 2324.88 27.2701
10833.8 2329.64 27.6836
10858.1 2344.91 28.6727
10862.6 2349.88 28.7101
10881 2362.99 29.3657
10895.4 2372.73 29.7049
10902.1 2377.21 30.0121
10899.2 2380.73 30.2368
10910.3 2389.32 30.8008
10911.5 2392.59 30.9889
10914.2 2396.77 31.2723
10923.8 2407.25 31.7347
10933.1 2417.66 32.1153
10941.3 2427.61 32.4205
10940.5 2429.34 32.337
10944.7 2434.66 32.8124
10954.2 2446.24 33.3378
10954.2 2446.24 33.3378
10977.6 2463.1 33.9272
10978.5 2467.8 34.1643
10979.2 2475.9 34.425
10980.7 2480.92 34.696
10982.1 2485.83 34.8551
11001.4 2500.01 35.2539
11006.9 2511.05 35.3636
11006.6 2514.52 35.6864
11014.3 2526.55 35.8363
11019.2 2533.23 36.0744
11025.4 2541.06 36.3069
11032.8 2550.29 36.5795
11053.9 2562.97 36.7486
11059 2572 37.0208
11066.2 2586.69 37.2584
11070.7 2593.81 37.4744
11076.6 2604.14 37.6886
11080.1 2609.38 37.9205
11084.6 2615.2 38.1226
11084.6 2615.2 38.1226
11095.1 2628.76 38.6456
11103.6 2640.65 38.8822
11111 2651.17 39.1084
11118 2660.99 39.3539
11124.5 2670.2 39.6543
11127.4 2674.5 39.7877
11126.8 2676.72 40.0408
11131.1 2683.41 40.6202
11136.2 2690.92 40.9115
11136.2 2690.92 40.9115
11141.7 2698.7 41.2122
11150.1 2707.63 41.6405
11158.6 2716.71 42.0589
11167.4 2726.21 42.4237
11185.4 2736.15 42.7103
11201 2746.3 43.1097
11205.9 2759.06 43.5791
11208.6 2766.17 43.9584
11211 2773.1 44.3085
11222.6 2780.17 44.54
11235.3 2788.22 44.9352
11234.5 2793.7 45.1947
11239 2802.78 45.6083
11247.7 2802.31 45.9536
11237.4 2810.85 46.0724
11230.4 2820.9 46.2043
11228.2 2827.04 46.468
11228.3 2834.86 46.6787
11230.1 2844.06 46.9213
11231.9 2852.6 47.0582
11259.3 2865.61 47.8415
11267.1 2877.21 47.7064
11265.2 2884.44 47.8966
11274.8 2896.44 48.4705
11272.5 2902.77 48.3002
11277.8 2913.82 48.5703
11283.7 2925.23 48.793
11289.6 2937.08 49.0492
11295.7 2950.03 49.3328
11301 2962.32 49.5858
11305 2972.67 49.7651
11308.2 2981.5 49.9455
11311.3 2989.35 50.2455
11315.2 2997.59 50.4934
11322 3011.78 50.8116
11326.2 3021.54 51.0191
11329.5 3029.85 51.2537
11332.8 3036.11 51.5007
11338.4 3047.29 51.716
11343.6 3057.14 51.9355
11348.7 3066.57 52.1893
11351.3 3071.68 52.3379
11355.1 3078.65 52.6583
11363.3 3093.63 53.1087
11366.3 3099.66 53.2336
11369.7 3106.38 53.4817
11373.4 3113.6 53.7722
11377.8 3121.81 54.1173
11382.5 3130.53 54.402
11387.7 3139.64 54.6541
11393 3149.11 54.9745
11404.1 3172.55 55.5437
11406.1 3178.1 55.7003
11409.2 3187.43 56.0024
11411.7 3193.58 56.2831
11414.8 3201.04 56.5892
11418.1 3208.99 56.9214
11424.3 3224.91 57.4678
11426.3 3231.15 57.6439
11428.7 3238.47 58.0393
11432.8 3253.53 58.6284
11434 3259.9 58.827
11435 3265.76 58.9791
11439.9 3282.24 59.7888
11445.1 3298.73 60.2349
11447.8 3307.45 60.574
11449.4 3314.52 60.7624
11451.4 3327.71 61.3296
11452.4 3340.5 61.7946
11452.3 3346.14 62.008
11453.1 3359.5 62.5584
11453.1 3359.5 62.5584
11454 3367.94 62.9607
11455.5 3378.63 63.3955
11458.1 3401.35 64.1446
11458.6 3418.34 64.4878
11451.6 3424.5 64.8551
11449.1 3428.03 65.0489
11448 3433.49 65.438
11447.8 3440.32 65.7624
11449.4 3456.67 66.2968
11450.7 3466.35 66.6664
11452.1 3483.11 67.0349
11452.8 3491.87 67.3453
11452.8 3491.87 67.3453
11455.5 3511.76 67.9441
11460.5 3525.81 68.3052
11462.1 3536.23 68.5428
11463.7 3546.21 68.781
11464.9 3555.65 69.0568
11465.3 3563.39 69.2027
11466.5 3578.45 69.5835
11467.5 3586.55 69.8547
11468.6 3595.38 70.0908
11469.9 3605.1 70.3129
11470.8 3615.52 70.5909
11471.7 3626.32 70.8507
11472.4 3636.69 71.0904
11473.1 3646.89 71.3184
11473.7 3657.33 71.5848
11474.4 3667.82 71.8232
11475.2 3678.36 72.053
11479.7 3692.54 72.3238
11483.9 3705.64 72.5802
11489.6 3724.63 72.8367
11491.5 3732.08 73.0461
11492.9 3739.44 73.2621
11493.7 3745.42 73.4343
11494.3 3751.87 73.7608
11494.7 3759.86 74.0281
11495.1 3767.82 74.2472
11495.8 3776.61 74.5593
11497.6 3794.68 75.0155
11498.1 3807.64 75.3156
11497.7 3816.71 75.571
11496.4 3825.26 75.8938
11494.7 3837.13 76.2812
11493 3853.65 76.6507
11492.7 3863.59 76.9684
11492.8 3873.31 77.1388
11492.7 3879.61 77.3062
11492.6 3884.66 77.4291
11493.1 3891.04 77.7896
11493.9 3898.8 78.1724
11494.6 3911.98 78.5292
11494.9 3917.81 78.7843
11495.5 3925.88 79.1585
11496 3936.03 79.5398
11495.9 3951.83 79.8413
11494.8 3962.11 80.0659
11494.3 3967.12 80.2807
11493.9 3973.99 80.6489
11493 3986.66 81.0263
11492.7 3992.42 81.1509
11492.5 3998.92 81.3885
11492.4 4005.9 81.618
11492.4 4013.79 81.9389
11492 4031.57 82.451
11491.6 4040.18 82.6952
11491.1 4048.92 82.938
11490.9 4059.62 83.2822
11490.9 4072.17 83.5943
11490 4094.14 83.9313
11488.3 4109.97 84.146
11486.1 4113.88 84.1185
11484 4114.95 84.4567
11483 4116.54 84.5899
11482.1 4121.29 84.9227
11479.9 4132.35 85.318
11478.4 4139.05 85.65
11476.9 4147.63 85.9552
11475.4 4157.09 86.218
11472.3 4172.85 86.5098
11470.6 4179.62 86.6939
11467 4194.95 87.1808
11463.6 4206.3 87.4413
11462 4212.5 87.7181
11458.7 4225.68 88.1635
11457.3 4233.08 88.3645
11455.9 4241.87 88.6528
11454.2 4251.83 88.9476
11452.2 4263.24 89.2756
11449.8 4273.28 89.4499
11447.1 4284.32 89.7588
11443.9 4295.27 90.0536
11440.8 4306.36 90.3303
11434.7 4321.15 90.6858
11429.1 4334.15 90.9688
11423.9 4345.89 91.2785
11419 4356.97 91.5752
11409.8 4378.65 92.1667
11402.1 4393.38 92.4652
11398.7 4399 92.5966
11395.6 4404.2 92.7256
11392.3 4410.86 93.0649
11388.9 4418.33 93.3341
11382.3 4435.83 93.9344
11376.2 4451.64 94.2698
11371 4463.61 94.5539
11368.6 4469.02 94.6552
11366.4 4475.97 94.9442
11364.2 4483.17 95.1133
11359.5 4503.24 95.7509
11354.2 4518.97 96.0487
11350.7 4527.54 96.3756
11347.2 4535.09 96.5501
11343.2 4543.69 96.858
11339.1 4552.84 97.1501
11331 4570.6 97.5935
11327.4 4577.56 97.7491
11320.2 4592.82 98.2075
11317 4598.69 98.352
11310.9 4611.1 98.7722
11305.8 4621.45 99.079
11303.2 4628.33 99.3822
11300.3 4636.22 99.6816
11297.7 4644.82 99.9606
11295.6 4652.45 100.111
11293.3 4660.58 100.381
11288.5 4676.39 100.819
11284.1 4688.56 101.14
11281.6 4695.66 101.458
11279.8 4700.69 101.739
11278.1 4705.23 101.877
11275.9 4711.88 102.167
11273.4 4719.5 102.47
11270 4729.21 102.796
11265.7 4740.21 103.111
11260.4 4752.68 103.455
11253.5 4769.5 103.839
11252 4774.71 104.067
11251.2 4778.16 104.345
11249.8 4783.33 104.647
11247.7 4790.61 104.976
11243.2 4802.68 105.296
11240 4808.22 105.585
11236.4 4813.45 105.856
11231.8 4820.3 106.185
11222.7 4833.62 106.542
11217.7 4841.79 106.839
11213.3 4848.54 106.976
11204.5 4859.5 107.359
11199.2 4865.32 107.721
11194.2 4870.16 107.875
11188.8 4875.94 108.163
11183.1 4881.49 108.393
11177.2 4887.44 108.649
11171.4 4893.53 108.903
11165.7 4900.33 109.14
11160.4 4907.47 109.379
11155.1 4915.93 109.636
11149.6 4924.61 109.902
11143.9 4933.25 110.123
11132.9 4955.05 110.638
11128.1 4964.35 110.845
11120.7 4978.26 111.087
11118 4983.74 111.197
11115 4990.3 111.396
11111.9 4997.39 111.6
11105.2 5013.02 111.966
11102.2 5019.91 112.112
11095.9 5033.49 112.424
11093.6 5038.17 112.52
11090.8 5044.05 112.74
11087.8 5050.82 112.968
11084.5 5057.94 113.213
11078.1 5071.33 113.56
11070.8 5086.02 113.919
11068.6 5090.27 114.057
11064.9 5097.32 114.242
11061.5 5103.75 114.451
11056.1 5112.34 114.722
11047.1 5125.75 115.085
11038.4 5137.77 115.332
11031 5147.22 115.535
11024.2 5156.1 115.79
11021.4 5159.87 115.878
11013.2 5172.13 116.197
11007.5 5181.16 116.454
11004.3 5186.27 116.587
11001.2 5191.22 116.728
10997 5197.53 117
10991.8 5204.6 117.282
10985.4 5213.2 117.607
10978.2 5222.82 117.915
10962.7 5242.24 118.459
10955.7 5250.53 118.58
10949.1 5257.82 118.762
10934 5275.41 119.513
10921 5289.11 119.778
10910.9 5297.92 120.069
10906.5 5301.47 120.266
10896.1 5311.12 120.725
10890.4 5316.13 120.974
10879.9 5325.58 121.303
10874.1 5331.59 121.603
10863.2 5341.85 121.918
10857 5347.16 122.23
10846 5355.33 122.518
10836.7 5360.52 122.766
10827 5365.99 123.106
10827 5365.99 123.106
10814.9 5374.75 123.693
10807.8 5380.14 124.014
10799.9 5386.3 124.314
10786.5 5395.62 124.627
10775.9 5402.2 124.923
10767.5 5407.61 125.228
10762.6 5411.65 125.509
10756.8 5417.34 125.837
10747.1 5426.23 126.076
10738.4 5433.91 126.378
10729.3 5441.84 126.741
10720.1 5449.61 127.033
10715.7 5453.15 127.165
10710.4 5457.58 127.453
10710.4 5457.58 127.453
10692.5 5473.71 128.266
10683.1 5481.81 128.422
10665.3 5495.66 128.836
10653.2 5502.55 129.085
10644.7 5506.94 129.361
10637.9 5511.06 129.67
10632 5515.56 129.955
10628.1 5519.51 130.215
10623.6 5524.77 130.511
10618.1 5531.46 130.813
10608.5 5543.26 131.136
10601 5552.61 131.42
10598.1 5556.49 131.541
10593.4 5561.94 131.83
10582.1 5573.56 132.281
10575.9 5579.13 132.603
10569.3 5585.09 132.881
10563.3 5590.2 133.046
10556.6 5595.87 133.343
10550.5 5600.59 133.576
10537.6 5609.66 134.028
10527.9 5614.67 134.285
10519.2 5618.4 134.579
10510.8 5622.07 134.853
10503 5625.43 135.13
10497.1 5628.69 135.423
10489.3 5633.4 135.782
10475.7 5640.85 136.083
10463.9 5646.66 136.361
10453.5 5651.53 136.648
10444.1 5655.76 136.932
10435.2 5659.01 137.202
10430.8 5660.65 137.365
10423.7 5659.94 137.429
10414.9 5661.39 137.717
10412.4 5660.35 137.841
10409.9 5659.38 137.96
10396.9 5669.72 138.956
10379.4 5681.79 139.295
10369.9 5689.24 139.476
10357.3 5697.51 139.483
10348.4 5702.43 139.764
10341.4 5707.19 140.329
10334.4 5707.28 140.452
10322.9 5711.13 140.752
10319.3 5709.4 140.958
10313.7 5709.15 141.179
10306.1 5709.84 141.493
10291.3 5711.73 141.891
10280.3 5712.68 142.121
10275.2 5713.41 142.266
10269.3 5715.17 142.564
10261.4 5718.07 142.918
10247.2 5727.26 143.597
10233.8 5735.39 143.886
10228.6 5735.66 143.716
10213.4 5740.64 144.249
10192.5 5749.73 144.668
10182.9 5755.62 145.212
10178.5 5753.81 145.141
10173.3 5754.57 145.568
10166.6 5755.9 145.951
10158.2 5758.39 146.317
10137.6 5767.14 146.837
10125.4 5773.6 147.452
10114.7 5773.89 147.653
10105.3 5774.17 148.025
10099.9 5775.27 148.236
10086.7 5782.43 149.032
10075.6 5783.64 149.176
10058.2 5790.39 149.979
10047.9 5795.36 150.191
10044.2 5794.86 150.116
10022.5 5805.18 151.169
10015.1 5808.35 151.301
10001.9 5813.79 151.881
9994.56 5817.11 152.228
9986.98 5820.62 152.52
9975.38 5825.01 152.841
9968.49 5827 153.172
9957.24 5829.26 153.447
9946.84 5830.88 153.761
9940.31 5832.45 154.009
9928.63 5834.69 154.219
9922.52 5836.07 154.427
9909.4 5838.81 154.728
9897.31 5841.19 155.019
9886.88 5842.85 155.242
9879.68 5844.41 155.469
9863.9 5847.35 155.768
9846.25 5850.19 156.055
9835.92 5852.09 156.302
9825.68 5853.94 156.534
9810.73 5856.23 156.722
9801.38 5857.06 156.918
9797.12 5857.77 157.057
9792.29 5858.56 157.241
9780.52 5861.34 157.587
9770.58 5863.47 157.797
9765.24 5864.74 157.98
9758.18 5866.33 158.2
9748.75 5868.31 158.479
9738.09 5870.41 158.759
9728.49 5872.07 158.899
9710.1 5874.87 159.225
9699.2 5877.03 159.5
9687.97 5879.31 159.768
9677.12 5881.63 159.965
9668.25 5883.42 160.114
9659.36 5885.15 160.345
9649.48 5886.98 160.638
9634.06 5888.9 160.884
9624.06 5889.02 161.058
9618.09 5889.29 161.263
9607.09 5889.63 161.488
9596.38 5889.95 161.734
9590.76 5890.56 161.875
9584.19 5891.6 162.066
9568.8 5895.23 162.4
9557.07 5897.43 162.603
9549.28 5898.97 162.854
9536.1 5900.76 163.142
9525.1 5901.24 163.41
9514.1 5901.63 163.712
9503.84 5902.01 163.96
9496.94 5902.59 164.252
9488.69 5903.59 164.523
9479.27 5904.88 164.832
9464.84 5906.65 165.097
9452.62 5908.21 165.4
9442.07 5909.56 165.684
9433.1 5910.48 165.929
9425.82 5911.27 166.218
9417.5 5911.74 166.495
9405.84 5912.13 166.869
9399.92 5912.11 167.016
9386.4 5911.39 167.367
9373.62 5910.27 167.678
9361.78 5909.61 168.02
9353.18 5909.47 168.275
9346.58 5909.42 168.498
9343.64 5909.46 168.62
9335.51 5909.55 169.028
9329.29 5909.7 169.328
9317.22 5909.72 169.607
9305.11 5909.53 169.895
9294.15 5908.96 170.116
9282.67 5908.36 170.358
9271.38 5907.25 170.565
9264.28 5906.77 170.716
9250.37 5906.06 170.909
9242.1 5905.92 171.079
9233.38 5905.91 171.203
9218.9 5905.29 171.372
9193.06 5904.14 171.639
9175.68 5902.42 171.777
9168.95 5901.47 171.855
9161.33 5900.93 172.023
9153.04 5900.69 172.199
9136.5 5899.46 172.451
9129.71 5898.59 172.537
9135.87 5892.98 172.145
9121.32 5885.86 172.742
9110.37 5883.55 172.951
9095.89 5881.56 173.264
9079.03 5880.06 173.563
9062.46 5878.66 173.787
9044.57 5877.96 174.045
9024.76 5877.51 174.394
9002.71 5876.68 174.778
8952.62 5872.91 175.471
8934.69 5870.76 175.57
8921.21 5868.25 175.738
8907.37 5866.65 175.986
8891.21 5865.57 176.321
8876.32 5864.33 176.505
8859.61 5862.77 176.814
8841.61 5860.84 177.105
8821.5 5858.59 177.437
8799.09 5856.99 177.764
8777.38 5855.36 178.064
8757.42 5853.04 178.334
8739.62 5850.38 178.516
8697.34 5845.07 178.962
8665.87 5841.18 179.105
8654.78 5839.76 179.181
8645.41 5838.53 179.241
8618.06 5836.25 179.583
8592.76 5835.09 179.75
8573.08 5834.36 179.875
8564.67 5834.1 179.956
8519.52 5834.72 180.814
8490.4 5835.21 180.892
8464.17 5835.94 180.843
8425.82 5838.59 180.786
8401.53 5841.23 180.82
8385.7 5842.14 180.847
8368.25 5842.97 180.847
8350.22 5843.75 180.825
8329.43 5844.55 180.856
8306.84 5845.71 180.876
8284.94 5845.62 180.879
8251.43 5844.55 180.889
8227.73 5842.84 180.903
8207.03 5840.6 180.889
8209.62 5837.86 179.954
8207.26 5833.63 179.951
8197.55 5831.83 179.952
8177.74 5829.62 179.895
8155.68 5828.2 179.91
8135.7 5827.52 179.898
8124.09 5827.31 179.857
8106.09 5825.92 179.899
8081.19 5823.95 179.948
8059.6 5822.06 179.925
8040.22 5821.04 179.833
8010 5820.78 179.778
7991.12 5821.82 179.761
7969.47 5823.1 179.855
7952.48 5823.32 179.986
7922.09 5823.19 180.128
7897.6 5823.76 180.22
7877.88 5824.48 180.33
7837.37 5826.4 180.872
7805.48 5826.42 181.178
7780.86 5825.16 181.385
7770.64 5824.04 181.519
7757.63 5822.56 181.774
7741.29 5821.23 182.193
7706.76 5816.53 182.865
7680.83 5811.4 183.32
7661.44 5806.46 183.733
7644.49 5802.28 184.094
7628.06 5798.17 184.52
7607.85 5792.98 185.038
7586.94 5785.54 185.457
7575.7 5781.15 185.681
7547.8 5773.78 186.323
7528.26 5768.79 186.731
7519.69 5766.31 186.945
7498.56 5759.52 187.552
7475.9 5752.34 188.022
7453.08 5745.81 188.515
7433.37 5739.21 188.931
7417.38 5733.32 189.282
7417.38 5733.32 189.282
7405.29 5729.37 189.726
7381.91 5723.02 190.681
7345.62 5711.62 191.083
7318.54 5701.81 191.538
7298 5693.83 191.975
7288.38 5689.81 192.183
7294.64 5686.54 191.848
7293.99 5681.42 192.255
7288.1 5675.23 192.639
7276.64 5667.71 193.094
7262.25 5659.31 193.588
7230.88 5641.94 194.399
7204.35 5624.94 194.927
7183.25 5609.77 195.458
7146.28 5594.11 197.205
7102.51 5578 198.055
7086.13 5570.74 198.45
7060.68 5557.26 199.218
7043.09 5544.94 199.933
7019.73 5525.1 201.262
7006.21 5512.23 202.202
6992.2 5500.32 203.145
6980.59 5492.34 204.104
6960.92 5477.26 205.075
6944.32 5461.23 206.068
6938.15 5453.94 206.505
6930.36 5445.5 207.334
6922.44 5437.04 207.838
6897.83 5414.05 209.836
6876.06 5392.43 210.765
6867.58 5383.32 211.296
6852.24 5364.94 212.649
6838.55 5346.54 213.675
6850.67 5342.35 213.664
6849.07 5334.12 214.656
6845.01 5315.67 215.63
6841.89 5299.78 216.424
6837.4 5285.21 217.385
6827.97 5267.74 218.381
6823.04 5258.83 218.854
6823.04 5258.83 218.854
6802.8 5233.86 221.506
6778.62 5206.56 222.312
6763.56 5185.64 223.055
6756.89 5175.12 223.766
6748.49 5161.01 224.57
6740.31 5146.04 225.359
6740.31 5146.04 225.359
6721.77 5109.54 226.971
6714.55 5081.08 227.285
6711.23 5067 227.871
6706.33 5050.33 228.508
6697 5019.76 229.262
6691.13 5002.11 229.879
6685.48 4985.65 230.454
6676.57 4958.45 231.017
6669.54 4943.04 231.57
6656.79 4914.86 232.134
6657.04 4897.35 232.621
6657.14 4885.47 232.724
6662.86 4877.59 233.195
6659.1 4866.82 233.589
6652.61 4852.28 233.948
6645.07 4835.9 234.244
6636.94 4818.15 234.533
6627.53 4798.44 234.734
6617.43 4776.64 234.946
6606.71 4754.2 235.103
6590.88 4719.21 235.278
6582.4 4701.94 235.439
6574.08 4683.08 235.586
6565.56 4663.54 235.715
6556.49 4644.27 235.778
6542.42 4613.25 235.819
6537.34 4600.66 235.826
6505.94 4563.14 236.261
6485.84 4537.75 236.186
6475.11 4522.27 236.108
6469.75 4513.2 235.918
6455.54 4493.38 235.783
6448.21 4484.21 235.734
6432.48 4467.92 235.576
6418.55 4455.99 235.451
6418.98 4450.76 234.925
6414.84 4441.86 234.737
6408.61 4430.49 234.594
6400.47 4416.97 234.44
6385.48 4393.18 234.266
6373.99 4373.24 233.972
6369.14 4363.93 233.888
6361.76 4350.9 233.719
6352.11 4335.6 233.476
6340.93 4318.21 233.26
6328.63 4299.79 233.058
6316.52 4281.95 232.877
6303.15 4264.16 232.728
6286.69 4244.5 232.577
6269.24 4224.31 232.38
6253.55 4205.58 232.233
6239.03 4187.31 232.05
6224.07 4167.16 231.847
6208.68 4147.12 231.656
6192.2 4129.63 231.558
6163.01 4101.52 231.321
6147.95 4087.58 231.135
6132.24 4072.34 230.935
6117.61 4057.54 230.77
6105.53 4046.06 230.693
6081.81 4023.4 230.451
6069.36 4011.6 230.195
6056.72 3999.18 229.909
6046.17 3988.93 229.767
6033.76 3977.05 229.502
6021.73 3963.94 229.101
6008.17 3950.11 228.678
5994.52 3936.36 228.274
5981.21 3923.13 227.852
5953.08 3897.49 227.107
5929.6 3879.47 226.515
5916.75 3869.45 225.914
5902.21 3856.92 225.274
5886.13 3843.46 224.656
5870.29 3831.93 223.973
5853.2 3820.7 223.144
5832.97 3807.43 222.238
5808.56 3792.91 221.187
5783.64 3781.72 220.525
5769.28 3775.69 219.678
5751.49 3768.2 218.498
5729.87 3759.17 217.19
5706.02 3749.79 216.002
5681.92 3741.28 214.904
5656.76 3733.05 213.757
5630.11 3725.25 212.509
5568.65 3712.58 210.648
5524.15 3710.26 209.539
5502.81 3709.72 208.173
5466.07 3710.13 206.529
5438.07 3715.85 205.016
5426.26 3720.08 204.321
5410.31 3723.4 202.894
5371.47 3728.23 200.418
5354.08 3730.82 199.627
5334.9 3732.54 198.204
5295.37 3736.84 196.36
5262.78 3742.64 195.054
5248.02 3745.6 194.369
5212.47 3750.78 192.166
5138.59 3825.21 187.592
5138.28 3826 187.596
5137.92 3826.75 187.622
5137.01 3828.08 187.652
5136.6 3829.21 187.658
5136.25 3830.14 187.651
5136.07 3830.91 187.651
5136.05 3831.27 187.648
5136.01 3831.57 187.651
5135.94 3832.09 187.656
5135.97 3832.58 187.648
5135.97 3832.78 187.648
5135.86 3832.98 187.667
5135.62 3833.14 187.665
5135.32 3833.47 187.663
5135.11 3833.77 187.669
5135.15 3834.02 187.663
5135.13 3834.12 187.663
5135.13 3834.12 187.663
5135.11 3834.21 187.663
5135.1 3834.3 187.663
5135.1 3834.38 187.663
5130.21 3833.8 187.621
5117.68 3832.15 187.534
5107.54 3830.27 187.418
5096.07 3828.08 187.324
5077.48 3824.49 187.255
5066.04 3821.78 187.209
5059.39 3819.88 187.165
5056.41 3818.99 187.128
5048.84 3817.07 186.974
5037.99 3814.5 186.748
5027.1 3812.49 186.57
5017.68 3811.14 186.42
5003.87 3809.88 186.273
4995.5 3809.38 186.11
4985.86 3809.52 185.886
4980.7 3809.7 185.798
4974.2 3809.81 185.692
4967.4 3809.81 185.579
4959.03 3809.72 185.402
4948 3809.64 185.211
4937.33 3809.57 185.031
4918 3809.78 184.829
4904.16 3810.68 184.709
4897.53 3811.42 184.62
4888.55 3812.48 184.411
4872.43 3814.95 184.194
4861.92 3817.18 184.086
4853.91 3819.23 183.884
4845.14 3821.04 183.727
4827.41 3824.03 183.804
4820.59 3825.42 183.757
4805.57 3827.06 183.533
4792.97 3828.15 183.37
4786.25 3828.64 183.192
4774.99 3829.77 183.085
4765.11 3831.06 182.969
4755.14 3832.53 182.765
4744.18 3833.94 182.609
4737.32 3834.61 182.481
4731.03 3835.25 182.411
4725.66 3836.44 182.091
4712.61 3839.24 181.816
4706.49 3840.62 181.734
4690.39 3843.44 181.517
4682.67 3844.63 181.454
4669.67 3846.71 181.333
4658.32 3848.22 181.235
4650.66 3848.72 181.152
4635.52 3849.36 181.036
4625.53 3849.27 180.908
4616.45 3849.06 180.857
4605.98 3848.88 180.758
4596.68 3849 180.659
4580.32 3849.57 180.447
4580.32 3849.57 180.447
4561.32 3850.47 180.234
4540.3 3852.33 180.321
4532.68 3853.03 180.333
4518.24 3854.01 180.271
4502.23 3854.56 180.245
4496.05 3854.53 180.184
4490.16 3854.48 180.185
4475.23 3854.76 180.117
4462.46 3855.36 180.111
4457.28 3855.84 180.099
4450.35 3856.38 180.063
4442.39 3857.43 180.061
4433.89 3858.61 180.075
4420.3 3860.6 180.073
4416 3861.34 180.088
4405 3862.79 180.162
4395.42 3864.02 180.242
4387.01 3864.68 180.288
4382.33 3864.91 180.32
4369.37 3864.89 180.397
4357.54 3864.79 180.479
4350.29 3864.82 180.555
4341.14 3864.92 180.615
4332.9 3865.09 180.642
4315.52 3865.51 180.738
4301.25 3865.93 180.783
4296.14 3866.08 180.758
4289.08 3866.14 180.784
4283.52 3866.35 180.695
4267.98 3866.49 180.699
4254.85 3866.82 180.727
4243.14 3867.45 180.743
4237.94 3867.67 180.751
4224.37 3867.74 180.755
4211.72 3867.41 180.744
4205.21 3867.2 180.763
4186.27 3865.94 180.787
4170.95 3864.63 180.809
4161.6 3863.86 180.824
4152.86 3863.37 180.797
4146.1 3863.16 180.765
4139.87 3863.1 180.758
4133.54 3863.12 180.735
4119.53 3863.71 180.705
4108.73 3864.7 180.684
4098.08 3865.72 180.729
4092.82 3865.93 180.734
4078.17 3866.09 180.737
4070.91 3866.01 180.731
4062.55 3865.78 180.702
4047.15 3864.84 180.709
4033.98 3863.79 180.691
4023.78 3862.95 180.65
4019.22 3862.55 180.65
4005.91 3861.93 180.514
3992.31 3861.49 180.452
3985.69 3861.5 180.395
3977.46 3861.55 180.375
3968.2 3861.67 180.311
3958.12 3861.8 180.218
3947.82 3862.05 180.166
3937.86 3862.34 180.138
3921.24 3862.94 180.124
3914.43 3863.26 180.099
3905.75 3863.67 180.078
3896.8 3864.27 180.02
3886.05 3865.17 180.016
3875.49 3866.57 179.973
3864.42 3867.86 179.958
3853.92 3869.02 179.901
3844.2 3869.93 179.842
3834.08 3870.85 179.832
3815.21 3872.58 179.897
3808.46 3873.33 179.893
3793.31 3874.98 180.013
3785.29 3875.74 180.061
3777.53 3875.98 180.131
3769.04 3875.99 180.178
3759.03 3875.74 180.242
3746.96 3875.08 180.32
3734.25 3874.04 180.378
3722.03 3872.9 180.415
3709.1 3872.22 180.506
3691.44 3871.53 180.593
3684.13 3871.4 180.642
3676.55 3871.21 180.694
3669.28 3871.02 180.756
3661.36 3870.86 180.792
3649.66 3870.78 180.786
3639.89 3870.8 180.8
3637.23 3870.37 180.721
3621.72 3870.29 180.824
3614.57 3870.12 180.83
3601.75 3869.66 180.849
3587.1 3869.17 180.84
3581.09 3868.96 180.833
3573.64 3868.6 180.835
3558.55 3867.75 180.804
3552.69 3867.52 180.82
3547.74 3867.36 180.806
3541.2 3867.33 180.804
3533.57 3867.3 180.806
3517.19 3866.67 180.792
3503.96 3865.92 180.776
3493.33 3865.07 180.77
3488.46 3864.6 180.742
3475.48 3863.77 180.68
3469.95 3863.54 180.65
3456.77 3863.44 180.55
3448.16 3863.65 180.471
3439.95 3863.94 180.444
3422.87 3864.59 180.352
3414.32 3864.79 180.3
3404.64 3865.05 180.204
3394.03 3865.3 180.134
3381.97 3865.49 180.082
3370.02 3866.03 180.008
3351.97 3867.55 179.918
3351.97 3867.55 179.918
3333.24 3869.13 179.879
3322.67 3869.57 179.828
3313 3869.89 179.829
3302.39 3870.05 179.784
3290.42 3869.95 179.763
3269.5 3870.03 179.723
3260.05 3870.6 179.663
3251.76 3871.3 179.614
3243.82 3871.95 179.591
3235.21 3872.49 179.564
3225.98 3873.04 179.534
3215.73 3873.59 179.56
3207.11 3874.05 179.598
3190.63 3874.81 179.63
3176.87 3875.39 179.692
3169.02 3875.37 179.729
3159.77 3875.02 179.754
3149.39 3874.76 179.815
3138.91 3874.49 179.847
3123.12 3874.08 179.869
3114.77 3873.88 179.94
3105.5 3873.8 179.998
3095.77 3873.79 180.05
3085.64 3873.92 180.116
3077.09 3874.09 180.16
3067.7 3874.34 180.223
3050.91 3874.14 180.313
3042.19 3873.57 180.376
