x y phi
2811.65 820.216 338.478
2810.12 821.731 338.479
2809.18 824.028 338.477
2809.7 825.352 338.447
2810.79 826.203 338.438
2811.91 826.779 338.447
2812.76 827.276 338.447
2813.08 827.507 338.447
2813.34 827.729 338.447
2813.54 827.943 338.447
2813.88 828.313 338.442
2814.17 828.79 338.442
2814.18 828.949 338.447
2814.29 829.178 338.442
2814.37 829.373 338.442
2814.42 829.537 338.442
2814.45 829.609 338.442
2814.48 829.731 338.442
2814.47 829.851 338.442
2814.49 829.888 338.442
2814.55 829.982 338.442
2814.57 830.008 338.442
2814.59 830.054 338.442
2814.74 830.015 338.442
2814.71 830.049 338.442
2814.69 830.079 338.442
2814.6 830.174 338.442
2814.61 830.192 338.442
2814.63 830.205 338.442
2813.8 830.603 338.459
2813.37 830.831 338.459
2813.2 830.943 338.459
2813.19 830.986 338.459
2813.24 830.997 338.459
2813.31 830.996 338.459
2813.37 830.994 338.459
2813.41 830.996 338.459
2813.44 831 338.459
2813.45 831.007 338.459
2813.45 831.015 338.459
2813.45 831.015 338.459
2813.45 831.022 338.459
2813.64 830.897 338.481
2818.97 829.166 338.701
2829.21 826.321 338.893
2842.63 821.006 339.218
2853.98 816.494 339.324
2860.2 814.379 339.405
2866.38 812.457 339.631
2877.89 808.901 339.96
2891 805.204 340.27
2904.6 801.649 340.499
2913.22 799.598 340.563
2916.67 798.895 340.65
2925.85 797.32 340.93
2937.86 794.923 341.334
2947.66 794.201 341.482
2955.77 793.711 341.642
2967.12 791.206 341.908
2976.05 790.383 342.104
2987.15 788.324 342.359
2997.44 786.836 342.497
3006.82 785.801 342.761
3016.84 785.092 342.898
3027.6 784.394 343.126
3038.89 784.094 343.282
3049.22 783.849 343.505
3057.3 782.76 343.778
3066.2 780.777 343.951
3076.49 779.06 344.318
3093.33 776.978 344.765
3106.4 776.123 345.186
3110.13 776.439 345.373
3115.12 777.437 345.888
3127.85 778.999 346.708
3137.29 780.911 347.078
3145.62 782.237 347.601
3153.16 782.86 348.275
3163.12 784.339 348.723
3171.84 785.937 349.168
3181.54 787.729 349.715
3190.63 788.294 350.45
3203.41 790.819 350.925
3212.88 793.472 351.266
3224.23 795.815 351.862
3236.48 798.139 352.496
3251.38 801.319 353.076
3262.34 805.294 353.411
3271.98 810.292 353.723
3281.28 815.678 354.166
3288.91 816.889 354.501
3295.66 818.135 354.71
3304.12 819.457 354.976
3318.22 821.957 355.234
3331.36 824.013 355.452
3343.03 825.872 355.604
3354.57 827.258 355.863
3361.72 827.999 355.936
3372 829.158 356.142
3382.07 830.783 356.38
3389.85 832.655 356.406
3396.66 833.414 356.61
3410.56 835.459 356.893
3419.7 837.309 356.936
3430.83 838.523 357.162
3442.46 839.283 357.35
3452.32 839.903 357.413
3463.2 840.221 357.605
3472.84 840.461 357.599
3470.23 840.408 357.67
3478.55 840.655 357.8
3484.29 840.664 357.929
3492.29 841.537 357.803
3504.79 842.671 357.876
3519.98 841.712 357.995
3529.68 841.046 358.024
3540.18 840.45 357.996
3548.76 839.719 358.023
3559.34 839.217 358.174
3563.13 838.923 358.027
3574.29 838.254 358.029
3585.84 837.868 358.081
3597.17 838.018 358.115
3613.6 838.046 357.977
3619.55 838.084 357.879
3636.53 837.802 357.963
3642.65 837.945 357.85
3653.42 837.948 357.925
3665.57 836.735 358.199
3675.46 836.688 358.162
3681.4 836.978 358.159
3695.42 837.517 358.005
3708.16 837.935 357.977
3717.62 838.117 358.125
3726.5 837.842 358.21
3734.07 837.612 358.365
3741.95 837.207 358.377
3754.14 836.881 358.411
3767.57 836.055 358.591
3777.58 835.594 358.562
3787.65 834.859 358.584
3794.39 834.23 358.747
3803.21 834.238 358.86
3811.33 834.908 358.875
3819.07 835.437 358.889
3829.23 835.711 358.946
3841.41 836.517 359.026
3850.91 837.961 358.94
3857.21 838.538 358.944
3867.13 838.786 359.176
3881.33 839.298 358.994
3893.49 839.592 359.026
3905.51 839.642 359.153
3917.12 841.039 359.258
3922.29 840.796 359.339
3935.34 841.028 359.506
3942.02 842.043 359.642
3952.07 844.34 359.644
3955.86 845.296 359.603
3968.67 846.748 359.756
3977.94 847.287 359.891
3987.86 848.401 359.81
3996.24 848.72 359.975
4014.69 849.247 0.0343569
4027.71 849.731 0.128201
4034.2 850.518 0.0305033
4046.16 850.724 0.174314
4057.49 850.905 0.174034
4062.43 851.019 0.0421623
4071.51 851.008 0.232763
4089.19 851.08 0.292948
4103.91 851.186 0.284281
4118.96 851.17 0.375934
4124.6 851.202 0.272374
4140.22 852.086 0.0267225
4148.59 852.793 0.0810071
4157.71 852.67 0.0167798
4160.27 852.634 359.783
4170.06 852.6 359.76
4176.72 852.618 359.751
4186.22 852.666 359.493
4197.77 851.883 359.676
4207.44 851.389 359.409
4220.8 849.421 359.486
4233.42 847.157 359.229
4236.5 846.208 359.172
4243.83 845.275 359.329
4259.71 843.671 359.094
4271.16 842.382 358.94
4282.15 841.277 358.885
4287.43 840.793 358.874
4300.32 839.872 358.803
4315.13 838.362 358.832
4328.03 837.036 358.723
4340.27 835.225 358.871
4346.59 833.832 358.799
4355.38 832.631 358.916
4363.32 832.371 358.988
4372.98 832.795 359.028
4381.46 833.135 359.071
4389.18 833.404 359.122
4399.5 833.544 359.214
4413.44 833.604 359.238
4427.07 833.612 359.322
4439.61 833.611 359.299
4451.33 832.962 359.317
4459.64 832.278 359.552
4468.74 831.156 359.47
4486.89 827.902 359.576
4497.35 826.259 359.453
4499.98 825.582 359.489
4511.27 824.442 359.609
4514.22 823.938 359.754
4531.67 823.173 359.918
4539.17 822.863 359.764
4554.28 823.74 0.0246556
4562.43 825.761 359.751
4569.69 826.674 359.755
4591.83 829.284 359.915
4600.96 830.641 0.26104
4607.4 831.879 0.303031
4614.53 832.827 0.431483
4621.11 833.825 0.290326
4628.14 834.271 0.489835
4633 834.679 0.471601
4651.47 835.822 0.492898
4662.03 836.619 0.728692
4674.26 837.459 0.704623
4679.57 837.927 0.708486
4692.57 839.368 0.855675
4696.97 840.42 0.832982
4710.96 843.185 1.15637
4723.02 845.612 1.19495
4727.89 846.258 1.24684
4744.03 846.612 1.41271
4752.28 846.809 1.50684
4761.86 847.529 1.61895
4771.03 848.932 1.92421
4779.41 851.185 2.10945
4788.44 853.402 2.39735
4798.46 855.943 2.65667
4804.58 858.429 2.88231
4816.14 860.402 3.21355
4830.32 862.443 3.59642
4840.82 864.412 3.87245
4837.72 865.375 3.70473
4837.72 865.375 3.70473
4853.3 868.659 4.61654
4872.3 872.823 4.95255
4879.95 875.612 5.15997
4892.34 880.476 5.21093
4904.58 885.415 5.50143
4917.79 889.173 5.90851
4927.66 892.809 6.27065
4933.39 894.822 6.59372
4937.26 896.71 6.72186
4941.84 898.818 6.97131
4955.79 904.874 7.85583
4966.95 909.916 8.07869
4978.79 914.714 8.47077
4984.73 919.86 8.85204
4994.31 925.892 9.32255
5004.05 929.439 9.70759
5014.84 936.439 10.0216
5021.12 942.275 10.221
5029.4 947.336 10.6065
5040.78 952.011 11.2055
5045.56 954.141 11.4416
5053.74 957.998 11.8591
5053.98 963.004 12.1923
5056.93 966.009 12.6148
5069.78 972.111 13.2874
5077.12 975.935 13.6764
5090.64 983.297 14.1219
5096.94 986.868 14.3257
5109.51 995.272 14.9742
5121.68 1003.71 15.4508
5128.07 1011.99 15.9224
5132.69 1016.78 16.3399
5150.67 1025.99 16.9853
5156.57 1032.89 17.3382
5160.75 1039.09 17.9149
5173.89 1046.37 18.6017
5183.77 1053.21 19.0102
5192.54 1059.92 19.3744
5206.4 1068.05 20.165
5211.8 1076.54 20.632
5218.49 1085.48 21.1378
5229.16 1094.39 21.6232
5234.05 1102.67 22.1191
5238.08 1107.93 22.7023
5245.97 1118.08 23.2453
5253.15 1127.74 23.7744
5260.52 1136.65 24.2887
5263.64 1144.45 24.8358
5269.02 1153.14 25.4077
5274.13 1161.45 25.8886
5277.88 1166.07 26.3587
5282.98 1171.08 26.9196
5291.13 1179.83 27.5113
5296.92 1186.99 28.1049
5301.09 1191.38 28.6155
5305.68 1196.36 29.1307
5309.35 1199.83 29.8343
5313.99 1204.1 30.3911
5318.94 1209.09 30.9395
5328.18 1219.57 31.5426
5336.5 1227.26 31.954
5339.51 1231.99 32.1036
5346.02 1239.91 33.1484
5354.18 1252.77 33.6238
5358.43 1262.91 34.1421
5363.87 1270.29 34.792
5370.3 1281.66 35.3015
5371.52 1289.89 35.8131
5373.21 1298.6 36.3671
5374.67 1303.49 36.6105
5377.83 1310.24 37.1512
5382.21 1318.36 37.7449
5388.02 1327.82 38.2979
5400.36 1347.12 39.1272
5408.95 1362.64 39.6975
5412.14 1369.27 39.9673
5416.52 1376.67 40.5301
5421.07 1384.17 41.0386
5424.7 1391.56 41.5234
5427.4 1398.87 42.0175
5430.27 1407.06 42.5996
5433.88 1416.33 43.1895
5432.76 1424.21 43.6985
5432.3 1432.64 44.1495
5432.95 1441.96 44.7074
5434.12 1451.7 45.2874
5436.17 1461.62 45.8358
5438.62 1471.05 46.3116
5442.06 1481.01 46.8592
5444.85 1489.87 47.1624
5450.35 1502.28 48.2254
5455.9 1514.62 48.8152
5459.86 1525.15 49.0865
5464.01 1536.17 49.6853
5468.43 1547.36 50.287
5477.38 1560.06 50.8775
5485.45 1571.63 51.3917
5493.02 1581.37 52.2155
5499.34 1590.42 52.7785
5504.59 1598.95 53.2842
5513.2 1616.04 54.4531
5513.2 1616.04 54.4531
5517.05 1624.91 54.9987
5523.85 1644.37 56.045
5528.53 1664.32 56.3514
5530.71 1681.93 56.8011
5511.4 1711.55 57.7869
5510.52 1712 57.7951
5509.74 1711.9 57.8247
5509.33 1711.78 57.8496
5508.93 1711.6 57.8636
5508.39 1711.48 57.8706
5508.26 1711.53 57.8762
5508.12 1711.58 57.8693
5508.01 1711.65 57.869
5507.96 1711.76 57.8761
5507.88 1711.82 57.8695
5507.85 1711.96 57.8755
5507.82 1712.05 57.8762
5507.74 1712.09 57.8694
5507.66 1712.22 57.8691
5507.57 1712.33 57.8612
5507.46 1712.39 57.8611
5507.4 1712.54 57.8505
5507.39 1712.64 57.8501
5507.4 1712.76 57.8445
5507.45 1713.03 57.8457
5507.37 1713.04 57.8393
5507.36 1713.13 57.8368
5507.32 1713.25 57.8262
5507.3 1713.39 57.8239
5507.29 1713.52 57.8258
5507.25 1713.55 57.8239
5507.2 1713.47 57.826
5508.44 1715.25 57.9911
5512.02 1721.17 58.373
5517.69 1730.7 58.8361
5523.83 1741.48 59.2276
5529.84 1752.32 59.5332
5534.99 1761.8 59.7638
5539.71 1771.75 60.2122
5544.47 1783.36 60.8133
5548.79 1795.63 61.2751
5552.09 1807.49 61.6271
5554.42 1818.94 62.1139
5555.63 1828.98 62.629
5556.23 1838.67 63.0881
5556.57 1847.25 63.4524
5556.53 1855.74 63.8768
5555.8 1871.14 64.5072
5555.17 1877.66 64.7147
5555 1885.36 65.1319
5555.02 1901.34 65.6926
5554.53 1907.49 65.8473
5554.19 1913.23 66.1274
5554.15 1920.06 66.4447
5554.15 1920.06 66.4447
5550.32 1923.77 66.7083
5548.19 1931.39 67.1943
5546.27 1938.03 67.6478
5544.7 1945.61 67.9135
5543.18 1953.56 68.1564
5540.2 1970.04 68.6956
5538.43 1977.08 68.9209
5537 1984.94 69.2554
5534.19 2004.72 69.5922
5531.53 2021.63 70.0561
5530.61 2030.08 70.2897
5530.26 2039.7 70.6644
5530.17 2049.38 70.9527
5530.83 2070.28 71.7093
5530.78 2079.78 71.923
5530.7 2089.62 72.3082
5530.77 2100.12 72.5797
5530.9 2111.45 72.9429
5529.71 2130.55 73.3727
5530.94 2150.11 73.7543
5530.94 2150.11 73.7543
5534.35 2169.41 74.4763
5536.27 2184.2 74.9767
5537.22 2192.32 75.4712
5538.17 2207.69 76.132
5537.86 2213.37 76.3055
5536.62 2226.37 77.0841
5536.62 2226.37 77.0841
5535.56 2234.95 77.4959
5533.13 2252.67 78.1244
5530.23 2267.95 78.7581
5526.86 2280.12 79.2394
5525.12 2285.56 79.4816
5523.47 2291.35 79.7151
5521.97 2298.39 80.2006
5520.6 2306.46 80.6349
5518.32 2324.9 81.5521
5517.23 2333.23 81.7821
5516.48 2343.23 82.2216
5514.86 2362.04 82.7351
5513.72 2372.36 83.2215
5509.82 2388.93 83.7656
5507.65 2395.85 83.9969
5504.65 2404.92 84.3687
5501.7 2412.06 84.6466
5495.53 2429.69 85.5178
5492.09 2440.64 85.9358
5485.12 2453.17 86.5085
5481.77 2457.91 86.7132
5478.46 2467.64 87.2985
5475.35 2479.27 87.8438
5472.68 2488.59 88.1798
5469.91 2497.85 88.5391
5467.13 2507.6 88.978
5463.94 2517.4 89.4552
5458.96 2524.5 89.8516
5454 2531.91 90.1707
5449.11 2540 90.5045
5444.43 2549.4 90.8833
5440.13 2559.58 91.2578
5435.6 2570.05 91.5738
5430.71 2580.78 91.8954
5420.17 2602.31 92.4208
5414.67 2613.56 92.7745
5409.4 2624.64 93.096
5404.7 2634.56 93.3579
5400.74 2643.89 93.6719
5397.06 2653.08 93.9594
5393.66 2662.73 94.2516
5390.51 2670.37 94.387
5387.47 2678.16 94.6158
5381.1 2693.74 95.0028
5377.07 2701.49 95.2243
5373.88 2711.77 95.5385
5370.86 2722.34 95.7532
5367.79 2733.5 95.9881
5364.46 2744.46 96.24
5360.81 2754.94 96.4892
5357.33 2763.01 96.615
5354.01 2770.64 96.8188
5350.79 2778.94 97.076
5347.52 2788.02 97.3748
5344.29 2797.45 97.6486
5340.93 2806.65 97.9224
5337.25 2816.22 98.2177
5333.22 2825.88 98.5267
5329.08 2835.78 98.81
5324.84 2845.92 99.1023
5320.34 2856.78 99.4084
5312.59 2873.33 99.7996
5309.01 2881.12 100.088
5305.44 2889.8 100.411
5301.89 2898.33 100.695
5298.95 2902.66 100.897
5292.2 2914.45 101.228
5289.38 2918.02 101.35
5282.72 2929.5 101.679
5279.77 2934.5 101.94
5276.65 2940.17 102.261
5266.51 2957.51 102.846
5263.16 2961.77 103.166
5259.19 2966.91 103.561
5254.55 2973.39 104.012
5250.25 2978.78 104.272
5241.15 2989.87 104.966
5236.26 2995.97 105.467
5230.52 3003.63 105.983
5224 3012.57 106.472
5216.92 3021.88 106.928
5209.47 3031.33 107.382
5202.57 3040.43 107.852
5196.24 3049.29 108.313
5190.56 3057.99 108.822
5185.15 3066.44 109.343
5179.72 3073.96 109.875
5174.29 3080.93 110.39
5168.59 3087.54 110.959
5162.39 3094.39 111.525
5155.77 3101.48 112.057
5148.84 3108.85 112.559
5141.57 3116.44 113.1
5134.09 3123.95 113.59
5126.51 3131.21 114.119
5118.98 3138.4 114.648
5111.45 3145.17 115.189
5098.24 3154.87 115.724
5091.75 3159.63 116.242
5085.13 3165.23 116.832
5078.08 3171.43 117.409
5071.03 3177.5 117.933
5063.94 3183.65 118.459
5056.27 3190.63 119.057
5048.16 3198.15 119.654
5040.02 3205.35 120.195
5032.05 3211.58 120.682
5024.21 3217.08 121.194
5016.4 3222.38 121.795
5008.34 3227.85 122.349
5000.16 3233.37 122.86
4991.77 3238.88 123.398
4979.16 3247.45 123.9
4967.03 3255.64 124.482
4955.38 3263.55 124.989
4944.76 3269.86 125.494
4934.37 3275.43 126.066
4924.27 3280.56 126.68
4917.05 3283.6 127.253
4905.81 3289.46 127.687
4899.3 3291.81 128.267
4892.59 3294.07 128.736
4879.78 3297.55 129.53
4866.58 3300.62 130.154
4853.65 3303.42 130.764
4847.47 3304.68 131.031
4840.88 3306.55 131.494
4834.53 3308.75 131.947
4828.3 3311.36 132.446
4816.83 3315.98 133.163
4808.38 3317.57 133.582
4801.88 3317.23 133.976
4798.3 3317.24 134.345
4793.98 3318.15 134.704
4789.48 3319.47 134.883
4784.23 3321.86 135.28
4773.13 3326.28 135.887
4767.23 3328.44 136.297
4757.34 3331.24 136.708
4749.13 3332.95 137.1
4744.32 3334.44 137.49
4739.27 3335.9 137.906
4733.75 3337.52 138.265
4728.25 3339.05 138.565
4722.15 3341.6 138.855
4716.18 3344.59 139.087
4711.28 3346.3 139.258
4707.79 3346.57 139.389
4704.92 3346.51 139.503
4702.78 3346.07 139.568
4700.98 3346.21 139.688
4698.87 3346.99 139.788
4697.69 3346.3 139.84
4696.1 3344.85 139.946
4695.29 3344.38 140.017
4694.54 3342.16 140.076
4693.6 3339.88 140.133
4693.15 3338.79 140.168
4692.36 3338.29 140.196
4691.12 3337.35 140.245
4690.47 3337.03 140.288
4689.16 3337.88 140.309
4687.57 3339.46 140.367
4686.78 3339.78 140.403
4685.75 3339.88 140.422
4685.44 3339.66 140.433
4685.34 3339.04 140.457
4685.23 3338.58 140.463
4684.2 3339.8 140.501
4683.07 3340.81 140.549
4682.86 3340.08 140.595
4682.85 3339.56 140.591
4682.56 3339.18 140.627
4698.84 3333.52 139.632
4698.84 3333.52 139.632
4696.65 3334.3 139.452
4695.46 3333.96 139.396
4694.78 3333.25 139.418
4694.11 3331.74 139.508
4693.76 3331.1 139.509
4693.14 3330.05 139.506
4692.62 3329.24 139.506
4692.17 3328.61 139.506
4691.96 3328.34 139.506
4691.35 3327.78 139.506
4691.22 3327.59 139.506
4691.1 3327.43 139.506
4690.79 3327.19 139.507
4690.38 3327.14 139.497
4690.18 3326.97 139.497
4689.95 3327.04 139.504
4689.63 3327.1 139.504
4689.53 3327.1 139.504
4689.05 3327.24 139.491
4688.99 3327.18 139.502
4688.98 3326.93 139.504
4688.88 3326.9 139.511
4688.81 3326.91 139.511
4688.73 3326.69 139.521
4688.51 3326.57 139.511
4693.29 3325.7 139.857
4694.96 3325.64 139.857
4696.26 3325.78 139.856
4696.26 3325.78 139.856
4697.36 3326.75 139.919
4697.61 3328.73 139.78
4696.68 3330.44 139.764
4696.25 3331.54 139.766
4696.19 3332.19 139.769
4696.29 3332.59 139.766
4696.49 3332.85 139.764
4696.78 3332.99 139.765
4696.93 3333.01 139.769
4696.71 3333.41 139.849
4695.81 3334.14 139.931
4694.58 3334.55 140.061
4693.15 3335 140.199
4691.64 3335.64 140.282
4691.64 3335.64 140.282
4689.17 3336.6 140.334
4687.77 3337.64 140.381
4685.75 3339.68 140.438
4684.12 3340.85 140.514
4683.39 3340.93 140.577
4683.06 3340.75 140.585
4681.47 3340.03 140.357
4679.96 3339.21 140.381
4678.46 3339.09 140.407
4685.57 3341.7 140.917
4685.68 3341.77 140.917
4685.7 3341.87 140.921
4686.1 3341.72 141.022
4686.4 3341.42 141.073
4686.54 3341.22 141.072
4686.68 3340.91 141.068
4686.68 3340.81 141.067
4686.69 3340.8 141.066
4686.68 3340.81 141.066
4686.64 3340.82 141.066
4686.59 3340.86 141.066
4686.51 3340.93 141.066
4686.35 3341.02 141.061
4686.28 3341.08 141.06
4686.19 3341.15 141.06
4686.11 3341.21 141.061
4686.12 3341.2 141.06
4686.12 3341.2 141.06
4686.12 3341.18 141.06
4686.14 3341.14 141.06
4686.13 3341.12 141.06
4686.11 3341.09 141.058
4686.1 3341.06 141.058
4686.07 3341 141.052
4685.96 3340.98 141.056
4685.87 3340.96 141.057
4685.88 3340.9 141.052
4685.81 3340.91 141.046
4685.82 3340.85 141.052
4685.83 3340.8 141.052
4685.55 3340.86 141.058
4685.52 3340.78 141.057
4684.96 3341.05 141.105
4684.29 3341.36 141.171
4683.31 3341.92 141.262
4680.17 3344.11 141.446
4676.07 3346.87 141.687
4671.77 3349.09 141.972
4669.34 3350.08 142.11
4665.71 3352.1 142.428
4661.1 3354.72 142.759
4651.49 3358.83 143.206
4647.69 3359.77 143.357
4639.64 3361.66 143.773
4633.04 3362.56 144.092
4628.78 3363.6 144.419
4624.39 3364.36 144.634
4613.34 3366.98 145.451
4605.59 3369.22 146.003
4605.59 3369.22 146.003
4597.57 3371.56 146.465
4579.87 3377.34 147.41
4569.93 3380.93 147.967
4569.93 3380.93 147.967
4549.9 3387.9 148.931
4549.9 3387.9 148.931
4529.03 3394.53 150.01
4516.83 3398.2 150.463
4499.27 3402.22 150.941
4491.8 3403.7 151.392
4483.76 3405.52 151.933
4477.04 3406.66 152.183
4463.26 3408.72 152.987
4456.89 3409.48 153.528
4450.97 3409.93 153.8
4443.72 3410.58 154.293
4435.55 3411.42 154.728
4427.63 3412.08 155.135
4419.61 3413.08 155.635
4410.72 3415.02 156.216
4401.51 3417.1 156.752
4392.12 3418.91 157.186
4382.69 3420.35 157.637
4372.97 3421.47 158.156
4362.64 3422.3 158.672
4344.37 3422.7 159.358
4337.75 3422.14 159.557
4320.44 3422.42 160.363
4304.82 3422.23 160.88
4292.07 3421.55 161.323
4285.85 3420.97 161.686
4287.03 3418.37 162.026
4282.67 3416.9 162.615
4274.39 3416.01 163.187
4265.45 3415.19 163.605
4259.64 3415.07 163.829
4253.65 3414.51 164.225
4235.27 3414.05 165.112
4224.2 3413.61 165.637
4213.27 3413 166.031
4196.03 3410.45 166.499
4188.47 3408.76 166.767
4171.68 3404.94 167.598
4162.7 3403.1 168.059
4148.17 3399.29 168.537
4140.42 3397.55 169.022
4126.82 3393.66 169.601
4119.02 3391.75 170.135
4110.38 3389.76 170.575
4095.11 3385.57 171.068
4088.36 3383.45 171.342
4080.56 3381.55 171.856
4072.53 3379.59 172.343
4064.14 3378.07 172.837
4054.79 3376.92 173.38
4036.61 3374.46 174.074
4022.72 3371.81 174.528
4014.25 3370.19 174.924
4003.86 3368.3 175.325
3986.55 3364.04 175.626
3976.61 3362.12 175.914
3961.85 3358.31 176.155
3955.11 3356.8 176.396
3947.44 3355.72 176.592
3935.05 3354.01 176.756
3924.76 3352.67 176.942
3915.78 3351.44 177.092
3907.1 3350.13 177.264
3900.22 3349.28 177.453
3893.66 3348.18 177.529
3877.79 3344.72 177.792
3871.02 3342.22 177.971
3862.81 3339.8 178.125
3853.45 3337.62 178.296
3843.22 3335.6 178.463
3823.88 3332.02 178.691
3816.29 3330.48 178.765
3806.62 3329.5 178.94
3796.55 3328.77 179.041
3775.59 3327.85 179.247
3761.07 3327.16 179.347
3750.96 3326.33 179.434
3742.87 3325.62 179.536
3733.72 3324.98 179.57
3729.29 3324.69 179.589
3723.09 3324.4 179.619
3716.08 3324.13 179.646
3701.78 3323.48 179.711
3695.87 3323.04 179.709
3688.22 3322.55 179.726
3688.22 3322.55 179.726
3679.76 3321.74 179.742
3666.91 3321 179.783
3654.21 3320.25 179.781
3641.91 3319.61 179.805
3630.31 3319.12 179.814
3619.12 3318.81 179.854
3599.14 3318.65 179.868
3585.99 3318.88 179.897
3578.54 3319.14 179.882
3571.9 3319.68 179.88
3563.65 3319.95 179.904
3546.93 3319.39 179.904
3539.05 3318.87 179.891
3526.73 3318.23 179.891
3521.85 3318.21 179.875
3516.02 3318.68 179.876
3509.28 3319.46 179.898
3495.22 3321.25 179.887
3487.12 3321.76 179.88
3478.67 3322.21 179.853
3469.14 3322.57 179.874
3453.75 3322.86 179.847
3444.74 3322.72 179.843
3429.09 3321.95 179.838
3420.44 3321.45 179.827
3411.26 3320.86 179.8
3401.44 3320.24 179.789
3385.03 3318.94 179.801
3375.66 3318.13 179.776
3365.7 3317.32 179.767
3357 3316.59 179.754
3347.88 3316.08 179.765
3328.18 3315.4 179.751
3320.49 3315.09 179.733
3304.2 3315 179.721
3295.33 3315.25 179.723
3285.92 3315.51 179.719
3276.2 3315.86 179.684
3265.82 3316.2 179.69
3256.74 3316.7 179.659
3247.81 3317.39 179.681
3234.45 3318.81 179.671
3226.17 3319.51 179.644
3218.55 3320.2 179.654
3209.7 3320.84 179.695
3200.63 3321.4 179.725
3191.13 3321.83 179.78
3171.95 3322.75 179.824
3157.4 3323.84 179.895
3145.41 3324.69 179.95
3138.15 3325.08 179.993
3131.65 3325.46 180.016
3117.32 3325.59 180.069
3104.22 3324.69 180.123
3091.61 3323.11 180.19
3080.83 3321.27 180.2
3074.22 3320.45 180.235
3063.15 3319.57 180.285
3052.59 3319.49 180.33
3043.1 3319.74 180.389
3037.61 3320.44 180.409
3037.61 3320.44 180.409
3032.09 3321.03 180.442
3011.02 3320.67 180.593
2999.13 3320.25 180.63
2986.88 3319.6 180.711
2968.59 3318.2 180.751
2961.18 3317.52 180.776
2952.42 3316.77 180.817
2933.84 3315.06 180.932
2927.48 3314.21 180.927
2920.06 3313.29 181.022
2912.46 3312.4 181.08
2903.84 3311.64 181.13
2893.81 3311 181.21
2883.66 3310.43 181.263
2873.57 3309.86 181.325
2854.83 3308.71 181.416
2845.31 3308.24 181.511
2830.8 3307.37 181.556
2823.71 3306.49 181.646
2813.47 3304.87 181.707
2806.34 3303.45 181.741
2803.25 3302.76 181.775
2798.63 3301.96 181.831
2791.8 3301.09 181.912
2774.8 3298.91 182.043
2767.39 3297.87 182.07
2759.28 3296.83 182.128
2745.2 3295.21 182.202
2732.88 3293.42 182.268
2727.94 3292.62 182.305
2717.14 3291.51 182.365
2712.1 3291.18 182.415
2705.1 3290.95 182.484
2695.89 3290.71 182.558
2686.22 3290.4 182.61
2658.29 3287.39 182.71
2643.63 3285.34 182.768
2631.29 3284.14 182.817
2624.61 3283.81 182.849
2613.58 3283.85 182.878
2609.27 3284.44 182.905
2602.96 3285.02 182.974
2595.49 3285.34 183.039
2587.7 3285.17 183.138
2578.67 3284.78 183.208
2559.48 3283.85 183.302
2544.81 3283.19 183.384
2533.43 3282.41 183.433
2523.59 3280.92 183.51
2512.94 3278.95 183.582
2510.49 3278.82 183.493
2502.96 3277.49 183.715
2494.01 3276 183.802
2477.25 3273.47 183.874
2463.39 3271.39 183.924
2456.16 3270.41 184.019
2443.46 3268.85 184.131
2430.62 3267.51 184.271
2419.26 3266 184.39
2410.11 3264.18 184.496
2402.23 3262.38 184.642
2396.01 3261.23 184.854
2384.79 3258.64 185.06
2379.82 3257.44 185.153
2367.93 3254.48 185.447
2358.03 3251.52 185.642
2353.03 3249.95 185.74
2340.45 3246.24 186.071
2329.22 3242.72 186.261
2318.16 3239.23 186.476
2316.65 3238.87 186.904
2318.9 3240.64 187.122
2316 3241.7 187.318
2311.03 3241.59 187.523
2300.07 3240.98 187.738
2288.69 3239.1 187.645
2281.33 3237.46 187.86
2268.25 3234.25 188.156
2262.08 3232.53 188.33
2245.21 3227.69 188.984
2234.7 3224.56 189.448
2225.46 3221.37 189.677
2215.89 3217.51 190.092
2207.27 3213.43 190.446
2191.36 3204.71 191.167
2180.89 3197.5 191.723
2176.81 3194.33 191.993
2166.86 3187.9 192.573
2158.62 3182.43 193.007
2154.18 3179.61 193.236
2147.47 3176.13 193.688
2138.67 3171.77 193.929
2120.46 3163.16 194.57
2110.57 3158.65 195.075
2100.7 3153.49 195.549
2091.18 3148.19 196.025
2082.64 3143.05 196.439
2074.27 3137.56 196.885
2061.04 3127.32 197.42
2051.98 3118.63 197.874
2046.18 3111.53 198.441
2040.51 3105.1 198.885
2031.7 3098.56 199.355
2021.61 3090.55 199.818
2013.29 3082.92 200.235
2007.57 3078.18 200.709
1997.07 3068.19 201.142
1987.53 3057.98 201.642
1978.64 3047.98 202.066
1974.47 3043.08 202.265
2171.3 3006.18 214.454
2171.75 3005.56 214.454
2172.08 3004.84 214.465
2172.1 3004.1 214.52
2171.89 3003.37 214.497
2171.97 3002.68 214.525
2172.22 3001.52 214.525
2172.36 3001.04 214.525
2172.38 3000.59 214.531
2172.4 3000.15 214.528
2172.45 2999.77 214.528
2172.65 2999.18 214.528
2172.77 2998.96 214.528
2173.03 2998.59 214.528
2173.14 2998.45 214.528
2173.36 2998.22 214.528
2173.47 2998.1 214.53
2173.55 2998.01 214.528
2173.62 2997.93 214.528
2173.65 2997.87 214.529
2173.79 2997.72 214.53
2173.8 2997.68 214.529
2173.83 2997.63 214.529
2173.84 2997.62 214.53
2173.85 2997.59 214.529
2173.87 2997.56 214.53
2173.88 2997.53 214.529
2173.92 2997.52 214.531
2173.93 2997.5 214.53
2173.93 2997.49 214.53
2173.93 2997.5 214.53
2173.93 2997.51 214.53
2173.93 2997.49 214.529
2173.93 2997.49 214.53
2173.83 2997.42 214.532
2173.91 2997.4 214.529
2174.06 2997.5 214.524
2174.16 2997.53 214.521
2174.3 2997.7 214.514
2174.4 2997.77 214.514
2174.33 2997.75 214.518
2174.33 2997.75 214.518
2174.33 2997.75 214.518
2160.17 2987.01 215.386
2149.78 2978.72 215.594
2131.59 2963.33 215.897
2125.15 2957.21 216.054
2118.49 2950.41 216.422
2110.52 2942.02 216.942
2101.77 2932.62 217.537
2093.35 2923.53 217.935
2086.07 2915.19 218.239
2079.75 2906.89 218.626
2074.3 2898.35 219.208
2070.2 2890.74 219.533
2066.45 2882.77 220.046
2063.36 2875.08 220.432
2060.01 2867.29 220.887
2055.37 2858.53 221.459
2049.81 2848.42 222.006
2040.37 2828.81 222.679
2034.85 2812.59 223.145
2027.67 2797.14 224.039
2026.66 2790.94 223.968
2025.01 2784.73 224.4
2020.19 2772.08 225.125
2017.89 2766.53 225.358
2014.16 2755.17 226.154
2012.83 2750.11 226.399
2010.63 2743.87 226.939
2007.3 2736.29 227.492
1999.83 2719.71 228.326
1995.8 2711.09 228.811
1993.01 2702.73 229.379
1990.33 2694.16 229.854
1988.27 2686.29 230.15
1983.43 2670.46 230.898
1980.77 2662.19 231.428
1978.02 2653.39 231.999
1976.24 2645.63 232.311
1972.53 2629.7 233.043
1971.41 2622.75 233.333
1970.19 2614.9 233.883
1967.38 2598.29 234.724
1965.97 2584.52 235.278
1963.94 2571.45 235.849
1961.55 2558.65 236.435
1960.91 2547.4 236.948
1961.21 2542.52 237.163
1961.1 2536.74 237.669
1956.35 2522.74 238.836
1953.09 2510.41 239.384
1950.99 2499.72 239.917
1949.53 2489.58 240.392
1947.95 2479.55 240.836
1945.98 2468.88 241.381
1945.35 2463.72 241.652
1943.57 2450.37 242.42
1942.9 2438.13 243.136
1942.13 2431.02 243.52
1940.99 2422.99 244.044
1939.2 2413.73 244.585
1937.03 2398.11 245.177
1935.94 2389.34 245.726
1934.83 2379.31 246.292
1933.74 2368.4 246.838
1933.47 2350.95 247.367
1933.87 2336.78 248.047
1934.12 2331.03 248.282
1934.28 2320.19 249.145
1941.88 2331.58 248.772
1945.72 2334.09 249.318
1946.8 2333.12 249.581
1947.24 2330.36 249.848
1947.41 2325.63 250.377
1947.38 2310.14 251.513
1948.07 2302.86 251.7
1948.63 2295.24 252.005
1949.46 2286.93 252.501
1949.53 2276.57 253.136
1949.66 2247.22 254.174
1950.14 2239.98 254.424
1951.96 2225.82 255.249
1955.1 2215.18 255.824
1958.56 2206.57 256.325
1962.37 2197.89 256.883
1966.54 2189.58 257.412
1968.28 2183.18 257.955
1970.07 2176.61 258.248
1973.79 2161.03 259.117
1978 2147.43 259.638
1982.37 2136.43 260.185
1986.18 2125.19 260.751
1990.33 2114.84 261.207
1994.37 2104.74 261.703
1997.96 2094.45 262.253
2001.05 2084.07 262.803
2002.64 2079.15 263.054
2004.25 2072.54 263.634
2006.04 2064.5 264.15
2010.3 2048.87 264.957
2014.73 2035.61 265.544
2017.04 2027.73 266.062
2019.3 2018.67 266.632
2021.69 2008.95 267.23
2051.16 1976.71 268.784
2051.46 1976.63 268.784
2052 1976.45 268.791
2052.37 1976.1 268.791
2052.85 1975.85 268.742
2053.28 1975.6 268.733
2053.68 1975.42 268.733
2054.36 1975.23 268.733
2054.92 1975.04 268.733
2055.35 1974.86 268.734
2055.71 1975.11 268.733
2055.96 1975 268.734
2056.07 1974.97 268.734
2056.3 1974.89 268.742
2056.45 1974.9 268.734
2056.57 1975.06 268.734
2056.63 1975.03 268.734
2056.72 1974.98 268.734
2056.81 1974.11 268.747
2057.13 1968.96 268.774
2057.47 1962.4 268.85
2057.9 1951.66 268.848
2057.68 1929.42 268.814
2057.26 1915.61 268.797
2056.62 1909.01 268.812
2055.87 1902.24 268.867
2055.43 1897.32 268.932
2053.67 1878.74 269.202
2051.55 1861.63 269.347
2049.57 1847.56 269.468
2048.72 1842 269.509
2048.1 1835.14 269.655
2047.81 1822.8 269.808
2048.42 1811.28 269.938
2049.26 1802.44 270.06
2050.5 1794.66 270.161
2051.7 1785.96 270.326
2053.39 1768.61 270.502
2053.87 1763.25 270.558
2054.49 1756.82 270.73
2055.1 1749.96 270.773
2056.76 1733.16 270.987
2057.85 1725.72 271.073
2061.2 1703.42 271.286
2062.34 1696.96 271.38
2064.81 1685.25 271.49
2067.27 1673.53 271.633
2070.77 1659.32 271.787
2070.77 1659.32 271.787
2072.09 1655.23 271.886
2073.86 1645.19 272.182
2078.81 1622.73 272.368
2082.17 1611.04 272.498
2085.05 1600.65 272.62
2087.51 1590.97 272.735
2088.76 1586.61 272.803
2090.07 1582.47 272.874
2091.54 1576.73 272.989
2093.06 1569.12 273.143
2095.7 1550.72 273.404
2097.77 1536.24 273.485
2098.94 1527.88 273.631
2100.36 1519.11 273.725
2103.21 1503.71 273.894
2106.33 1491.5 274.014
2107.89 1485.75 274.061
2109.31 1479.09 274.147
2111.18 1469.97 274.211
2111.75 1465.35 274.436
2112.27 1459.62 274.644
2112.75 1453.69 274.842
2113.36 1447.88 274.966
2115.74 1433.13 275.486
2117.21 1427.1 275.685
2120.93 1411.64 276.123
2124.5 1399.89 276.496
2128.09 1390.18 276.821
2132.19 1376.61 277.417
2134.42 1368.27 277.634
2138.87 1351.8 278.166
2143.02 1339.21 278.507
2147.22 1329.21 278.854
2151.5 1318.56 279.297
2155.85 1307.73 279.719
2158.01 1304.57 279.868
2162.72 1295.35 280.255
2168.15 1283.47 280.709
2171.94 1275.56 281.104
2179.31 1263.1 281.463
2186.52 1252.62 281.813
2193.85 1242.59 282.2
2197.46 1237.92 282.417
2205.53 1224.48 283.01
2209.22 1219.39 283.174
2213.27 1213.21 283.515
2217.69 1207.05 283.863
2222.75 1199.67 284.321
2233.29 1185.2 284.922
2237.69 1180.65 285.096
2242.43 1174.63 285.437
2247.14 1167.76 285.774
2258.4 1139.77 287.025
2268.09 1114.44 287.302
2271.99 1105.92 287.479
2279.52 1092.25 288.042
2283.68 1084.61 288.456
2287.47 1078.07 288.688
2295.99 1062.16 289.273
2299.92 1055.4 289.453
2304.8 1048.76 289.848
2310.31 1042.99 290.192
2316.73 1036.5 290.6
2323.33 1029.61 291.009
2334.67 1018.78 291.501
2343.35 1011.73 291.885
2347.32 1008.14 292.088
2352 1002.71 292.519
2357.04 996.514 292.903
2361.21 997.051 292.977
2366.31 995.254 293.364
2372.37 990.963 293.779
2385.17 978.497 294.342
2396.12 968.04 294.696
2405.89 958.738 295.036
2410.65 953.949 295.198
2416.35 947.724 295.564
2422.51 940.842 295.913
2436.1 916.37 296.621
2441.86 906.56 296.962
2447.85 896.729 297.318
2456.81 883.614 297.612
2460.31 879.19 297.736
2464.06 874.88 298.049
2472.67 866.501 298.605
2477.8 861.179 299.002
2483.19 855.556 299.322
2489.07 849.287 299.68
2494.29 844.199 299.864
2499.9 838.636 300.199
2506.03 832.085 300.591
2517.89 820.502 301.244
2524.29 814.542 301.649
2538.42 802.572 302.39
2544.98 797.57 302.657
2551.26 792.886 302.907
2564.67 787.01 303.607
2575.66 788.026 304.037
2592.36 783.4 304.735
2606.77 780.65 305.265
2619.28 779.025 305.736
2632.21 777.323 306.172
2639.28 775.936 306.426
2652.8 773.408 306.963
2706.65 872.725 319.381
2706.82 872.922 319.366
2708.05 872.659 319.383
2708.77 872.313 319.38
2709.34 872.072 319.374
2709.76 871.937 319.374
2710.25 871.894 319.374
2710.38 871.949 319.374
2710.46 872.031 319.374
2710.5 872.129 319.374
2710.52 872.233 319.374
2710.53 872.337 319.374
2710.53 872.434 319.374
2710.46 872.661 319.355
2710.51 872.77 319.354
2710.59 872.857 319.346
2710.65 872.914 319.338
2710.7 872.965 319.337
2710.75 873.011 319.337
2710.79 873.053 319.337
2710.86 873.126 319.337
2710.89 873.158 319.337
2710.92 873.188 319.337
2710.95 873.214 319.337
2710.97 873.239 319.337
2710.99 873.261 319.337
2711.66 872.825 319.375
2713.36 871.717 319.471
2720.49 866.347 319.837
2727.12 860.294 320.213
2734.78 853.235 320.486
2747.73 841.506 320.773
2752.83 837.018 320.89
2760.23 831.093 321.284
2770.01 823.821 321.676
2780.33 816.351 322.018
2789.53 809.824 322.277
2797.68 804.166 322.459
2804.98 799.261 322.685
2819.82 790.226 323.208
2831.31 783.912 323.536
2839.84 779.796 323.865
2839.84 779.796 323.865
2848.63 774.99 324.504
2855.42 771.147 325.102
2855.42 771.147 325.102
2863.51 767.159 325.579
2879.18 761.183 326.394
2892.48 757.988 326.921
2904.16 755.869 327.419
2914.74 754.538 327.899
2922.32 751.834 328.389
2930.1 749.055 328.698
2944.31 745.452 329.319
2954.78 743.975 329.798
2959.25 743.649 330.083
2966.58 742.335 330.687
2981.92 740.327 331.414
2988.62 739.912 331.649
2996.52 739.229 332.162
3005.5 738.267 332.724
3014.83 737.272 333.221
3024.89 735.755 333.7
3043.49 733.751 334.502
3053.39 732.885 335.033
3061.97 732.224 335.475
3070.86 732.179 335.788
3080.8 732.152 336.364
3096.26 728.659 337.434
3110.93 726.521 338.007
3135.82 725.353 338.702
3146.96 725.518 339.213
3157.15 725.973 339.743
3165.89 726.822 340.229
3171.84 728.47 340.445
3177.01 730.177 340.951
3180.03 733.324 341.201
3189.2 738.286 342.027
3197.54 742.475 342.491
3203.7 744.207 343.035
3212.14 745.46 343.646
3221.19 746.555 344.179
3235.52 749.609 344.637
3247.24 752.708 345.146
3260.01 754.725 345.747
3269.57 756.13 346.525
3280.41 756.842 347.112
3288.93 756.047 347.39
3301.41 757.891 348.003
3307.67 759.507 348.541
3325.24 760.888 349.19
3331.99 762.431 349.577
3342 766.726 350.016
3352.55 770.748 350.485
3363.87 774.431 351.132
3370.46 775.901 351.387
3376.57 777.371 351.772
