x y phi
10940.8 3543.41 273.257
10940.8 3543.41 273.257
10940.6 3542.38 273.321
10940.1 3541.45 273.383
10939.5 3539.45 273.403
10939.2 3538.78 273.412
10938.9 3538.41 273.412
10938.6 3538.13 273.412
10938.4 3537.95 273.408
10938.2 3537.89 273.412
10938 3537.88 273.411
10937.8 3537.89 273.412
10937.7 3537.97 273.41
10937.6 3538.05 273.411
10937.4 3538.12 273.411
10937.4 3538.16 273.406
10937.3 3538.15 273.405
10937.2 3538.09 273.411
10937.2 3537.99 273.406
10937.1 3537.97 273.412
10937.1 3537.95 273.414
10937 3538.01 273.415
10937.1 3536.53 273.467
10938.4 3536.06 273.611
10939.8 3534.39 273.661
10941.3 3529.95 273.752
10943.2 3523.59 273.867
10945.2 3515.42 273.996
10949.1 3497 274.172
10952.5 3482.41 274.295
10954.4 3474.18 274.418
10958.1 3460.2 274.543
10960.1 3452.33 274.677
10961.9 3443.45 274.796
10963.8 3433.86 274.916
10962.3 3431.24 274.934
10962.8 3419.32 275.034
10965 3407.95 275.3
10966.8 3395.63 275.41
10968.5 3383.22 275.548
10970.3 3371.16 275.676
10972.2 3359.21 275.805
10974.2 3347.71 275.938
10976.5 3336.43 276.068
10979 3325.55 276.185
10981.8 3314.22 276.33
10985.1 3302.55 276.447
10986.4 3293.93 276.316
10996.6 3265.73 276.661
11005.1 3248.02 276.778
11004.5 3248.76 276.646
11006.5 3244.14 277.067
11004.7 3246.69 277.024
11003.6 3245.37 277.164
11003.1 3240.7 277.271
11003.4 3232.86 277.504
11007.8 3215.56 277.673
11008.8 3207.05 277.783
11013.8 3190.81 277.93
11016.7 3185.89 278.035
11019.8 3179.85 278.175
11027 3163.1 278.325
11034 3147.55 278.471
11038.5 3132.78 278.6
11042.5 3119.95 278.709
11046.3 3107.68 278.825
11050.2 3095.86 278.946
11054.2 3084.2 279.073
11054.6 3080.97 279.084
11058.7 3071.47 279.269
11058.9 3070.54 279.318
11059.7 3067.01 279.431
11066.9 3045.72 279.659
11072.3 3032 279.837
11072.8 3029.71 279.81
11073.9 3025.63 279.915
11081.8 3003.72 280.194
11092.6 2977.79 280.444
11092.5 2978.03 280.399
11093 2975.12 280.507
11098.6 2959.78 280.737
11108.2 2933.84 280.941
11110.5 2927.53 280.947
11117.1 2912.25 281.167
11113.8 2920.87 281.181
11116.6 2914.04 281.522
11119.9 2907.61 281.589
11117.6 2912.33 281.735
11116.4 2912.58 281.851
11116.9 2904.74 282.019
11118.6 2896.78 282.157
11121.1 2887.06 282.288
11123.9 2876.59 282.39
11128.8 2859.27 282.507
11132.8 2846.15 282.624
11136.1 2835.31 282.77
11138.3 2828.44 282.879
11140.6 2820.17 283.024
11143.3 2809.67 283.194
11146.4 2798.5 283.32
11149.7 2787.29 283.443
11153.5 2777.13 283.48
11157 2765.48 283.687
11160.8 2755.18 283.761
11164 2747.1 283.829
11167.3 2738.38 283.927
11170.8 2728.5 284.043
11178.3 2709.02 284.215
11182.6 2699.68 284.316
11186.8 2690.93 284.442
11194.2 2677.38 284.582
11197.4 2672.11 284.614
11201 2665.26 284.742
11205.1 2657.45 284.866
11213 2641.54 285.057
11219.5 2629.68 285.192
11222.5 2623.99 285.245
11228.9 2609.92 285.416
11231.9 2595.63 285.549
11238.6 2579.23 285.698
11243.6 2570.29 285.829
11246.2 2565.44 285.874
11252 2553.23 286.051
11255.2 2545.7 286.174
11261 2533.09 286.318
11266 2523.05 286.441
11270.9 2513.83 286.568
11275.7 2505.64 286.679
11279.1 2499.47 286.786
11282.4 2493.88 286.881
11286.6 2486.57 286.981
11295.6 2470.06 287.195
11300.3 2460.78 287.307
11305.6 2450.8 287.412
11311.3 2440.21 287.541
11317.3 2429.34 287.659
11322.6 2420.63 287.728
11327.9 2411.54 287.809
11337.3 2395.37 288.021
11341.6 2387.41 288.144
11346.2 2378.52 288.29
11350.3 2371.04 288.35
11354.9 2362.47 288.477
11359.5 2353.67 288.578
11364.1 2344.79 288.698
11368.7 2335.54 288.843
11378 2317.37 289.024
11385.6 2303.62 289.155
11388.9 2298.26 289.221
11392.8 2291.54 289.348
11397.2 2283.26 289.431
11402 2274.61 289.577
11411.5 2258.44 289.76
11419.2 2246.99 289.886
11425.9 2237.33 290.001
11429.2 2232.84 290.086
11433 2226.86 290.195
11441.8 2212.97 290.381
11453.1 2195.61 290.567
11456.5 2190.31 290.625
11462.6 2179.76 290.728
11465.6 2174.31 290.774
11469.2 2166.68 290.915
11473.2 2157.74 291.024
11481 2139.38 291.251
11487.3 2124.26 291.408
11490.2 2117.4 291.46
11495.7 2105.14 291.678
11498.3 2099.34 291.746
11504.1 2087.3 291.919
11507 2081.37 291.962
11509.8 2076.07 292.046
11517.8 2060.63 292.301
11522.1 2052.69 292.37
11529.2 2058.93 293.32
11529.2 2058.93 293.32
11536.6 2041.71 292.801
11549.8 2016.38 292.931
11557.6 2000.92 293.122
11563.2 1992.44 293.074
11570.6 1979.18 293.335
11581.3 1963.46 293.434
11586.3 1955.68 293.541
11594 1944.73 293.683
11600.1 1936.86 293.767
11602.8 1933.76 293.865
11606.6 1928.56 293.981
11611.5 1921.38 294.108
11621.6 1906.77 294.237
11627.9 1899.44 294.248
11630.2 1899.55 294.231
11630.7 1902.66 294.237
11630.8 1905.93 294.237
11630.9 1908.46 294.233
11631.1 1910.19 294.238
11631.3 1910.81 294.239
11631.5 1911.26 294.239
11632 1911.74 294.235
11632.3 1911.66 294.233
11632.8 1911.78 294.228
11633.2 1911.68 294.234
11633.3 1911.8 294.228
11633.5 1911.7 294.233
11633.7 1911.62 294.233
11633.9 1911.64 294.233
11634.1 1911.61 294.233
11634.2 1911.7 294.233
11634.3 1911.71 294.233
11634.4 1911.72 294.233
11634.5 1911.75 294.233
11634.5 1911.77 294.233
11634.5 1911.78 294.233
11634.5 1911.92 294.238
11634.6 1911.89 294.233
11634.6 1911.88 294.233
11634.6 1911.98 294.238
11634.5 1912.06 294.238
11634.7 1911.97 294.251
11634.8 1911.63 294.244
11634.8 1911.67 294.246
11635 1911.44 294.258
11635 1911.43 294.26
11635 1911.44 294.26
11635 1911.45 294.26
11635.1 1911.47 294.26
11635.1 1911.49 294.26
11635.1 1911.51 294.256
11635.1 1911.39 294.258
11635.2 1911.4 294.258
11635.2 1911.36 294.258
11635.1 1911.57 294.251
11635.2 1911.51 294.258
11635.2 1911.52 294.25
11635.1 1911.66 294.246
11635 1911.87 294.251
11635 1911.82 294.25
11635.1 1911.68 294.258
11635 1911.77 294.247
11634.9 1911.96 294.238
11634.9 1912.05 294.245
11634.9 1912.05 294.245
