x y phi
6543.9 4737.36 243.099
6543.9 4737.36 243.099
6543.58 4736.06 243.101
6543.67 4735.06 243.086
6544.14 4734.79 243.076
6544.37 4734.29 243.087
6544.59 4733.96 243.087
6544.83 4733.8 243.087
6545.06 4733.73 243.087
6545.25 4733.7 243.087
6545.25 4733.7 243.087
6545.49 4733.66 243.087
6545.6 4733.64 243.087
6545.69 4733.61 243.087
6545.73 4733.59 243.087
6545.79 4733.56 243.087
6545.78 4733.48 243.077
6545.8 4733.37 243.077
6545.8 4733.3 243.077
6545.85 4733.32 243.077
6545.85 4733.29 243.077
6545.85 4733.29 243.077
6545.86 4733.27 243.077
6545.87 4733.26 243.077
6545.88 4733.26 243.077
6545.88 4733.26 243.077
6545.89 4733.26 243.077
6545.9 4733.26 243.077
6545.91 4733.26 243.077
6545.91 4733.25 243.077
6545.92 4733.25 243.077
6545.92 4733.25 243.077
6545.92 4733.25 243.077
6545.92 4733.25 243.077
6545.93 4733.25 243.077
6545.93 4733.25 243.077
6545.93 4733.25 243.077
6545.93 4733.25 243.077
6545.93 4733.25 243.077
6545.93 4733.25 243.077
6545.93 4733.25 243.077
6545.93 4733.25 243.077
6545.94 4733.25 243.077
6545.94 4733.25 243.077
6545.94 4733.24 243.077
6545.92 4733.27 243.074
6545.92 4733.26 243.077
6545.95 4733.23 243.081
6545.99 4733.19 243.081
6546.01 4733.17 243.081
6546.05 4733.14 243.081
6546.09 4733.12 243.081
6546.11 4733.11 243.081
6546.14 4733.1 243.081
6546.16 4733.09 243.081
6546.17 4733.08 243.081
6546.18 4733.08 243.081
6546.22 4733.07 243.081
6546.36 4733.01 243.08
6546.28 4732.38 243.071
6545.79 4730.97 242.811
6545.94 4730.47 242.127
6546.29 4729.79 241.377
6547.4 4730.53 241.068
6550.37 4732.44 242.039
6555.07 4735.13 243.794
6559.29 4735.92 243.929
6562.72 4734.67 243.419
6568.36 4731.57 243.215
6571.05 4730.45 243.146
6575.55 4731.17 242.381
6578.04 4731.18 241.737
6578.75 4730.65 241.721
6577.73 4727.62 241.786
6577.5 4726.33 241.795
6577.49 4725.93 241.796
6581.42 4728.36 241.739
6584.16 4729.47 241.739
6585.18 4729.64 241.739
6583.92 4727.97 241.795
6582.87 4726.61 241.797
6582.02 4725.58 241.797
6580.84 4724.34 241.797
6580.19 4723.9 241.797
6579.83 4723.86 241.797
6579.7 4723.9 241.79
6579.61 4723.98 241.789
6579.53 4724.32 241.797
6579.44 4724.4 241.797
6579.4 4724.47 241.79
6579.33 4724.54 241.797
6579.21 4724.65 241.797
6579.12 4724.74 241.797
6579.03 4724.81 241.797
6578.87 4724.71 241.789
6576.46 4719.15 241.845
6573.45 4712.56 241.849
6568.35 4702.07 241.844
6563.52 4692.6 241.809
6559.49 4685.15 241.804
6555.42 4677.86 241.777
6545.8 4658.44 241.765
6540.76 4647.8 241.779
6536.78 4638.7 241.733
6531.74 4626.02 241.737
6528.08 4617.69 241.751
6520.77 4601.68 241.747
6515.69 4588.55 241.767
6513.89 4582.99 241.739
6513.89 4582.99 241.739
6509.98 4570.92 241.77
6505.12 4557.09 241.773
6503.19 4551.29 241.787
6498.59 4539.11 241.78
6495.54 4530.59 241.729
6494.47 4526.07 241.705
6492.35 4520.21 241.701
6489.36 4513.44 241.721
6485.54 4505.68 241.702
6482.28 4498.89 241.657
6478.9 4492.07 241.681
6475.29 4485.12 241.718
6471.26 4477.82 241.81
6466.66 4470.07 241.939
6462.05 4462.79 242.06
6457.27 4455.09 242.179
6452.8 4447.24 242.289
6448.26 4438.95 242.453
6443.5 4430.2 242.583
6438.49 4421.33 242.714
6433.63 4412.97 242.826
6428.27 4404.09 242.969
6422.42 4394.46 243.096
6416.56 4384.85 243.225
6411.21 4375.42 243.345
6402.35 4358.04 243.512
6399.26 4351.23 243.579
6395.79 4342.66 243.708
6391.56 4332.28 243.853
6382.67 4310.44 244.032
6378.27 4299.81 244.163
6378.27 4299.81 244.163
6373.99 4289.65 244.274
6373.95 4279.48 244.382
6373.53 4274.17 244.516
6373.27 4265.37 244.654
6372.65 4260.17 244.775
6371.18 4252.93 244.911
6369.05 4243.47 245.063
6366.75 4233.01 245.204
6364.51 4222.71 245.333
6362.14 4211.99 245.452
6359.41 4200.46 245.595
6356.39 4188.47 245.757
6353.39 4176.87 245.864
6350.42 4165.96 246.02
6347.27 4154.82 246.145
6343.8 4143.57 246.292
6340.7 4132.99 246.426
6338.27 4122.99 246.536
6332.09 4108.5 246.799
6330.11 4098.63 246.825
6328.67 4090.34 246.873
6327.01 4081.63 246.995
6325.05 4072.35 247.111
6322.85 4062.52 247.233
6320.64 4052.31 247.368
6318.47 4042.02 247.476
6314.8 4028.39 247.708
6309.56 4009.77 247.996
6303.34 3987.96 248.304
6296.42 3964.91 248.559
6289.73 3943.31 248.748
6283.11 3923.31 248.962
6275.85 3900.54 249.263
6269.37 3875.8 249.558
6263.81 3852.86 249.786
6259.35 3834.59 249.975
6255.15 3817.39 250.198
6246.6 3782.73 250.688
6242.42 3765.05 250.941
6239.3 3750.55 251.069
6235.82 3735.32 251.257
6232.49 3719.79 251.407
6228.76 3702.95 251.579
6224.83 3685.04 251.698
6220.53 3666.61 251.732
6216.08 3648.08 251.747
6211.88 3628.9 251.747
6203.26 3592.27 251.745
6199.02 3575.26 251.756
6195.8 3561.75 251.758
6192.68 3548.45 251.753
6188.98 3534.59 251.764
6183.65 3517.86 251.781
6177.25 3499.3 251.78
6170.52 3479.39 251.783
6165.12 3459.01 251.786
6159.31 3438.38 251.793
6153.45 3418.6 251.769
6147.46 3399 251.785
6141.1 3377.68 251.926
6134.86 3355.98 252.024
6129.23 3335.34 252.131
6124.25 3314.98 252.224
6118.57 3294.08 252.347
6112.42 3273.72 252.461
6106.57 3254.31 252.576
6097.45 3231.67 252.78
6081.83 3191.16 252.955
6076.67 3177.35 253.024
6066.65 3150.59 253.18
6061.68 3136.49 253.302
6056.89 3121.91 253.412
6052.43 3106.73 253.534
6047.13 3090.16 253.642
6037.3 3062.38 253.77
6032.86 3050.63 253.817
6028.8 3035.96 253.947
6024.94 3018.82 254.056
6020.8 3001.96 254.157
6011.71 2970.24 254.325
6008.1 2956.9 254.397
6003.87 2941.3 254.508
5999.38 2923.92 254.609
5995.46 2906.49 254.734
5991.42 2887.56 254.884
5987.43 2868.3 255.006
5983.62 2849.22 255.115
5978.03 2816.01 255.304
5974.18 2786.64 255.45
5971.93 2770.96 255.536
5967.94 2745.64 255.66
5966.14 2735.12 255.703
5968.92 2731.42 255.616
5970.26 2722.5 255.681
5970.37 2702.31 255.755
5967.93 2686.61 255.856
5967.93 2686.61 255.856
5956.87 2634.61 256.358
5951.74 2607.44 256.267
5950.88 2589.18 256.25
5948.87 2571.02 256.344
5947.16 2555.59 256.423
5940.08 2520.03 256.686
5940.08 2520.03 256.686
5934.61 2486.76 256.805
5931.3 2468.57 256.937
5928.33 2451.14 257.145
5920.47 2426.2 257.216
5916.81 2407.72 257.162
5912.98 2388.42 257.185
5909.21 2367.95 257.198
5905.55 2347.1 257.198
5902.51 2329.48 257.177
5899.62 2312.13 257.085
5897.38 2293.93 256.808
5891.51 2269.98 256.757
5885.76 2236.31 256.477
5881.45 2218.25 256.35
5877.57 2199.41 256.213
5871.18 2173.77 256.158
5868.41 2153.42 255.935
5865.07 2134.35 255.784
5858.2 2111 255.709
5854.26 2092.52 255.461
5850.73 2078.4 255.009
5846.56 2062.81 254.847
5841.95 2045.81 254.702
5836.62 2027.34 254.544
5831.91 2011.71 254.46
5826.44 1992.81 254.323
5820.33 1970.02 254.124
5813.7 1946.3 253.942
5807.08 1923.16 253.784
5800.17 1900.28 253.593
5783.64 1855.83 253.278
5771.93 1829.37 253.149
5764.36 1812.12 252.958
5757.66 1796.55 252.751
5753.68 1787.74 252.627
5748.04 1773.45 252.42
5741.69 1756.95 252.249
5736.92 1743.87 252.152
5731.74 1729.28 252.13
5731.03 1726.02 252.139
5730.82 1723.02 252.088
5727.4 1717.07 252.162
5726.02 1715.04 252.135
5722.32 1709.66 252.009
5719.34 1705.08 251.91
5716.34 1700.44 251.833
5712.81 1694.47 251.742
5710.14 1687.74 251.444
5706.8 1679.57 251.365
5703.18 1670.23 251.259
5698.86 1659.03 251.147
5694.29 1647.26 251.039
5690.14 1636.05 250.959
5686.13 1625.14 250.854
5681.9 1613.94 250.756
5677.4 1602.73 250.67
5672.56 1591.88 250.579
5662.79 1572.83 250.434
5659.09 1565.52 250.306
5654.56 1556.68 250.247
5650.77 1549.78 250.2
5641.35 1535.94 250.26
5638.06 1529.47 249.99
5634.27 1521.79 249.876
5630.28 1513.62 249.788
5621.42 1499.97 249.894
5614.92 1490.56 249.804
5612.41 1485.75 249.711
5610.2 1480.22 249.618
5609.77 1478.25 249.612
5609.08 1475.93 249.579
5607.36 1472.09 249.471
5604.92 1466.83 249.4
5602.03 1460.33 249.324
5599.12 1453.17 249.259
5590.63 1431.4 249.103
5588.13 1425.23 249.038
5582.1 1409.76 248.932
5578.54 1400.49 248.849
5576.72 1395.83 248.809
5573.84 1388.68 248.71
5566.75 1368.49 248.553
5560.72 1349.46 248.44
5556.26 1335.54 248.333
5554.12 1328.78 248.289
5552.41 1324.29 248.146
5548.91 1317.33 247.81
5543.89 1307.86 247.532
5541.14 1302.96 247.418
5534.88 1292.54 247.165
5528.47 1282.36 246.972
5528.47 1282.36 246.972
5523.6 1273.49 246.678
5512.12 1250.87 246.173
5506.7 1240.13 246.001
5506.7 1240.13 246.001
5495.43 1218.92 245.501
5488.45 1207.37 245.236
5476.97 1191.22 245.038
5472.25 1185.52 244.92
5466.91 1179.18 244.65
5460.44 1171.38 244.298
5446.96 1156.57 243.824
5435.96 1146.75 243.521
5431.24 1143 243.416
5420.04 1132.19 242.92
5410.07 1122.9 242.558
5401.71 1115.91 242.292
5394.14 1109.77 242.001
5386.7 1102.88 241.745
5379.25 1094.95 241.529
5375.15 1089.8 241.36
5371.16 1084.45 241.229
5363.02 1072.51 240.966
5355.12 1061.49 240.747
5351.3 1056.56 240.635
5346.51 1050.38 240.437
5336.1 1037.95 240.149
5326.65 1027.9 239.914
5321.07 1021.05 239.711
5315.25 1013.49 239.541
5309.24 1004.92 239.371
5302.87 996.111 239.164
5296.1 987.109 238.93
5285.41 974.746 238.742
5281.05 970.666 238.632
5269.95 961.156 238.347
5263.14 955.6 238.11
5255.95 949.498 237.93
5249.03 943.507 237.772
5241.97 936.574 237.527
5234.81 928.92 237.175
5227.74 920.609 236.851
5221.54 913.057 236.567
5215.78 905.708 236.253
5209.52 898.133 235.888
5203.09 890.749 235.506
5195.68 883.164 235.068
5191.05 877.387 234.663
5185.62 870.712 234.259
5177.45 863.15 234.003
5167.61 850.669 233.25
5167.61 850.669 233.25
5161.51 843.578 232.881
5150.33 831.778 232.013
5136.64 820.148 231.769
5118.63 806.294 231.227
5110.53 801.988 231.218
5101.64 797.014 230.801
5091.63 791.022 230.321
5080.91 784.378 229.902
5054.84 771.029 229.148
5048.32 768.605 228.933
5037.39 764.235 228.404
5032.41 762.323 228.208
5019.47 747.004 228.055
4989.24 715.631 227.288
4982.29 709.202 227.019
4974.61 701.508 226.504
4973.34 705.345 225.771
4955.98 686.823 225.572
4944.89 676.179 225.242
4940.35 672.569 225.01
4936.77 677.877 224.116
4928.37 671.938 224.077
4918.14 665.069 223.606
4900.46 654.863 223.127
4900.21 662.197 222.654
4882.93 655.303 222.023
4871.35 646.525 221.765
4861.1 638.997 221.516
4850.74 631.378 221.055
4841.55 626.135 220.675
4831 620.299 220.097
4822.02 615.527 219.522
4794.29 602.381 218.534
4787.31 599.477 218.247
4778.59 594.96 217.642
4768.67 589.452 217.046
4758.38 583.597 216.525
4747.65 577.671 216.007
4736.24 571.603 215.416
4724.27 565.823 214.832
4713.88 570.065 214.221
4713.88 570.065 214.221
4704.53 579.03 213.129
4686.16 570.047 212.485
4686.16 570.047 212.485
4653.54 555.985 211.39
4615.88 537.42 210.287
4618.38 546.472 210.422
4603.35 540.299 209.626
4588.89 535.101 209.124
4588.62 543.592 208.919
4550.01 527.76 207.499
4525.33 520.609 207.086
4517.88 519.79 206.939
4511.44 520.065 206.552
4504.91 520.854 205.906
4491.16 525.044 204.954
4479.99 529.633 204.492
4486.06 546.788 204.432
4481.03 549.351 204.137
4479.37 564.918 203.309
4470.87 574.361 202.781
4457.12 579.964 202.286
4449.66 582.136 202.054
4439.53 583.477 201.504
4429.41 584.485 200.978
4418.93 584.898 200.422
4397.75 585.163 199.615
4387.6 585.376 199.158
4376.32 585.371 198.676
4364.38 585.438 198.146
4344.69 586.977 197.57
4334.84 588.221 197.114
4319.4 592.476 196.666
4305.06 596.927 196.16
4297.38 599.013 195.886
4278.59 602.042 195.211
4264.91 605.295 194.873
4254.68 607.863 194.506
4244.65 609.289 194.057
4235.31 610.127 193.697
4226.69 610.934 193.41
4221.07 611.25 193.168
4213.4 611.127 192.852
4197.4 610.1 192.477
4182.59 608.532 192.196
4170.14 606.642 191.932
4158.06 604.488 191.677
4145.51 602.587 191.352
4135.54 602.135 191.101
4127.94 602.993 190.837
4122.39 603.767 190.574
4114.39 604.309 190.255
4104.84 604.823 189.96
4094.72 605.365 189.705
4084.78 605.895 189.549
4064.72 606.616 189.178
4047.11 608.157 188.853
4031.64 609.996 188.551
4019.24 611.917 188.284
4012.15 612.829 188.046
4003.17 613.891 187.771
3995.17 615.128 187.6
3979.75 617.862 187.123
3967.02 620.514 186.919
3957.44 622.943 186.658
3953.81 623.731 186.458
3944.03 624.209 186.076
3938.19 624.378 186.005
3924.02 625.105 185.514
3910.11 626.626 185.257
3903.72 627.624 185.139
3885.82 629.65 184.513
3885.82 629.65 184.513
3866.5 631.931 184.134
3856.57 633.166 183.876
3846.01 634.611 183.581
3825.15 637.937 183.166
3810.36 641.827 182.973
3797.56 646.543 182.768
3791.77 649.034 182.668
3783.44 651.608 182.513
3776.39 653.958 182.421
3762.98 657.652 182.247
3749.7 659.707 182.031
3740.93 659.846 181.882
3726.15 659.64 181.746
3715.55 659.368 181.653
3711.91 659.431 181.6
3699.45 660.405 181.502
3687.19 661.811 181.448
3681.24 662.477 181.426
3668.23 663.639 181.355
3658.53 664.635 181.325
3653.14 665.098 181.324
3643.71 665.492 181.304
3632.43 665.927 181.279
3632.43 665.927 181.279
3609.01 666.454 181.211
3596.85 666.766 181.171
3576.11 667.557 181.131
3566.28 667.905 181.109
3553.78 668.682 181.099
3545.44 669.422 181.089
3537.68 670.239 181.026
3530.37 670.935 181.038
3526.76 671.21 181.032
3518 671.628 181.014
3512.56 671.361 181.066
3499.77 670.993 180.997
3491.19 670.813 180.945
3481.61 670.628 180.935
3470.96 670.348 180.882
3459.78 670 180.845
3450.37 669.7 180.834
3432.05 669.086 180.82
3422.91 668.672 180.787
3408.54 667.856 180.76
3403.48 667.609 180.781
3392.41 667.103 180.735
3382.4 666.629 180.747
3371.35 666.516 180.686
3364.56 666.725 180.672
3357.23 667.016 180.658
3348.24 667.277 180.637
3332.2 667.739 180.603
3323.74 667.523 180.576
3310.01 666.212 180.537
3302.02 665.073 180.525
3286.42 663.12 180.463
3272.14 661.265 180.448
3260.28 659.855 180.39
3260.28 659.855 180.39
3255.55 659.5 180.353
3245.8 659.734 180.34
3235.89 659.955 180.316
3217.35 660.257 180.267
3209.86 660.412 180.258
3200.74 660.656 180.246
3190.93 661.154 180.201
3180.8 661.583 180.206
3168.9 661.874 180.14
3145.29 662.144 180.077
3129.68 662.427 180.058
3124.64 662.517 180.045
3120.55 662.649 180.052
3110.47 662.954 179.983
3103.76 663.147 179.974
3093.46 663.957 179.965
3085.37 664.637 179.936
3079.59 664.85 179.924
3071.26 664.946 179.911
3060.57 664.949 179.875
3051.48 664.897 179.841
3035.51 665.018 179.823
3025.73 665.251 179.759
3008.88 666.124 179.719
3002.6 666.646 179.735
2989.44 667.924 179.741
2984.13 668.536 179.762
2976.37 669.055 179.79
2966.42 669.404 179.813
2956.04 669.413 179.817
2930.69 669.018 179.884
2918.58 668.911 179.924
2908.51 669.285 179.968
2899.4 670.533 179.999
2890.82 671.937 180.059
2886.66 672.595 180.046
2876.53 673.116 180.079
2871.45 672.961 180.135
2863.12 672.289 180.16
2852.25 671.098 180.176
2839.87 669.614 180.164
2817.65 666.723 180.169
2802.48 664.691 180.162
2788.53 663.444 180.184
2784.87 663.099 180.172
2784.87 663.099 180.172
2772.97 662.464 180.195
2756.96 661.94 180.228
2743.5 661.483 180.195
2736.17 661.243 180.173
2723.82 660.772 180.102
2712.13 660.501 180.001
2701.67 660.424 179.925
2695.54 660.639 179.907
2688.97 661.084 179.868
2679.06 662.348 179.782
2667.96 663.54 179.749
2662.69 664.05 179.732
2655.19 664.478 179.575
2639.99 665.372 179.395
2628.67 666.351 179.247
2621.58 666.963 179.052
2614.61 667.721 178.896
2598.61 669.46 178.586
2592.47 670.403 178.5
2577.75 672.74 178.158
2568.55 674.314 177.897
2558.41 675.723 177.686
2540.43 678.455 177.435
2526.06 680.862 177.201
2514.24 682.994 176.948
2504.55 684.785 176.748
2494.6 686.736 176.483
2489.5 687.881 176.354
2483.13 689.448 176.154
2475.71 691.36 175.953
2466.3 693.894 175.705
2446.02 699.562 175.287
2430.03 704.407 175.05
2421.41 706.735 174.85
2411.23 708.936 174.609
2401.46 711.112 174.381
2388.6 715.122 174.187
2383.8 716.919 174.066
2372.1 720.766 173.686
2365.33 722.74 173.42
2358.3 724.736 173.226
2346.82 728.115 173.016
2335.97 730.899 172.769
2324.15 733.404 172.516
2318.57 734.481 172.401
2303.88 736.941 172.066
2290.11 739.138 171.773
2278 741.731 171.515
2267.69 744.648 171.326
2257.65 747.883 171.066
2247.88 751.513 170.808
2235.87 755.618 170.518
2223.72 759.907 170.295
2213.01 763.746 170.081
2202.8 767.587 169.822
2194.49 770.492 169.57
2186.19 773.614 169.434
2177.18 777.126 169.235
2167.49 781.017 169.03
2157.12 785.395 168.757
2146.19 790.175 168.486
2126.1 799.347 168.134
2113.94 806.316 167.977
2103.01 812.485 167.678
2097.52 815.422 167.53
2083.43 822.438 167.17
2072.72 828.744 166.936
2063.3 834.845 166.697
2047.7 843.794 166.27
2043.39 846.306 166.217
2033.27 851.259 165.94
2571.85 716.07 170.081
2571.81 716.077 170.075
2571.83 716.043 170.081
2570.48 715.884 170.036
2568.48 715.865 169.992
2567.51 715.668 169.999
2567.16 715.434 169.993
2567.21 715.133 170
2567.06 715.075 169.985
2567.11 714.889 169.992
2567.05 714.839 169.985
2567.03 714.699 169.985
2567.03 714.699 169.985
2567.09 714.528 169.992
2567.12 714.455 169.992
2567.11 714.382 169.985
2567.14 714.271 169.992
2567.16 714.183 169.992
2567.11 714.163 169.985
2567.12 714.127 169.992
2567.1 714.111 169.992
2567.12 714.052 169.992
2567.13 714.027 169.992
2567.08 714.037 169.985
2567.1 714.013 169.992
2567.03 714.068 169.985
2566.96 714.066 169.992
2567 714.058 169.985
2567 714.098 169.985
2567.08 714.034 169.992
2567.06 714.059 169.985
2567.11 714.005 169.992
2567.12 713.984 169.992
2567.09 714 169.985
2567.06 714.012 169.985
2567.08 713.99 169.992
2567.07 713.997 169.992
2567.03 713.952 169.992
2567.06 713.934 169.992
2567.08 713.919 169.992
2566.88 713.949 169.974
2566.79 713.989 169.974
2566.83 714.012 169.985
2566.78 714.002 169.983
2566.9 714.002 169.989
2567 713.998 169.985
2566.98 713.993 169.985
2566.87 713.992 169.983
2566.86 713.928 169.983
2566.86 713.875 169.983
2566.9 713.887 169.985
2566.97 713.848 169.992
2566.85 713.88 169.974
2566.84 713.909 169.974
2566.77 713.95 169.974
2566.87 713.895 169.983
2566.82 713.906 169.983
2566.76 713.945 169.974
2566.76 713.94 169.983
2566.82 713.877 169.983
2566.84 713.851 169.983
2566.79 713.874 169.974
2566.78 713.883 169.983
2566.82 713.831 169.983
2566.93 713.815 169.992
2566.92 713.798 169.983
2566.86 713.888 169.974
2566.86 713.864 169.983
2566.92 713.829 169.983
2566.77 713.922 169.974
2566.68 713.99 169.974
2566.65 714.039 169.974
2566.72 713.992 169.983
2566.76 713.973 169.983
2566.8 713.934 169.983
2565.78 713.989 169.969
2552.59 714.513 170.01
2544.04 714.91 170.028
2533.12 715.899 170.033
2512.76 718.336 170.024
2500.38 719.993 170.031
2491.79 721.642 170.046
2486.92 723.287 169.998
2471.12 728.73 169.887
2459.65 732.663 169.822
2451.9 735.446 169.792
2444 737.777 169.689
2439.6 738.871 169.634
2425.2 742.152 169.402
2417.35 744.021 169.3
2404.24 747.38 169.163
2386.25 752.34 168.918
2381.38 753.601 168.861
2372.95 755.635 168.711
2364.8 757.019 168.611
2355.93 758.385 168.449
2344.33 760.626 168.267
2328.21 763.616 168.086
2323.33 764.423 168.009
2318.52 765.206 167.965
2311.08 766.607 167.787
2302.12 768.671 167.635
2277.06 775.606 167.331
2270.62 777.621 167.301
2253.59 783.168 167.046
2242.83 786.555 166.801
2233.44 789.778 166.612
2224.1 793.239 166.378
2218.58 795.251 166.184
2212.86 797.582 165.996
2196.44 804.618 165.27
2183.23 812.022 164.902
2170.77 819.925 164.498
2163.85 824.108 164.211
2156.6 828.29 164.008
2151.52 828.669 164.26
2154.46 822.809 163.859
2154 821.392 163.592
2147.03 823.045 162.788
2147.03 823.045 162.788
2140.41 825.713 162.277
2131.57 829.537 161.778
2109.48 838.683 160.673
2097.38 844.114 160.152
2087.01 848.991 159.888
2068.02 858.349 159.147
2060.3 862.707 158.881
2052.07 867.742 158.374
2043.02 873.411 157.879
2034.88 878.984 157.424
2034.88 878.984 157.424
2027.47 884.453 156.968
2015.65 891.974 155.93
2003.77 899.745 155.391
1992.76 907.222 154.926
1973.37 921.22 154.099
1966.49 927.013 153.831
1953.04 939.044 152.999
1946.48 945.213 152.509
1937.3 955.464 152.051
1929 964.901 151.432
1924.64 969.459 151.102
1918.99 974.782 150.58
1912.13 981.028 150.084
1898.21 994.37 149.33
1886.72 1006.58 148.748
1878.49 1017.6 148.219
1874.62 1023.06 147.938
1869.08 1029.59 147.45
1861 1037.66 146.891
1842.37 1054.97 146.064
1829.85 1068.97 145.544
1815.23 1080.74 144.662
1804.31 1090.59 144.378
1785.68 1109.72 143.468
1785.68 1109.72 143.468
1779.12 1117.49 143.187
1763.57 1136.19 141.978
1951.63 1182.74 128.635
1951.58 1182.57 128.632
1951.66 1182.39 128.655
1951.76 1182.33 128.672
1951.99 1182.24 128.669
1952.07 1182.2 128.675
1952.15 1182.19 128.675
1952.18 1182.21 128.675
1952.19 1182.23 128.675
1952.2 1182.25 128.675
1952.2 1182.28 128.675
1952.2 1182.28 128.675
1952.21 1182.33 128.675
1952.21 1182.35 128.675
1952.03 1182.65 128.67
1951.95 1182.82 128.67
1951.93 1182.87 128.67
1951.93 1182.9 128.67
1951.93 1182.92 128.67
1951.94 1182.92 128.67
1951.97 1182.93 128.67
1952 1182.92 128.67
1952.01 1182.92 128.67
1952.03 1182.91 128.67
1951.98 1182.92 128.667
1951.95 1182.92 128.667
1951.96 1182.9 128.67
1951.94 1182.9 128.667
1951.93 1182.9 128.667
1951.91 1182.89 128.667
1951.9 1182.89 128.667
1951.9 1182.88 128.667
1951.89 1182.87 128.667
1951.88 1182.87 128.667
1951.87 1182.86 128.667
1951.87 1182.86 128.667
1951.87 1182.86 128.667
1951.86 1182.85 128.667
1951.86 1182.85 128.667
1951.86 1182.85 128.667
1951.86 1182.85 128.667
1950.81 1184.78 128.514
1945.79 1192.48 128.085
1935.96 1207.54 127.577
1930.17 1216.6 127.341
1919.73 1236.06 126.89
1915.83 1243.99 126.761
1910.44 1256.41 126.515
1906.92 1266.32 126.159
1913.11 1270.33 125.871
1915.84 1277.97 125.516
1916.48 1287.27 125.213
1915.8 1297.52 124.943
1914.62 1303.47 124.773
1908.6 1321.3 124.176
1905.04 1331.03 123.884
1901.39 1340.73 123.613
1895.58 1357 123.252
1890.46 1371.41 122.884
1887.12 1379.7 122.58
1883.86 1388.3 122.271
1879.15 1402.6 121.958
1876.2 1414.47 121.608
1873.52 1426.1 121.253
1871.16 1437.19 120.957
1869.04 1448.04 120.653
1866.93 1455.63 120.325
1864.06 1464.65 119.926
1861.53 1472.88 119.734
1858.27 1482.77 119.304
1853.04 1500.36 118.746
1849.88 1514.33 118.246
1845.23 1533.88 117.48
1841.95 1545.75 116.997
1840.22 1551.62 116.723
1836.72 1563.48 116.132
1835.12 1569.19 115.805
1832.79 1576.95 115.208
1830.08 1578.27 114.269
1829.24 1565.13 114.256
1827.03 1564.34 113.921
1824.14 1566 113.592
1815.35 1579.67 112.467
1810.39 1590.19 111.739
1803.45 1611.57 110.637
1801.53 1620.27 110.312
1799.38 1638.07 109.324
1799.27 1645.35 109.014
1799.06 1655.35 108.331
1799.38 1664.83 107.952
1800.34 1692.26 106.442
1803.58 1717.92 105.753
1806.03 1727.48 105.461
1810.89 1743.1 104.538
1810.89 1743.1 104.538
1815.66 1763.02 103.036
1817.98 1774.59 102.336
1820.32 1786.49 101.759
1825.51 1805.12 101.161
1830.91 1819.36 100.643
1836.35 1831.27 100.174
1836.35 1831.27 100.174
1841.15 1848.02 99.2254
1843.47 1858.23 98.7657
1845.87 1869.11 98.3954
1848.2 1880.55 98.0547
1853.03 1898.83 97.8348
1857.55 1914.35 97.5872
1859.7 1921.54 97.4974
1861.44 1930.91 97.2639
1863.05 1940.78 97.0572
1864.47 1950.93 96.8781
1865.63 1961.52 96.6817
1866.72 1972.04 96.4887
1867.34 1983.7 96.2484
1868.12 1995.6 96.0478
1868.7 2007.95 95.8209
1869.05 2020.08 95.6523
1868.77 2032.68 95.4408
1868 2045.3 95.2629
1867.17 2066.29 95.0784
1867.98 2080.2 94.9324
1869.9 2090.18 94.7816
1871.59 2098 94.6782
1872.52 2102.87 94.5893
1873.35 2109.42 94.4709
1874.12 2116.07 94.3885
1874.79 2123.43 94.2876
1875.81 2141.48 94.1324
1876.1 2151.32 93.9688
1876.82 2167.24 93.8729
1877.57 2181.53 93.7307
1878.7 2194.28 93.6095
1879.32 2200.11 93.5337
1881.22 2214.39 93.3754
1883.61 2226.1 93.2863
1885.78 2236.29 93.1886
1886.54 2241.41 93.1162
1887.11 2248.13 93.0149
1888.15 2262.55 92.8796
1888.58 2268.38 92.809
1888.97 2275.58 92.7409
1889.9 2293.36 92.6383
1890.11 2303.98 92.5443
1890.03 2314.38 92.5249
1889.94 2326.66 92.4768
1889.17 2338.16 92.5076
1889.56 2355.6 92.4385
1889.98 2364.25 92.5146
1890.4 2375.21 92.5359
1890.98 2386.72 92.6297
1891.48 2398.72 92.6284
1892.02 2410.6 92.6727
1891.39 2417.65 92.7665
1889.68 2430.77 92.8507
1888.29 2441.02 92.8809
1888.36 2439.77 92.9159
1887.35 2447.8 92.9406
1887.95 2445.21 93.1584
1888.49 2458.84 93.0217
1888.64 2484.64 93.0625
1887.45 2500.17 92.9854
1887.02 2508.09 93.0825
1885.75 2528.25 93.0881
1883.16 2528.15 93.0089
1882.07 2527.14 93.2995
1883.31 2530.59 93.3186
1883.75 2527.5 93.3393
1885.11 2551.55 93.1626
1885.63 2549.11 93.3555
1883.81 2563.38 93.1306
1883.9 2565.75 93.362
1883.97 2570.57 93.3915
1882.14 2587 93.1152
1882.07 2591.75 93.3321
1877.41 2636.34 92.9629
1878.27 2634.77 93.1961
1878.49 2643.41 93.1465
1880.66 2644.32 93.1053
1880.66 2644.32 93.1053
1881.49 2647.72 93.0403
1881.63 2656.14 92.9529
1881.72 2669.81 92.8457
1880.98 2685.92 92.6482
1880.24 2697.96 92.525
1879.94 2717.65 91.9974
1879.91 2726.48 91.9191
1880.43 2735.01 91.8513
1881.48 2753.72 91.6223
1882.59 2767.4 91.4763
1883.6 2779.42 91.3158
1885 2790.84 91.1735
1886.74 2802.02 91.0541
1889.05 2812.59 90.9468
1889.25 2835.84 90.7152
1890.14 2853.1 90.6167
1891.68 2866.84 90.5008
1894.53 2871.12 90.5087
1896.38 2870.83 90.4706
1898.24 2873.2 90.3867
1901.45 2884.4 90.0629
1902.67 2893.51 89.8259
1904.93 2910.27 89.5041
1905.83 2930.49 89.1002
1906.16 2941.09 88.94
1907.25 2951 88.6683
1908.75 2960.37 88.3844
1910.46 2969.72 88.0579
1914.21 2988.01 87.5173
1917.91 3000.97 87.151
1919.71 3006.97 86.9633
1923.88 3021.34 86.3404
1925.91 3027.81 86.1029
1928.08 3035.94 85.6617
1932.86 3052.13 85.0971
1938.31 3057.92 84.8391
1944.1 3061.02 84.3418
1949.59 3074.95 83.76
1954.37 3093.73 83.3851
1958.98 3109.57 82.967
1963.77 3123.52 82.4306
1966.31 3130.51 82.1179
1972.85 3148.11 81.3181
1979.14 3161.79 80.8865
1985.12 3172.18 80.4577
1988.09 3176.81 80.2034
1994.62 3188.53 79.3002
2001.64 3185.49 78.785
2009.37 3189.28 78.1075
2013.36 3192.33 77.7473
2023.17 3204.4 76.7423
2028.91 3212.58 76.0918
2035.55 3221.77 75.3554
2048.25 3237.14 74.5899
2055.04 3245.31 73.9718
2061.24 3252.3 73.6441
2067.69 3260.94 72.9701
2074.69 3271.56 72.1522
2094.18 3300.27 71.0498
2105.36 3314.14 70.6151
2123.91 3332.78 70.0593
2139.58 3343.6 69.4399
2147.22 3348.13 69.0444
2155.31 3353.54 68.4422
2170.92 3364.98 67.5751
2177.39 3376.09 66.9488
2177.39 3376.09 66.9488
2192.55 3400.85 65.4216
2200.89 3412.68 64.8811
2209.65 3423.73 64.3164
2224.68 3439.54 63.7185
2231.31 3445.39 63.3923
2244.42 3456.76 62.5138
2255.21 3465 61.9395
2265.37 3472.87 61.3132
2271.95 3479.12 60.7074
2279.03 3485.82 60.1378
2286.44 3492.32 59.5856
2299.18 3501.55 59.0346
2310.88 3508.61 58.4355
2316.31 3511.7 58.0852
2323.13 3516.56 57.4812
2323.13 3516.56 57.4812
2341.74 3531.78 55.826
2359.93 3545.34 55.1699
2367.99 3550.43 54.8478
2375.51 3554.65 54.5713
2400.02 3567.15 53.4342
2407.73 3570.29 53.1217
2422.91 3577.87 52.443
2430 3581.91 52.093
2438.02 3587.87 51.5217
2443.49 3592.93 50.8873
2449.93 3598.07 50.2915
2457.28 3603.61 49.6043
2465.13 3472.23 38.186
2465.4 3470.96 38.2352
2466.26 3469.02 38.2312
2466.74 3468.2 38.2314
2466.97 3467.37 38.2533
2467.92 3466.27 38.237
2468.28 3465.78 38.249
2469.16 3465.17 38.2445
2469.89 3464.66 38.2475
2470.12 3464.4 38.2394
2469.95 3465.61 38.2016
2469.75 3466.67 38.1976
2469.52 3467.57 38.1958
2469.26 3468.32 38.1958
2468.96 3468.96 38.1958
2468.68 3469.54 38.1997
2468.38 3470.03 38.1999
2468.09 3470.45 38.1999
2467.79 3470.81 38.1999
2467.52 3471.13 38.1999
2467.25 3471.4 38.1999
2467.01 3471.65 38.1999
2466.58 3472.07 38.2
2466.4 3472.25 38.2
2466.1 3472.57 38.2
2465.85 3472.85 38.1999
2465.75 3472.97 38.2
2465.4 3473.16 38.2004
2465.34 3473.36 38.2
2465.28 3473.52 38.2
2465.25 3473.59 38.2
2465.19 3473.69 38.2
2465.16 3473.74 38.2
2465.13 3473.77 38.2
2465.08 3473.84 38.2
2465.04 3473.84 38.1971
2465.02 3473.88 38.1999
2465 3473.88 38.1971
2465 3473.88 38.1971
2464.93 3473.89 38.2033
2464.94 3473.93 38.1999
2464.94 3473.95 38.1972
2464.94 3473.95 38.1971
2464.94 3473.97 38.1999
2464.93 3474 38.2
2464.93 3473.98 38.1971
2464.93 3473.98 38.1971
2464.93 3473.98 38.1971
2465.01 3474.03 38.1971
2464.99 3474.04 38.1999
2464.96 3474 38.1971
2464.93 3474.01 38.2
2464.93 3474 38.1972
2464.92 3473.98 38.1971
2464.93 3474.02 38.2
2464.95 3474.04 38.2012
2464.97 3474.06 38.2012
2464.95 3474.1 38.2027
2464.96 3474.11 38.2013
2464.94 3474.14 38.2027
2464.85 3474.09 38.2086
2464.79 3474.11 38.2067
2464.69 3474.1 38.2088
2464.66 3474.13 38.2067
2464.67 3474.23 38.2049
2464.69 3474.28 38.2048
2464.71 3474.33 38.2048
2464.71 3474.36 38.2048
2464.67 3474.36 38.2066
2466.1 3475.31 38.127
2471.64 3479.05 37.8467
2481.3 3485.83 37.4733
2501.08 3499.91 37.1028
2517.71 3511.58 36.8187
2525.99 3517.03 36.5937
2533.73 3521.58 36.3906
2541.95 3525.8 36.0928
2551.36 3530.22 35.7033
2559.39 3533.48 35.5512
2567.92 3536.92 35.2347
2576.48 3540.27 34.9473
2585.17 3544.04 34.6164
2594.61 3548.49 34.2558
2612.6 3557.18 33.7949
2620.58 3561.17 33.5131
2635.19 3568.15 33.149
2641.82 3571.05 32.9718
2649.69 3574.54 32.6686
2658.31 3578.25 32.374
2667.8 3582.24 32.0658
2678.52 3586.54 31.6934
2689.66 3590.76 31.3795
2710.63 3598.04 30.8887
2720.7 3601.12 30.4835
2737.96 3605.33 30.0289
2751.44 3607.86 29.5795
2756.67 3608.52 29.4003
2767.87 3609.76 28.8986
2777.43 3610.55 28.5025
2783 3611.28 28.2568
2797.45 3613.93 27.6287
2805.65 3615.59 27.2531
2810.95 3614.82 26.9263
2817.6 3614.65 26.5108
2826.15 3615.37 26.1016
2835.82 3616.55 25.7047
2845.7 3617.88 25.32
2856.56 3619.68 24.8953
2868.33 3621.62 24.4639
2880.69 3623.69 24.0538
2893.6 3626.18 23.6438
2906.8 3628.79 23.2185
2919.31 3630.86 22.8451
2929.1 3631.9 22.6691
2944.79 3631.25 22.1482
2952.5 3630.23 21.735
2961.21 3629.51 21.2744
2971.22 3629.21 20.8736
3007.02 3640.41 19.8289
3015.14 3635.33 20.0224
3021.59 3633.75 19.5608
3027.71 3632.12 19.3572
3035.5 3630.93 18.9686
3052.76 3629.72 18.3636
3062.73 3630 17.9617
3072.87 3630.14 17.5902
3094.76 3632.41 17.0232
3101.94 3631.98 17.0137
3109.37 3626.52 16.4206
3115.22 3624.75 15.9569
3122.45 3623.39 15.5663
3138.73 3621.21 14.9461
3152.05 3618.79 14.5071
3162.97 3616.15 14.089
3167.89 3614.84 13.92
3182.47 3611.33 13.3035
3208.25 3609.48 12.857
3226.69 3605.82 12.409
3225.16 3602.31 12.0545
3228.34 3601.02 11.6559
3228.34 3601.02 11.6559
3260.93 3598.78 10.6616
3265.97 3595.08 10.4335
3273.24 3591.83 10.0045
3299.51 3588.42 9.4533
3319.49 3586.99 9.18796
3319.88 3585.74 8.93068
3356.54 3582.35 8.18315
3352.41 3580.29 7.88657
3353.33 3579.38 7.51804
3368.12 3580.03 6.86297
3388.94 3581.01 6.35863
3399.39 3579.54 6.12335
3422.7 3577.64 5.48365
3430.9 3575.16 5.30371
3450.56 3572.29 4.59894
3464.23 3570.73 4.10681
3475.36 3568.78 3.68223
3487.49 3567.03 3.4327
3509.07 3563.91 2.79091
3525.3 3559.04 2.4785
3532.43 3556.73 2.12503
3540.42 3553.66 1.88336
3549.77 3551.27 1.75981
3561.1 3548.02 1.51523
3570.92 3544.15 1.45388
3582.07 3540.56 1.21221
3595.67 3538.44 1.16112
3598.6 3537.94 0.970356
3610.8 3536.26 0.66846
3623.82 3535.27 0.4411
3629.66 3534.94 0.756121
3644.35 3534.03 0.479158
3653.21 3531.73 0.162217
3653.28 3528.32 0.446285
3655.16 3525.55 0.360226
3681.64 3524.5 0.16233
3697.92 3525.05 359.726
3704.18 3523.97 359.71
3711.99 3524.67 0.112928
3732.58 3522.76 359.875
3749.09 3522.22 359.739
3758.36 3521.97 359.849
3768.75 3519.52 359.759
3776.6 3518.79 359.772
3782.63 3515.74 359.677
3793.5 3514.78 359.666
3809.4 3514.01 359.658
3829.91 3513.02 359.635
3846.3 3511.4 359.552
3855.21 3510.68 359.555
3860.78 3510.05 359.654
3878.4 3510.96 359.48
3890.79 3509.5 359.421
3898.48 3509.38 359.469
3909.02 3508.26 359.475
3913.77 3507.79 359.346
3923.43 3507.3 359.299
3932.41 3506.19 359.276
3940.06 3504.43 359.192
3952.47 3503.41 359.301
3968.16 3502.37 359.129
3983.66 3502.94 359.008
3990.16 3501.97 359.006
3995.84 3503.15 359.135
3997.02 3502.54 359.112
4002.25 3502.02 359.034
4010.78 3502.31 359.019
4017.36 3500.92 359.01
4026.46 3501.27 359.086
4035.84 3500.93 359.058
4055.74 3500.21 358.786
4066.42 3498.83 358.618
4069.24 3499.35 358.61
4083.95 3499.43 358.692
4088.7 3499.89 358.774
4104.53 3499.43 358.76
4110.2 3498.23 358.655
4128.87 3497.22 358.703
4141.16 3497.48 358.693
4151.11 3497.01 358.619
4158.71 3495.72 358.599
4164.44 3497.5 358.694
4176.79 3496.84 358.567
4186.32 3495.38 358.598
4198.84 3496.45 358.551
4209.25 3496.57 358.569
4222.68 3495.14 358.469
4234.34 3494.61 358.53
4241.38 3494.2 358.484
4250.52 3492.89 358.481
4259.25 3492.64 358.462
4280.53 3492.11 358.278
4288.49 3490.98 358.498
4289.69 3489.46 358.503
4301.86 3488.14 358.332
4305.85 3487.69 358.523
4314.04 3486.06 358.428
4326.13 3485.38 358.359
4337.8 3484.88 358.195
4346.05 3484.48 358.331
4356.96 3484.01 358.121
4374.45 3483.09 358.108
4388.22 3482.15 358.138
4402.52 3481.3 358.084
4412.01 3479.95 358.081
4421.43 3480.25 358.067
4429.39 3479.82 358.011
4435.88 3480.12 358.055
4444.99 3480.3 358.084
4458.37 3477.95 357.909
4473.85 3481.03 357.894
4494.75 3484.57 357.9
4512.81 3487.99 357.824
4526.78 3490.71 357.8
4532.5 3491.91 357.842
4542.74 3490.86 357.721
4548.22 3486.56 357.68
4552.95 3485 357.682
4557.39 3481.1 357.583
4556.29 3482.55 357.648
4576.43 3478.35 357.589
4593.25 3474.08 357.58
4607.37 3471.26 357.548
4616.16 3469.93 357.638
4628.18 3467.76 357.675
4636.42 3466.14 357.568
4651.62 3464.37 357.495
4657.44 3461.99 357.501
4663.79 3460.69 357.53
4680.63 3458.07 357.367
4689.79 3456.69 357.455
4710.01 3453.98 357.242
4757.69 3468.99 357.248
4747.92 3465.88 357.09
4744.24 3464.52 357.29
4739.23 3462.12 357.238
4736.74 3460.07 357.165
4736.16 3459.16 357.165
4735.85 3456.88 357.164
4735.99 3456.25 357.164
4738.85 3455.75 357.164
4738.85 3455.75 357.164
4737.93 3454.78 357.165
4740.31 3454.22 357.208
4740.31 3454.22 357.208
4743.89 3454.01 357.21
4746.14 3454.67 357.221
4746.57 3454.56 357.165
4746.78 3454.89 357.22
4743.76 3454.1 357.211
4744.49 3454.02 357.185
4747.18 3453.14 357.148
4762.18 3451.1 357.087
4781.23 3448.97 357.094
4790.16 3447.7 357.216
4795.62 3445.89 357.289
4814.76 3445.88 357.254
4820.8 3444.73 357.053
4826.21 3443.73 357.262
4838.15 3443.28 357.294
4838.15 3443.28 357.294
4838.15 3443.28 357.294
4860.66 3440.87 357.234
4879.69 3439.47 357.122
4890.44 3438.85 356.921
4914.65 3441.73 356.907
4926.94 3444.01 356.516
4934.95 3445.08 356.439
4928.15 3449.26 356.708
4942.6 3446.66 355.754
4955.43 3439.48 355.327
4968.3 3432.79 355.144
4983.73 3426.08 354.892
4974.45 3438.09 355.536
4978.72 3434.1 354.663
4987.12 3434.84 355.028
5008.21 3427.2 354.028
5005.89 3432.8 354.729
5029.48 3424.45 353.583
5036.24 3421.12 353.522
5044.46 3422.79 353.989
5056.61 3417.96 353.473
5056.95 3418.57 353.66
5063.83 3417.4 353.444
5079.61 3411.02 352.695
5109.54 3402.67 351.997
5142.32 3395.06 351.554
5180.69 3379.47 351.164
5176.23 3382 351.385
5190.26 3376.1 350.801
5201.68 3372.21 350.419
5230.26 3363.4 349.863
5232.69 3366.25 349.827
5259 3355.24 349.161
5274.81 3352.62 349
5276.26 3355.1 349.088
5300.76 3349.58 348.234
5337.66 3334.5 347.721
5330.15 3336.29 348.033
5358.75 3329.55 347.591
5378.35 3324.83 347.503
5384.76 3326.25 347.333
5406.21 3318.84 346.626
5421.1 3311.69 346.505
5440.43 3304.2 346.355
5450.88 3303.44 346.671
5496.75 3284.78 346.148
5510.53 3283.74 346.519
5531.94 3274.21 346.049
5558.23 3263.44 345.968
5574.65 3256.62 346.344
5589.64 3249.71 345.983
5622.26 3232.06 345.746
5632.14 3227.37 346.167
5638.34 3228.49 346.077
5655.67 3228.71 345.919
5670.71 3226.8 345.765
5689.41 3224.42 345.601
5737.29 3205.75 345.495
5740.41 3205.16 345.407
5756.48 3201.37 345.135
5783.1 3193.07 344.984
5806.28 3184.89 344.831
5819.35 3180.89 344.702
5832.98 3177.04 344.558
5855.6 3169.69 344.392
5877.72 3161.62 344.251
5891.85 3158.33 344.125
5911.87 3153.72 343.949
5931.18 3148.36 343.755
5949.94 3142.37 343.573
5969.79 3135.57 343.397
6001.62 3122.68 343.18
6037.02 3108.33 343.03
6052.64 3102.13 342.834
6063.04 3098.03 342.647
6076.65 3092.87 342.47
6093.05 3086.93 342.297
6111.93 3080.06 342.094
6132.42 3072.6 341.872
6152.58 3065.52 341.7
6172.64 3058.43 341.513
6192.68 3051.17 341.327
6231.1 3036.24 341.066
6245.86 3029.91 340.973
6273.16 3018.61 340.749
6285.53 3013.29 340.668
6303.45 3006.52 340.58
6317.24 3001.77 340.412
6335.82 2995.51 340.209
6361.82 2987.57 339.803
6376.43 2981.28 339.701
6392.79 2973.67 339.56
6412.02 2964.39 339.386
6441.28 2952.61 339.048
6458.5 2944.23 339.035
6475.19 2936.68 338.907
6492.33 2928.76 338.756
6519.87 2918.3 338.483
6555.14 2903.31 338.592
6576.9 2893.67 338.528
6600.82 2885.2 338.286
6600.79 2884.51 338.437
6603.87 2882.18 338.53
6626.89 2871.67 338.616
6639.16 2864.15 338.577
6656.3 2855.88 338.52
6682.31 2845.26 338.502
6714.42 2833.52 338.492
6722.15 2829.99 338.429
6729.43 2827.42 338.39
6739.52 2823.16 338.361
6749.6 2818.13 338.336
6761.45 2812.04 338.309
6777.24 2803.93 338.283
6795.55 2794.45 338.253
6822.1 2783.88 338.175
6849.34 2767.81 338.178
6874.24 2757.65 338.117
6895.58 2744.63 338.081
6928.67 2732.94 338.021
6954.72 2724.21 337.967
6957.45 2722.22 337.935
6983.38 2713.01 337.792
6997.04 2708.32 337.716
7004.32 2705.81 337.682
7025.27 2698.37 337.661
7052.84 2686.14 337.506
7067.93 2678.89 337.456
7083.02 2671.75 337.41
7100.4 2664.44 337.319
7140.31 2650.42 337.248
7161.87 2642.98 337.242
7182.96 2632.08 337.137
7195.4 2624.49 337.093
7184.99 2617.24 336.862
7200.72 2609.77 337.044
7224.02 2594.3 336.676
7260.59 2578.28 336.852
7278.18 2570.59 336.796
7297.45 2561.71 336.727
7314.07 2554.21 336.707
7332.52 2546.13 336.673
7350.96 2537.99 336.602
7370.5 2529.59 336.521
7389.86 2521.24 336.442
7407.36 2514.35 336.373
7424.14 2504.89 336.297
7423.43 2501.16 336.12
7424.49 2497.24 336.077
7454.92 2482.36 336.542
7496.21 2468.5 336.603
7518.25 2462.11 336.724
7543.84 2454.23 336.822
7567.5 2446.34 336.901
7588.95 2438.69 336.98
7604.69 2431.92 336.989
7631.48 2417.34 337.119
7656.54 2404.93 337.237
7670.17 2398.72 337.553
7684.5 2392.25 337.627
7692.77 2387.77 337.455
7714.43 2376.79 337.557
7732.24 2369.29 337.889
7751.17 2361.93 337.935
7771.97 2356.13 337.702
7792.96 2349.68 337.714
7828.54 2339.03 337.734
7845.06 2334.05 337.754
7862.59 2328.21 337.735
7897.35 2315.55 337.822
7910.84 2310.55 337.745
7925.81 2305.28 337.749
7943.82 2299.59 337.644
7966.71 2293.24 337.508
7994.56 2281.17 337.338
8010.24 2274.83 337.336
8016.4 2274.09 336.918
8030.4 2267.6 337.121
8047.67 2258.98 336.966
8065.6 2249.91 336.845
8082.95 2241.15 336.778
8099.32 2232.42 336.686
8115.03 2223.48 336.633
8132.1 2213.32 336.609
8149.19 2203.67 336.525
8183.49 2185.26 336.43
8197.78 2177.1 336.377
8212.38 2168.72 336.354
8227.58 2160.52 336.438
8240.65 2153.3 336.488
8255.31 2145.61 336.568
8271.75 2137.15 336.684
8308.04 2119.36 336.84
8337.79 2107.08 337.161
8370.34 2094.38 337.294
8384.42 2089.82 337.341
8397.82 2085.15 337.336
8410.65 2080.57 337.389
8424.34 2075.45 337.489
8441.03 2068.31 337.604
8458.99 2060.58 337.751
8493.54 2048.15 337.909
8505.3 2042.86 337.99
8529.19 2034.07 338.18
8548.18 2027.59 338.261
8563.24 2020.97 338.427
8576.26 2016.7 338.591
8589.25 2012.36 338.412
8601.59 2006.81 338.771
8616.16 2000.92 338.901
8632.35 1994.53 338.998
8650.43 1987.33 339.104
8670.42 1979.43 339.31
8692.17 1970.84 339.531
8713.38 1963.33 339.796
8725.43 1961.49 339.747
8750.39 1954.05 340.296
8791.11 1945.75 340.706
8807.96 1941.72 340.765
8824.11 1937.17 341.025
8844.94 1933.47 341.169
8859.3 1928.97 341.561
8867.57 1928.41 341.603
8886.96 1922.69 342.124
8915.79 1916.77 342.522
8935.65 1912.18 342.513
8961.3 1903.02 343.022
8977.19 1897.44 343.304
9004.06 1888.95 343.61
9022.3 1885.21 343.961
9035.71 1881.56 343.995
9058.22 1878.97 344.396
9077.44 1875.75 344.759
9108.65 1869.99 344.976
9136.29 1866.98 345.401
9152.44 1868.24 345.578
9169.62 1868.6 345.872
9181.89 1867.79 346.147
9193.42 1866.69 346.263
9232.14 1864.57 346.832
9243.29 1864.42 346.79
9265.59 1862.1 347.126
9275.49 1861 347.259
9282.8 1860.96 347.372
9303.27 1858.25 347.899
9343.69 1853.07 348.261
9358.1 1851.21 348.339
9377.45 1848.66 348.646
9397.46 1846.96 348.899
9418.07 1844.23 349.133
9438.89 1842.17 349.388
9458.93 1839.86 349.637
9479.64 1838.73 349.909
9512.12 1836.22 350.204
9526.96 1835.2 350.4
9559.68 1833.91 350.796
9581.98 1834.38 351.035
9591.47 1834.65 351.144
9602 1834.32 351.34
9618.19 1833.57 351.648
9638.17 1833.09 351.963
9678.03 1832.85 352.291
9693.86 1832.82 352.396
9728.77 1831.8 352.864
9744.47 1830.79 353.043
9762.36 1830.28 353.369
9789.8 1830.44 353.633
9805.77 1829.51 353.85
9824.12 1829.15 354.185
9842.41 1828.87 354.439
9861.36 1828.31 354.704
9883.54 1827.24 355.045
9916.67 1826.22 355.294
9937.76 1827.62 355.58
9958.89 1828.86 355.818
9980.35 1830.41 356.286
10002.2 1832.68 356.575
10014.7 1836.28 356.807
10024.1 1837.9 356.996
10043.6 1840.38 357.285
10053.9 1841.31 357.461
10086.9 1841.42 357.986
10119.8 1844.16 358.37
10134.9 1845.33 358.488
10169.2 1848.35 358.837
10183.4 1850.29 359.077
10197.2 1851.45 359.406
10207.9 1852.23 359.634
10217.9 1852.97 359.748
10231.5 1854.35 359.88
10263.4 1856.89 359.981
10291.1 1859.96 0.800349
10307.2 1861.8 1.13728
10331.8 1864.75 1.31085
10353.7 1867.03 1.57732
10379.7 1870.7 2.05939
10402.4 1873.92 2.28675
10421.2 1878.49 2.58495
10434.1 1881.41 2.58355
10451.9 1885.72 3.0562
10478 1889.38 3.36158
10501.6 1893.09 3.69314
9959.23 1872.34 12.0644
9959.19 1872.37 12.0645
9959.13 1872.43 12.0838
9959.1 1872.46 12.1073
9957.79 1872.12 12.0836
9956.79 1871.86 12.0827
9955.56 1871.51 12.0917
9955.07 1871.34 12.092
9955.01 1871.29 12.0852
9955.02 1871.27 12.0918
9955.07 1871.25 12.092
9955.14 1871.25 12.092
9955.22 1871.25 12.092
9955.39 1871.25 12.0852
9955.52 1871.25 12.0852
9955.56 1871.24 12.0849
9955.62 1871.23 12.092
9955.65 1871.22 12.0849
9955.66 1871.21 12.0849
9955.65 1871.21 12.0918
9955.65 1871.2 12.0852
9955.65 1871.19 12.0849
9955.64 1871.18 12.0918
9955.64 1871.18 12.092
9955.64 1871.17 12.0852
9955.64 1871.17 12.0785
9955.64 1871.17 12.0782
9955.64 1871.17 12.0728
9955.64 1871.16 12.0708
9955.64 1871.16 12.0727
9955.64 1871.16 12.0727
9955.64 1871.16 12.0728
9955.65 1871.16 12.0728
9955.65 1871.16 12.0728
9955.65 1871.15 12.0728
9955.65 1871.15 12.067
9956.03 1870.88 12.086
9961.46 1872.06 12.2439
9968.4 1874.15 12.3486
9976.83 1876.84 12.4797
9991.61 1881.54 12.7429
10019.4 1892.18 12.8613
10027.9 1895.31 12.9463
10038.4 1899.17 13.0993
10043.4 1901.24 13.1004
10058.4 1905.04 13.3119
10064.4 1906.71 13.4062
10070.7 1908.43 13.5218
10082.7 1912.17 13.7127
10096.6 1916.99 14.0333
10101.5 1919.24 14.2316
10102 1919.59 14.1857
10105.6 1920.79 14.4104
10122.7 1926.88 14.7543
10122.7 1926.88 14.7543
10141.2 1934.83 15.3491
10144.9 1936.81 15.2168
10158.8 1942.36 15.7461
10163.3 1944.47 15.6679
10168.8 1946.62 15.8816
10195.6 1955.91 16.4796
10198.1 1956.62 16.3129
10224.3 1967.18 17.2379
10244.8 1976.57 17.6571
10265.9 1985.96 18.1626
10277.2 1991.19 18.4862
10288.5 1996.67 18.7424
10296.7 2001.21 18.9488
10311.5 2007.2 19.4629
10329.1 2014.88 19.9153
10346.5 2023.12 20.3302
10363 2031.19 20.665
10395.9 2047.84 21.126
10417.7 2061.18 21.6711
10430.8 2069.57 22.1275
10451.2 2082.6 22.4929
10474.1 2094.91 23.0398
10489.7 2104.61 23.1294
10489.7 2104.61 23.1294
10518.3 2120.79 23.6871
10541.3 2133.25 24.1129
10565.9 2149.04 24.039
10576.1 2155.86 24.1314
10588.9 2163.72 24.3138
10628.8 2185.21 24.7783
10653.1 2200.37 24.9203
10662.8 2209.63 24.814
10680.5 2219.69 24.9393
10698.8 2229.49 25.0927
10703.9 2233.17 25.1732
10713.6 2238.81 25.3004
10733.2 2248.38 25.6542
10767.4 2266.67 25.908
10782.7 2276.23 25.9664
10786.3 2279.31 25.8992
10793.4 2284.84 26.0451
10820.8 2302.56 26.4901
10848 2316.88 26.6175
10860.9 2324.06 26.7994
10867.5 2328.53 27.1536
10878.3 2335.74 27.5937
10915.1 2354.31 28.1912
10929.1 2365.4 28.4377
10935.4 2371.12 28.7353
10957.5 2386.61 29.5654
10982.4 2402.47 30.2212
10984.8 2411.61 30.7492
10987.1 2417.1 31.135
10997.6 2432.79 32.2443
11002.6 2437.7 32.523
11011.5 2448.62 33.3136
11031.2 2470.17 34.4854
11043.1 2484.95 35.2363
11056.3 2501.24 36.0427
11067.4 2514 36.6881
11087.8 2544.14 37.5592
11097.9 2559.85 38.3383
11113.4 2587.8 39.1062
11121.7 2600.06 39.7623
11138.1 2631.63 40.7165
11146.7 2646.28 41.381
11156.7 2661.22 42.1223
11177.4 2684.41 42.9098
11191.1 2695.79 43.4351
11194.1 2705.62 43.849
11205.6 2730.11 44.8973
11220.4 2750.03 45.428
11223.2 2759.59 45.7818
11223.6 2768.81 46.2549
11241.6 2791.27 47.0372
11257.9 2804.68 47.5841
11288.8 2832.98 48.3566
11288.8 2832.98 48.3566
11290.1 2847.66 48.7555
11290.2 2861.4 49.0712
11306 2892.66 50.0969
11313.6 2912.41 50.3626
11321.7 2932.2 50.809
11327.5 2948.77 51.0621
11333.4 2965.35 51.5801
11353.1 3018.12 52.8579
11359.8 3044.83 53.398
11363 3056.98 53.8956
11365.7 3067.82 54.1834
11368.1 3077.69 54.513
11373 3090.73 55.1748
11387.4 3122.99 56.3133
11398.6 3150.28 56.9014
11407.7 3173.99 57.5355
11411.6 3184.61 57.8235
11416.6 3197.82 58.4157
11421.8 3212.1 58.986
11432.8 3242.69 59.9055
11432.8 3242.69 59.9055
11438.6 3259.13 60.5018
11451.1 3297.67 61.7227
11457.2 3318.11 62.275
11462.6 3338.7 62.8826
11468.3 3360.54 63.4917
11475.6 3395.9 64.1336
11474.3 3406.85 64.3491
11473.5 3419.47 64.9475
11473.1 3434.59 65.5745
11473.1 3471.16 66.5849
11472 3500.04 67.1623
11474.4 3523.6 67.7408
11474.4 3523.6 67.7408
11477.8 3550.21 68.9325
11481.4 3568.34 69.5586
11485.1 3587.41 70.1041
11488.1 3608.15 70.7218
11488.1 3608.15 70.7218
11495.6 3652.32 72.0488
11498.6 3671.22 72.3567
11501.4 3689.9 72.9147
11504.2 3709.79 73.5062
11506.8 3729.76 74.1245
11508.9 3749.62 74.7006
11511.9 3786.32 75.6288
11512.8 3801.19 75.9357
11513.3 3817.39 76.5368
11512.1 3834.24 77.1725
11511.1 3852.34 77.7794
11509 3885.6 78.6491
11507.4 3898.27 78.969
11506.1 3913.11 79.5747
11504.4 3930.76 80.2607
11503 3948.93 80.8554
11501.8 3965.73 81.3602
11500.8 3981.49 81.8967
11500 3998.54 82.5306
11498.9 4016.95 83.203
11497.5 4036.33 83.767
11496.1 4056.14 84.3114
11494.3 4077.12 84.873
11492.6 4094.55 85.2843
11490.5 4113 85.8737
11487.9 4130.45 86.392
11481.5 4166.69 87.3094
11473.9 4197.81 87.8522
11466.4 4220.72 88.4012
11458.8 4237.73 88.8665
11451.9 4251.74 89.4361
11445.4 4271.62 89.9289
11442.3 4282.8 90.2028
11436.1 4301.18 90.6884
11430.1 4321.48 91.171
11424.7 4341.15 91.7758
11411.6 4383.21 92.5604
11405.5 4399.22 92.7555
11400.1 4414.67 93.1692
11395.2 4430.69 93.5673
11391 4447.84 93.955
11386.3 4467.34 94.3182
11380.2 4491.64 94.5823
11367.1 4538.09 95.108
11360.4 4559.93 95.4354
11348.7 4592.93 95.751
11339 4618.42 96.0899
11331.2 4639.53 96.4103
11323.4 4656.22 96.721
11316.1 4672.17 97.0433
11310.2 4690.01 97.3721
11307.3 4703.34 97.6707
11303.9 4719.36 97.9889
11300.8 4733.74 98.1482
11297.6 4750.95 98.4318
11294.4 4770.06 98.8183
11287.6 4808 99.4618
11280.7 4836.03 99.9303
11267.8 4862.75 100.88
11259.8 4874.67 101.142
11252.5 4883.82 101.377
11246.4 4892.54 101.859
11243.5 4899.71 102.471
11235.3 4918.63 103.395
11231.1 4926.27 103.666
11221.4 4944.99 104.565
11221.4 4944.99 104.565
11215.1 4960.83 105.178
11200.5 4990.25 106.303
11187.7 5017.56 107.101
11176.3 5042.46 107.972
11169.2 5055.78 108.841
11161.9 5069.58 109.655
11155.4 5083.41 110.213
11148.6 5099.1 111.167
11140.4 5116.12 112.222
11120.3 5148.75 113.699
11120.3 5148.75 113.699
11097.8 5179.47 115.571
11087.1 5195.94 116.444
11076.8 5210.12 116.915
11049 5235.63 118.435
11032.2 5250.58 119.289
11017 5263.05 119.677
10987.6 5291.29 120.976
10974.8 5302.2 121.394
10960.4 5313.42 122.099
10944.4 5325.99 122.739
10927.4 5338.75 123.248
10909.3 5352.74 123.81
10891.6 5366.14 124.259
10873.8 5380.02 124.63
10856.8 5393.8 125.011
10839.6 5408.49 125.37
10808.3 5434.98 125.915
10786.9 5449.98 126.217
10770.3 5461.07 126.535
10754.5 5471.9 126.954
10739.2 5483.51 127.392
10723.4 5496.7 127.843
10708.1 5510.02 128.259
10693.9 5523.17 128.597
10683.5 5533.59 128.989
10668.7 5548.29 129.494
10653.5 5565.36 129.908
10631 5591.04 130.382
10616.9 5606.24 130.827
10608.9 5613.44 131.469
10601.1 5619.21 131.877
10579.4 5633.63 133.105
10567.2 5641.7 133.77
10546.5 5653.59 134.438
10535.2 5660.36 135.2
10512.8 5672.84 136.083
10491.7 5682.99 136.817
10471.1 5691.87 137.525
10458.8 5690.19 137.931
10442.7 5691.13 138.768
10423.4 5697.2 139.582
10411.9 5702.46 140.296
10385.5 5716.52 141.477
10375.6 5720.23 141.476
10351 5730.07 142.49
10323 5743.89 143.576
10300.1 5750.77 143.762
10282.3 5749.75 144.247
10263.8 5748.1 144.662
10252.4 5750.02 145.08
10241.4 5752.73 145.335
10208.7 5768.17 146.134
10190.1 5778.01 146.788
10159 5791.37 147.079
10148.3 5794.21 147.319
10129.3 5803.62 148.195
10109.9 5812.81 148.672
10097 5816.39 148.7
10082.3 5821.44 149.176
10059 5833.05 150.121
10018.3 5852.3 150.954
9991.67 5863.06 151.495
9973.51 5869.5 152.08
9957.98 5873.86 152.707
9940.28 5878.58 153.258
9931.11 5881.11 153.586
9917.72 5885.31 154.21
9885.3 5894.23 155.122
9856.53 5900.03 155.719
9829.77 5904.25 156.423
9802.54 5906.93 157.076
9778.42 5908.54 157.605
9761.57 5909.07 158.081
9747.29 5910.27 158.668
9738.63 5910.8 159.041
9710.03 5915.03 160.083
9683.41 5918.32 160.671
9670.13 5919.94 161.107
9656.83 5920.76 161.628
9630.42 5922.23 162.334
9607.82 5923.4 162.955
9588.86 5923.59 163.478
9572.13 5923.46 163.936
9545.37 5925.33 164.887
9530.85 5926.82 165.231
9497.88 5929.83 166.144
9483.93 5930.32 166.47
9461.07 5930.3 166.935
9447.07 5930.82 167.519
9415.97 5931.54 168.473
9402.66 5931.43 168.763
9405.77 5925.54 168.409
9401.18 5921.46 169.001
9390.15 5917.96 169.624
9360.6 5912.65 170.646
9360.6 5912.65 170.646
9343.27 5910.41 171.052
9305.89 5913.33 172.271
9269.87 5914.75 172.833
9209.65 5915.2 173.371
9189.2 5914.05 173.486
9189.2 5914.05 173.486
9145.17 5911.29 174.441
9145.17 5911.29 174.441
9094.6 5909.38 175.124
9056.6 5905.57 175.479
9032.11 5901.08 175.78
9015.3 5896.56 176.1
8999.84 5892.42 176.438
8984.08 5888.62 176.782
8975.45 5886.93 176.924
8953.33 5884.63 177.416
8938.44 5883.82 177.724
8920.35 5883.03 178.057
8904.32 5881.69 178.218
8885.01 5879.53 178.561
8864.99 5877.98 178.862
8831.7 5875.86 179.258
8815.12 5874.68 179.558
8795.57 5873.16 179.921
8773.73 5870.89 180.282
8742.12 5866.26 180.506
8721.58 5862.18 180.669
8705.73 5857.96 180.829
8689.1 5854.92 180.942
8678.85 5853.82 180.982
8681.82 5850.06 180.315
8673.29 5842.29 180.322
8662.67 5839.08 180.355
8648.32 5836.48 180.327
8631.07 5834.35 180.348
8611.41 5832.48 180.326
8590.14 5831.12 180.325
8568.58 5830.08 180.317
8528.5 5831.76 181.034
8491.07 5833.2 181.076
8455.69 5833.46 181.122
8407.48 5834.16 181.081
8390.01 5835.17 181.034
8366.75 5837.54 181.02
8349.38 5840.36 181.025
8333.29 5843.18 181.008
8316.1 5845.08 180.99
8298.77 5845.73 181.009
8281.94 5845.15 180.976
8272.48 5844.29 180.983
8257.33 5843.65 180.976
8237.98 5843.24 180.986
8227.81 5837.46 180.089
8213.2 5831.7 180.099
8204.18 5829.11 180.081
8189.77 5827.39 180.078
8172.5 5825.74 180.057
8154.02 5824.25 180.064
8117.81 5821.85 180.038
8088.41 5819.39 180.042
8061.7 5818.76 180.068
8038.07 5817.65 180.077
8022.94 5816.07 180.073
7999.9 5814.76 179.969
7983.44 5815.86 179.937
7966.24 5817.84 179.933
7945.74 5820 179.931
7924.25 5821.54 179.942
7903.61 5822.53 179.911
7893.18 5822.64 179.942
7866.53 5822.69 179.871
7850.53 5822.72 179.861
7830.95 5823.3 179.882
7810.32 5823.11 179.912
7787.65 5822.11 179.979
7752.15 5819.73 180.098
7738.96 5818.54 180.119
7712.06 5814.8 180.395
7701.78 5812.68 180.518
7674.9 5808.43 180.967
7653.54 5804.88 181.372
7640.63 5803.16 181.747
7611.85 5798.85 182.35
7599.07 5796.07 182.557
7560.67 5786.57 183.292
7552.08 5783.62 183.518
7540.69 5778.8 183.966
7540.69 5778.8 183.966
7532.75 5776.37 184.453
7502.24 5768.8 185.867
7486.19 5764.69 186.555
7460.54 5757.06 187.203
7448.48 5753.22 187.581
7433.53 5748.27 188.403
7406.93 5736.82 189.495
7348.93 5722.6 191.277
7309.29 5709.05 192.169
7282.79 5696.43 192.983
7264.84 5686.1 193.687
7249.96 5676.25 194.374
7234.61 5665.75 195.175
7244.1 5662.24 194.843
7245.91 5656.85 195.639
7265.09 5652.86 195.712
7274.92 5646.59 196.413
7251.06 5625.78 198.222
7227.13 5612.99 198.642
7182.83 5586.6 199.735
7168.52 5576.54 200.043
7156.41 5567.56 200.444
7124.58 5546.94 201.971
7098.71 5526.8 202.736
7082.96 5509.71 203.503
7071.34 5493.82 204.282
7057.28 5478.11 205.142
7046.87 5468.72 205.891
7030.43 5451.33 206.738
7022.1 5441.37 207.626
7022.1 5441.37 207.626
6998.88 5416.81 209.658
6984.77 5402.58 210.561
6970.3 5388.15 211.51
6958.88 5375.3 212.007
6946.3 5361.62 212.987
6933.52 5347.3 213.955
6926.94 5336.52 214.578
6918.44 5324.53 215.578
6908.74 5311.29 216.574
6884.86 5280.75 218.084
6872.8 5256.83 218.94
6866.1 5238.25 219.685
6860.27 5223.47 220.34
6856.89 5211.76 220.954
6855.05 5200.62 221.486
6849.92 5187.82 222.05
6841.94 5173.07 222.614
6830.86 5155.08 223.359
6820.11 5136.39 224.052
6814.67 5126.71 224.401
6807.92 5115.29 224.965
6795.73 5089.8 225.939
6788.85 5075.06 226.609
6782.13 5059.48 227.202
6776.91 5045.32 227.502
6764.76 5027.29 228.347
6752.84 5007.99 228.972
6730.54 4968.69 229.965
6720.24 4951.18 230.568
6704.25 4924.21 231.192
6690.86 4903.37 231.841
6683.89 4892.94 232.461
6689 4887.59 232.725
6689.6 4876.26 233.383
6685.69 4860.78 234.114
6682.17 4847.32 234.434
6674.56 4821.91 235.213
6671.75 4810.86 235.51
6660.52 4781.35 236.271
6651.96 4755.27 236.608
6626.67 4722.68 237.252
6608.73 4697.49 237.509
6595.12 4677.44 237.69
6583.83 4659.57 237.907
6577.04 4647.32 237.978
6564.57 4623.52 238.014
6557.06 4609.15 238.031
6543.72 4584.59 238.091
6538.46 4574.8 238.087
6531.73 4561.35 238.134
6515.02 4531.09 238.131
6503.94 4510.09 238.124
6499.76 4501.97 238.13
6494.01 4491.58 238.179
6486.96 4478.53 238.176
6470.37 4447.7 238.177
6461.82 4434.04 238.157
6447.33 4413.88 238.171
6440.74 4405.58 238.166
6433.24 4396.11 238.061
6414.99 4372.6 238.175
