x y phi
3242.6 4082.4 180.422
3242.62 4082.34 180.401
3242.89 4082.43 180.398
3243.11 4082.27 180.422
3243.12 4082.11 180.423
3243.1 4081.99 180.423
3250.43 4087.9 180.31
3256.03 4093.25 180.31
3260.1 4098.08 180.31
3264.62 4106.39 180.309
3265.94 4113.19 180.308
3265.91 4116.1 180.307
3265.23 4121.12 180.307
3264.68 4123.3 180.306
3264.15 4125.27 180.306
3263.28 4128.67 180.307
3262.71 4131.45 180.307
3262.41 4133.72 180.308
3262.32 4134.7 180.308
3262.26 4136.39 180.308
3262.25 4137.11 180.308
3262.27 4138.36 180.308
3262.29 4138.9 180.308
3262.32 4139.83 180.308
3262.33 4140.23 180.308
3262.35 4140.91 180.308
3262.36 4141.48 180.308
3262.37 4141.94 180.308
3255.03 4136.15 180.408
3245.29 4126.18 180.412
3242.48 4121.9 180.411
3239.72 4114.53 180.41
3239.33 4111.37 180.409
3239.34 4108.51 180.409
3239.6 4105.93 180.408
3240 4103.59 180.408
3248.29 4105.57 180.31
3254.36 4109.26 180.308
3262.07 4115.59 180.308
3264.04 4118.31 180.308
3265.64 4122.99 180.307
3265.69 4124.99 180.307
3265.07 4128.44 180.307
3264.15 4131.26 180.307
3263.34 4133.57 180.307
3263.03 4134.56 180.307
3262.78 4135.46 180.308
3262.75 4136.27 180.303
3262.55 4137.58 180.31
3262.42 4138.7 180.31
3262.22 4139.15 180.306
3262.22 4139.93 180.31
3262.16 4140.27 180.311
3262.15 4140.61 180.305
3262.2 4140.94 180.308
3262.35 4141.4 180.307
3262.32 4141.79 180.31
3262.2 4141.97 180.306
3262.23 4142.23 180.306
3262.11 4142.48 180.306
3262 4142.65 180.306
3261.97 4142.72 180.306
3262.14 4142.85 180.306
3262.1 4142.98 180.308
3262.18 4143.07 180.311
3262.06 4143.14 180.306
3262.14 4143.17 180.301
3262.09 4143.19 180.306
3262.06 4143.27 180.308
3262.04 4143.32 180.306
3261.99 4143.34 180.306
3262.07 4143.37 180.311
3262.2 4143.4 180.306
3262.14 4143.4 180.306
3262.05 4143.4 180.306
3262.02 4143.4 180.306
3261.99 4143.41 180.306
3262.16 4143.41 180.306
3262 4143.41 180.311
3262.02 4143.42 180.306
3262.06 4143.43 180.311
3262.03 4143.42 180.306
3261.91 4143.43 180.306
3261.93 4143.43 180.306
3261.94 4143.43 180.306
3261.95 4143.43 180.306
3261.97 4143.43 180.306
3261.97 4143.43 180.306
3261.98 4143.43 180.306
3261.9 4143.43 180.306
3261.92 4143.43 180.306
3261.95 4143.43 180.306
3261.89 4143.43 180.306
3261.92 4143.43 180.306
3261.87 4143.43 180.306
3261.85 4143.43 180.306
3261.93 4143.43 180.306
3262.01 4143.46 180.306
3261.93 4143.45 180.306
3261.96 4143.46 180.306
3261.97 4143.46 180.306
3261.93 4143.47 180.306
3261.95 4143.47 180.306
3261.89 4143.46 180.306
3261.76 4143.45 180.306
3261.8 4143.45 180.306
3261.86 4143.45 180.306
3261.86 4143.44 180.306
3261.86 4143.44 180.306
3261.77 4143.44 180.306
3261.72 4143.43 180.306
3261.88 4143.43 180.306
3261.7 4143.43 180.311
3261.86 4143.43 180.306
3261.76 4143.43 180.311
3261.73 4143.43 180.311
3261.88 4143.43 180.306
3261.71 4143.41 180.306
3261.87 4143.41 180.306
3261.93 4143.41 180.306
3261.86 4143.4 180.306
3261.8 4143.4 180.311
3261.72 4143.41 180.311
3261.63 4143.41 180.311
3261.74 4143.41 180.306
3261.57 4143.41 180.311
3261.69 4143.42 180.311
3261.69 4143.42 180.306
3261.8 4143.42 180.306
3261.77 4143.42 180.311
3261.75 4143.42 180.311
3261.9 4143.42 180.306
3261.79 4143.43 180.311
3261.68 4143.42 180.311
3261.77 4143.42 180.306
3261.71 4143.43 180.311
3261.69 4143.43 180.311
3261.68 4143.41 180.311
3261.55 4143.4 180.313
3261.45 4143.4 180.311
3261.63 4143.41 180.306
3261.46 4143.39 180.323
3261.69 4143.4 180.306
3261.59 4143.4 180.311
3261.6 4143.41 180.311
3261.74 4143.41 180.306
3261.73 4143.41 180.311
3261.72 4143.4 180.311
3261.4 4143.38 180.311
3261.47 4143.39 180.311
3261.36 4143.39 180.311
3261.62 4143.4 180.311
3261.53 4143.4 180.311
3261.69 4143.4 180.306
3261.58 4143.4 180.311
3261.65 4143.41 180.311
3261.69 4143.42 180.311
3261.57 4143.42 180.311
3261.47 4143.41 180.311
3261.53 4143.42 180.311
3261.32 4143.4 180.311
3261.3 4143.4 180.311
3261.29 4143.4 180.311
3261.29 4143.4 180.311
3261.23 4143.39 180.311
3261.28 4143.39 180.311
3261.28 4143.39 180.311
3261.44 4143.4 180.311
3261.44 4143.4 180.311
3261.55 4143.4 180.311
3261.46 4143.41 180.311
3261.39 4143.41 180.311
3261.36 4143.39 180.313
3261.26 4143.38 180.311
3261.28 4143.38 180.311
3261.3 4143.39 180.311
3261.31 4143.39 180.311
3261.49 4143.38 180.306
3261.46 4143.38 180.31
3261.34 4143.37 180.323
3261.33 4143.37 180.311
3261.33 4143.38 180.311
3261.38 4143.37 180.311
3261.37 4143.38 180.311
3261.48 4143.39 180.311
