x y phi
3194.02 3846.21 181.668
3194.02 3846.21 181.668
3194.02 3846.21 181.668
3193.96 3846.23 181.692
3194.03 3846.2 181.69
3194.07 3846.17 181.69
3193.85 3846.16 181.703
3193.68 3846.14 181.703
3193.45 3846.09 181.693
3193.38 3846.06 181.693
3193.25 3846.01 181.693
3193.16 3845.99 181.698
3193.16 3845.99 181.698
3193.04 3845.98 181.698
3193.04 3845.98 181.698
3193 3845.97 181.701
3193.02 3845.96 181.698
3193.03 3845.94 181.698
3193.05 3845.93 181.698
3193.07 3845.92 181.698
3193.08 3845.91 181.698
3193.09 3845.91 181.698
3186.54 3845.85 181.719
3172.14 3845.19 181.769
3151.25 3844.43 181.798
3132.18 3843.72 181.828
3123.21 3843.49 181.854
3116.06 3843.33 181.835
3110.4 3843.24 181.843
3105.49 3843.16 181.825
3088.8 3842.89 181.852
3073.02 3842.77 181.884
3060.46 3842.65 181.883
3052.42 3842.65 181.889
3048.92 3842.77 181.918
3042.4 3842.37 181.929
3032.3 3841.99 181.932
3019.88 3841.81 181.955
3007.99 3841.73 181.96
2997.53 3841.71 181.97
2988.79 3841.72 181.971
2968.69 3841.63 182.006
2957.51 3841.49 182.007
2945.45 3841.06 182.014
2933.76 3840.43 182.003
2921.6 3839.35 182.039
2909.14 3837.99 182.012
2897.91 3837.26 182.013
2884.08 3836.71 181.989
2877.62 3837.01 181.988
2869.05 3837.76 181.992
2859.42 3838.35 181.994
2851.61 3838.79 182
2844.02 3839 182.002
2828.33 3838.82 182.01
2821.97 3838.52 181.97
2807.57 3837 181.97
2801.92 3836.38 181.995
2789.46 3835.12 182.001
2778.2 3833.93 181.985
2767.35 3832.51 181.976
2758.32 3831.09 181.96
2750.49 3829.88 181.961
2746.18 3829.35 181.957
2732.74 3828.91 181.962
2724.09 3828.45 181.927
2715.31 3827.78 181.941
2705.42 3827.1 181.956
2694.63 3826.47 181.933
2683.78 3825.84 181.937
2667.74 3824.97 181.943
2657.48 3824.52 181.927
2651.59 3824.33 181.925
2644.59 3824.19 181.885
2632.73 3824.07 181.885
2627.52 3824.25 181.905
2621.43 3824.05 181.962
2606.95 3823.81 182.023
2595.83 3823.37 182.094
2586.04 3823.04 182.123
2581.09 3822.94 182.14
2561.37 3822.96 182.247
2555.77 3822.99 182.28
2545.65 3823.06 182.311
2538.35 3823.15 182.384
2524.85 3823.45 182.435
2512.81 3822.87 182.502
2495.89 3820.84 182.584
2490.01 3819.79 182.608
2482.32 3818.35 182.647
2474.5 3817.41 182.68
2457.96 3816.14 182.786
2453.59 3816.26 182.796
2447.28 3816.77 182.913
2439.75 3817.21 183.057
2432.68 3817.28 183.175
2424.93 3816.95 183.29
2416.23 3815.82 183.445
2407.1 3814.39 183.573
2399.25 3813.03 183.629
2382.16 3810.3 183.95
2366.95 3807.62 184.196
2360.92 3806.42 184.301
2353.99 3805 184.552
2346.41 3803.48 184.801
2338.09 3801.82 185.106
2337.32 3801.54 185.048
2332.43 3799.94 185.459
2329.58 3798.93 185.61
2318.09 3796.37 186.079
2318.09 3796.37 186.079
2303.54 3792.79 186.643
2296.64 3790.8 186.8
2282.56 3786.45 187.249
2271.1 3782.79 187.547
2261.38 3779.58 187.817
2256.92 3778.11 187.947
2250.46 3776.42 188.219
2243.08 3774.19 188.524
2227.95 3768.42 188.989
2220.07 3765.33 189.269
2211.16 3761.89 189.573
2196.82 3755.76 189.841
2186.04 3750.34 190.181
2181.24 3747.91 190.322
2169.08 3742.6 190.826
2158.77 3737.73 191.197
2152.04 3734.89 191.566
2152.04 3734.89 191.566
2135.48 3728.26 192.372
2124.27 3724.16 192.768
2111.6 3719.49 193.133
2100.54 3715.12 193.38
2080.45 3704.74 193.979
2068.86 3695.11 194.348
2070.05 3653.15 195.046
2070.08 3653.15 195.046
2070.09 3653.19 195.086
2069.45 3653.26 195.148
2069.23 3653.34 195.171
2068.89 3653.5 195.179
2068.79 3653.58 195.179
2068.76 3653.69 195.176
2068.74 3653.8 195.175
2068.71 3653.9 195.167
2068.69 3653.99 195.167
2068.73 3654.15 195.175
2068.74 3654.22 195.175
2068.72 3654.28 195.167
2068.7 3654.34 195.167
2068.72 3654.39 195.175
2068.73 3654.44 195.175
2068.73 3654.48 195.175
2068.74 3654.55 195.175
2068.73 3654.6 195.175
2068.72 3654.65 195.175
2068.71 3654.66 195.175
2068.7 3654.68 195.175
2068.21 3654.55 195.18
2064.78 3653.65 195.207
2056.41 3651.37 195.234
2044.69 3648.25 195.28
2031.65 3645.42 195.498
2020.35 3643.13 195.462
2003.73 3639.91 195.448
1988.72 3637.03 195.502
1980.37 3635.45 195.531
1959.72 3631.19 195.54
1944.24 3628.22 195.539
1934.89 3626.88 195.554
1931.3 3626.44 195.56
1920.19 3624.73 195.607
1907.55 3622.57 195.629
1896.61 3620.53 195.675
1887.71 3618.75 195.749
1880.93 3617.18 195.846
1867.03 3613.76 196.088
1854.17 3610.32 196.314
1844.31 3607.16 196.579
1836.6 3603.76 196.842
1830.62 3600.74 197.311
1818.76 3594.36 197.898
1812.19 3590.85 198.309
1801.7 3584.51 198.756
1795.48 3580.88 199.206
1784.31 3573.73 199.807
1773.78 3566.3 200.42
1769.37 3562.67 200.653
1764.32 3558.41 201.102
1758.29 3553.62 201.574
1750.86 3548.25 202.146
1733.5 3536.14 203.049
1721.2 3526.44 203.497
1711.99 3517.43 204.201
1705.89 3511.68 204.867
1696.86 3501.67 205.361
1693.28 3496.96 205.661
1689.14 3491.79 206.002
1682.86 3484.7 206.686
1669.66 3469.18 207.471
1661.86 3460.55 208.145
1650.97 3446.48 208.647
1645.45 3436.49 208.941
1643.65 3430.33 209.179
1641.17 3424.21 209.761
1636.2 3416.15 210.497
1627.84 3405.75 211.18
1622.83 3399.38 211.702
1618.18 3393.2 211.899
1618.18 3393.2 211.899
1612.87 3386.45 212.335
1602.6 3375.2 213.546
1585.26 3354.15 214.396
1578.71 3344.98 214.832
1572.7 3335.76 215.367
1574.55 3324.21 215.358
1574.93 3313.32 215.947
1573.46 3301.91 216.491
1570.98 3294.93 217.034
1566.92 3282.23 217.564
1564.17 3270.95 218.099
1561.98 3260.48 218.655
1559.38 3254.11 219.235
1555.65 3246.89 219.768
1549.28 3233.93 220.255
1545.18 3227.2 220.773
1539.36 3219.34 221.364
1533.5 3211.65 221.833
1528.53 3204.37 222.249
1522.85 3192.9 222.652
1520.35 3183.59 223.141
1519.39 3178.91 223.416
1515.94 3171.84 224.015
1511.51 3163.61 224.617
1503.35 3147.24 225.388
1499.18 3138.72 225.925
1495.27 3129.93 226.479
1492.65 3122.35 226.797
1489.14 3113.86 227.347
1482.73 3097.6 228.164
1482.73 3097.6 228.164
1477.77 3089.45 228.839
1464.63 3067.35 230.28
1456.71 3049.69 230.894
1452.46 3035.63 231.369
1451.55 3029.82 231.569
1449.1 3011.42 232.578
1448.71 3006.37 232.856
1448.83 3002.39 233.104
1446.63 2991.89 233.857
1444.72 2982.44 234.347
1442.16 2968.41 235.112
1439.88 2957.68 235.673
1437.89 2946.75 236.183
1436.53 2936.32 236.671
1435.72 2925.94 237.233
1435.47 2915.89 237.714
1435.52 2910.99 237.95
1433.62 2897.74 238.826
1431.17 2883.6 239.32
1428.8 2870.71 239.863
1425.89 2857.51 240.453
1422.64 2845.18 241.009
1420.59 2834.64 241.475
1420.09 2830.24 241.702
1418.21 2818.38 242.567
1416.7 2806.35 243.133
1415.98 2800.21 243.442
1414.42 2792.07 243.913
1411.25 2775.02 244.691
1409.31 2760.43 245.238
1408.38 2747.21 245.79
1408.2 2741.23 246.025
1407.23 2727.4 246.79
1407.12 2715.42 247.317
1407.16 2703.66 247.929
1407.1 2697.58 248.201
1406.37 2682.58 248.994
1406.55 2676.26 249.204
1405.9 2661.32 249.562
1405.56 2654.69 249.595
1404.17 2646.14 249.453
1401.93 2636.82 249.117
1394.47 2602.75 248.706
1389.06 2576.68 247.914
1386.92 2565.97 247.457
1381.46 2546.94 246.38
1378.22 2537.72 245.889
1377.23 2535.83 245.639
1373.01 2530.57 244.619
1366.88 2523.37 243.86
1359.65 2514.98 243.335
1355.36 2509.77 242.891
1315.57 2488.83 240.476
1315.6 2488.92 240.476
1315.62 2488.97 240.476
1315.64 2489.09 240.475
1315.64 2489.25 240.475
1315.63 2489.29 240.475
1315.6 2489.34 240.475
1315.55 2489.36 240.475
1315.45 2489.33 240.458
1315.44 2489.34 240.475
1315.44 2489.35 240.475
1315.36 2489.32 240.458
1315.31 2489.31 240.458
1315.18 2489.31 240.458
1315.06 2489.1 240.474
1315.06 2489.22 240.458
1314.95 2488.92 240.474
1314.91 2488.75 240.474
1314.95 2488.86 240.474
1315.01 2489.02 240.458
1315.05 2489.16 240.458
1315.01 2489.03 240.474
1314.95 2488.8 240.474
1314.94 2488.72 240.474
1314.96 2488.7 240.474
1315.05 2488.91 240.458
1315.03 2488.82 240.474
1315.03 2488.82 240.474
1315.02 2488.79 240.474
1315.02 2488.74 240.474
1315.02 2488.71 240.474
1315.03 2488.69 240.474
1315.03 2488.69 240.474
1315.04 2488.69 240.474
1315.05 2488.69 240.474
1315.06 2488.69 240.474
1314.55 2487.96 240.486
1310.82 2479.99 240.585
1305.43 2468.45 240.588
1310.34 2484.43 238.763
1312.9 2500.73 238.764
1309.86 2505.52 238.943
1302.79 2503.37 238.91
1296.48 2499.87 239.056
1289.02 2493.54 239.221
1281.08 2484.97 239.44
1272.75 2473.92 239.75
1264.21 2461.57 239.996
1259.69 2453.89 240.229
1256.5 2446.74 240.533
1253.44 2438.45 240.952
1248.33 2423.16 241.434
1246.9 2415.63 241.764
1245.74 2408.53 242.05
1245.34 2405.24 242.218
1241.91 2392.66 242.838
1239.77 2384.75 243.188
1237.49 2376.18 243.539
1234.93 2366.57 243.93
1233.23 2358.89 244.055
1232.04 2351.08 244.39
1230.39 2335.92 244.964
1228.02 2317.57 245.61
1228.49 2308.22 245.702
1229.1 2300.11 246.035
1229.13 2291.84 246.351
1228.74 2286.99 246.551
1228.08 2280.02 246.954
1227.43 2271.93 247.33
1227.1 2262.8 247.76
1227.25 2244.2 248.346
1228.7 2230.41 248.76
1228.95 2223.96 249.195
1229.98 2213.92 249.615
1230.03 2208.62 249.981
1230.03 2208.62 249.981
1229.65 2196.29 250.923
1228.62 2181.24 251.508
1227.44 2166.15 252.06
1225.58 2147.54 252.787
1226.09 2138.16 253.006
1227.86 2130.36 253.446
1228.7 2123.98 253.971
1229.85 2119.06 254.168
1229.85 2119.06 254.168
1230.93 2111.59 254.721
1230.98 2098.89 255.665
1231.46 2073.39 256.539
1232.42 2065.35 256.607
1233.56 2055.63 257.169
1234.92 2046.42 257.637
1236.38 2036.2 258.232
1239.25 2017.89 258.926
1242.67 2002.33 259.471
1245.97 1988.79 259.978
1249.47 1976.27 260.514
1253.39 1965.82 261.021
1257.4 1957.78 261.486
1260.87 1948.7 262.012
1263.89 1939.8 262.493
1265.02 1933.64 262.995
1266.29 1926.05 263.515
1267.8 1917.83 263.991
1271.71 1904.71 264.459
1275.65 1892.04 265.024
1279.48 1880.83 265.602
1281.25 1874.71 266.081
1283.01 1869.63 266.301
1284.93 1863.32 266.754
1291.57 1844.95 267.761
1293.83 1839.02 268.047
1296.23 1833.61 268.311
1301.53 1816.55 269.31
1304.35 1807.53 269.599
1310.98 1782.78 270.534
1310.98 1782.78 270.534
1317.85 1764.26 271.042
1321.01 1757.97 271.225
1326.97 1746.46 271.992
1332.53 1734.4 272.889
1335.13 1729.21 273.146
1336.55 1709.12 274.14
1338.33 1691.37 274.594
1342.27 1666.35 275.119
1345.07 1655.27 275.706
1350.62 1636.14 276.436
1355.43 1623.68 276.934
1359.98 1614.98 277.46
1364.44 1607.32 278.002
1366.89 1600.87 278.533
1371.93 1589.39 279.038
1371.93 1589.39 279.038
1377.58 1576.86 279.785
1382.97 1564.69 280.18
1382.97 1564.69 280.18
1389.69 1551.3 280.865
1396.37 1540.92 281.194
1399.91 1536.07 281.482
1406.66 1527.09 281.799
1409.77 1523.1 281.905
1412.85 1517.67 282.141
1418.85 1504.44 282.456
1423.33 1494.06 282.647
1426.59 1486.06 282.829
1427.96 1482.58 282.925
1431.53 1474.07 283.171
1434.18 1468.03 283.274
1436.71 1462.15 283.332
1439.42 1455.27 283.443
1444.81 1440.99 283.556
1449.03 1427.95 283.592
1450.8 1421.75 283.601
1454.91 1405.59 283.666
1456.53 1398.96 283.653
1458.43 1390.97 283.674
1460.84 1382.51 283.695
1464.15 1373.38 283.708
1468 1363.67 283.71
1472.37 1354.05 283.704
1479.92 1337.17 283.684
1482.57 1330.12 283.651
1484.46 1324.85 283.649
1485.94 1318.72 283.626
1487.46 1310.81 283.625
1489.23 1302.29 283.612
1492.78 1286.82 283.599
1494.64 1278.78 283.563
1496.82 1268.83 283.587
1500.54 1253.39 283.58
1502.22 1247.29 283.584
1504 1239.11 283.564
1506.05 1229.34 283.592
1508.2 1218.97 283.588
1510.5 1208.51 283.58
1515.12 1189.03 283.562
1516.8 1182.22 283.556
1520.25 1170.01 283.57
1521.89 1164.68 283.575
1523.76 1157.63 283.554
1526.33 1149.8 283.54
1529.31 1141.95 283.541
1532.45 1135.29 283.5
1535.77 1128.64 283.488
1539.2 1121.4 283.444
1542.66 1112.81 283.428
1548.73 1095.36 283.428
1552.17 1092.36 283.011
1554.77 1095.36 282.945
1559.4 1090.13 282.975
1564.04 1082.06 282.986
1566.26 1075.19 283.022
1568.51 1066.67 283.014
1571.08 1056.43 283.058
1573.58 1045.55 283.08
1577.77 1026.87 283.211
1581.19 1011.49 283.312
1584.02 998.523 283.419
1586.05 990.644 283.467
1588.9 984.362 283.606
1592.95 977.047 283.772
1598.92 965.514 283.953
1605.46 954.314 284.069
1609.01 948.557 284.198
1616.21 936.069 284.46
1619.09 930.989 284.566
1621.97 924.815 284.836
1624.67 918.1 285.048
1630.41 904.029 285.425
1633.9 896.513 285.71
1637.66 888.114 285.999
1641.72 878.836 286.248
1645.99 868.868 286.501
1650.76 857.918 286.889
1658.65 842.421 287.169
1665.3 831.884 287.547
1670.48 815.776 288.251
1674.45 811.173 288.273
1680.1 796.129 289
1685.81 782.184 289.452
1691.03 770.382 289.886
1696.07 760.733 290.367
1704.25 747.373 290.841
1708.35 740.672 291.301
1714.58 738.194 291.561
1718.85 730.956 292.156
1726.65 719.373 292.634
1731.44 713.276 293.144
1736.1 708.507 293.372
1749.35 712.099 293.893
1753.73 714.121 294.16
1764.59 711.957 294.898
1775.52 706.016 295.415
1780.54 702.285 295.627
1780.54 702.285 295.627
1793.07 688.889 296.886
1799.85 681.91 297.144
1812.71 670.788 297.867
1823.18 664.315 298.382
1832.39 659.646 298.897
1841.11 654.887 299.437
1849.54 649.132 299.959
1856.69 644.464 300.427
1864.15 639.431 300.906
1869.24 635.314 301.435
1879.1 627.712 301.968
1890.29 619.724 302.522
1902.38 611.747 303.057
1914.7 604.02 303.518
1920.9 600.488 303.779
1933.08 593.198 304.46
1942.79 588.984 304.938
1951.34 585.908 305.442
1960.05 582.199 305.935
1965.07 579.268 306.231
1970.96 575.457 306.733
1978.07 570.349 307.236
1985.33 565.553 307.678
2001.57 555.22 308.377
2015.56 547.597 308.803
2028.48 541.292 309.262
2035.43 537.781 309.617
2041.73 534.958 309.774
2055.12 528.741 310.285
2062.35 525.199 310.605
2068.77 522.352 310.789
2076.1 518 311.126
2083.71 513.186 311.41
2091.68 507.489 311.712
2107.9 494.61 312.129
2119.85 485.629 312.353
2128.79 479.914 312.594
2135.4 476.985 312.793
2142.56 473.819 313.073
2150.95 469.12 313.352
2159.75 463.866 313.567
2167.59 459.195 313.766
2175.78 454.19 314.017
2183.91 448.88 314.25
2193.29 441.975 314.524
2202.19 435.691 314.738
2210.41 430.005 314.928
2216.16 425.516 315.157
2223.91 419.165 315.459
2237.84 408.218 315.713
2248.39 400.481 315.897
2253.11 397.013 316.023
2258.89 392.408 316.235
2272.13 381.366 316.652
2281.96 373.741 316.857
2286.96 370.228 316.993
2299.51 362.686 317.355
2312.43 356.341 317.655
2325.38 350.541 317.993
2335.52 347.345 318.207
2340.43 345.97 318.428
2345.45 344.687 318.754
2356.58 339.801 319.435
2375.07 332.73 319.862
2389.11 328.661 320.215
2389.11 328.661 320.215
2394.5 327.634 320.368
2413.57 320.172 321.607
2428.58 316.169 322.054
2439.32 314.981 322.455
2445.22 313.531 322.922
2453.01 310.761 323.432
2459.49 307.044 323.852
2475.48 300.728 324.37
2488.08 296.558 324.787
2494.91 294.755 325.252
2503.01 292.601 325.756
2512.19 290.097 326.279
2521.65 287.832 326.723
2531.73 285.277 327.194
2541.46 283.167 327.657
2550.23 281.439 327.933
2566.67 279.111 328.622
2574.27 278.402 329.101
2582.3 277.299 329.582
2595.23 276.414 330.032
2607.25 275.412 330.669
2618.73 270.293 331.42
2630.6 265.215 331.925
2652.42 257.781 332.649
2651.29 260.665 332.537
2659.86 258.646 333.076
2668 257.129 333.542
2676.71 255.578 334.037
2686.67 253.543 334.533
2697.16 251.388 334.979
2707.66 249.456 335.456
2717.68 248.42 335.96
2727.9 247.427 336.491
2749.13 246.058 337.534
2758.56 246.205 337.819
2769.15 246.264 338.364
2780.32 246.519 338.879
2780.32 246.519 338.879
2792.11 246.904 339.319
2820.41 246.27 340.516
2820.41 246.27 340.516
2820.41 246.27 340.516
2841 246.533 341.89
2855.72 244.884 342.425
2879.47 243.677 343.198
2881.22 246.895 343.179
2890.15 252.372 343.825
2901.27 257.888 344.385
2912.71 262.863 344.908
2920.55 266.712 345.222
2928.21 270.196 345.834
2928.21 270.196 345.834
2941.89 272.023 346.895
2950.21 273.133 347.323
2966.05 274.615 347.884
2972.81 275.797 348.304
3021.29 311.519 350.063
3021.29 311.519 350.063
3021.3 311.588 350.063
3021.31 311.651 350.094
3021.32 311.708 350.119
3021.33 311.805 350.117
3021.35 311.885 350.117
3021.36 311.95 350.117
3021.37 312.004 350.117
3021.38 312.047 350.12
3021.38 312.083 350.12
3021.41 312.228 350.059
3021.41 312.232 350.059
3021.41 312.233 350.072
3021.41 312.236 350.098
3021.41 312.237 350.1
3021.41 312.238 350.088
3021.41 312.24 350.088
3021.41 312.241 350.088
3021.41 312.242 350.088
3021.41 312.242 350.086
3021.41 312.243 350.086
3021.41 312.243 350.086
3028.19 311.214 350.164
3041.47 309.47 350.177
3048.96 308.81 350.149
3071.19 304.239 350.19
3077.06 302.982 350.209
3082.26 302.024 350.203
3090.32 300.64 350.204
3095.72 300.577 350.254
3113.73 298.383 350.249
3130.19 296.47 350.28
3139.5 295.81 350.32
3147.83 294.812 350.337
3156.65 293.802 350.372
3168.07 291.539 350.377
3172.63 290.251 350.179
3185.67 287.846 350.301
3192.83 286.912 350.266
3200.27 285.918 350.351
3200.27 285.918 350.351
3221.73 283.253 350.345
3247.33 281.187 350.648
3262.3 280.159 350.488
3262.79 279.669 350.439
3274.67 277.928 350.821
3283.8 275.751 351
3296.43 273.982 351.188
3297.02 272.929 351.164
3301.43 271.926 351.37
3304.58 271.254 351.491
3318.95 271.254 351.998
3330.08 271.688 352.187
3339.72 272.352 352.422
3349.62 271.773 352.755
3358.79 272.356 353.132
3365.48 273.368 353.501
3376.27 273.445 353.928
3380.43 273.917 354.056
3390.26 275.447 354.603
3400.17 276.207 354.929
3409.42 276.859 355.367
3418.08 277.788 355.683
3425.86 280.225 356.004
3438.11 282.228 356.506
3445.65 285.527 356.764
3456.14 288.028 357.233
3466.27 290.758 357.5
3473.34 294.226 357.826
3484.7 297.616 358.348
3492.39 300.705 358.529
3500.23 304.749 358.968
3509.77 307.032 359.332
3517.69 310.812 359.801
3525.91 313.842 359.902
3536.62 317.545 0.130141
3541.92 320.848 0.601663
3553.68 324.349 1.03884
3560.77 327.244 1.25703
3572.84 329.672 1.64855
3577.63 330.798 1.6741
3583.1 332.202 1.80531
3590.3 333.689 1.85801
3609.96 334.95 1.90248
3626.86 336.687 1.91655
3634.05 337.675 1.98733
3646.88 339.657 1.971
3654.17 340.636 1.9946
3670.05 343.428 1.96629
3679.07 344.398 1.89403
3685.15 344.958 1.95399
3693.05 345.688 1.89251
3704.82 346.442 1.90554
3712.1 346.911 1.95231
3727.53 347.806 1.96413
3735.73 348.38 1.83111
3744.77 348.774 1.85484
3757.44 349.258 1.90058
3767.76 349.772 1.80889
3778.25 350.247 1.77057
3786.23 350.555 1.91247
3797.75 351.016 1.75086
3806.71 350.756 1.83721
3815.58 350.548 1.852
3833.26 350.381 1.85497
3841.78 349.913 1.75541
3852.14 350.351 1.78553
3865.59 351.363 1.75084
3885.12 352.591 1.77722
3890.08 352.719 1.78724
3898.03 353.455 1.75376
3906.01 354.316 1.72413
3923.16 357.576 1.81128
3933.17 358.867 1.72302
3943.74 360.121 1.72948
3949.53 360.909 1.74444
3958.11 361.812 1.69937
3968.98 362.758 1.6543
3982.72 363.535 1.76115
3994.71 363.884 1.66663
3999.61 363.548 1.65538
4007.39 365.191 1.79922
4020.11 364.319 1.63579
4033.86 363.535 1.57495
4044.45 363.265 1.65287
4053.22 363.045 1.61197
4059.01 362.925 1.48903
4068.37 362.921 1.65634
4086.97 363.102 1.59607
4100.19 363.848 1.61003
4111.8 364.942 1.56513
4119.88 365.489 1.60921
4127.41 364.97 1.42625
4131.66 364.904 1.48059
4136.73 364.737 1.44624
4149.75 363.346 1.50445
4159.46 360.783 1.49125
4170.1 358.882 1.46721
4182.21 357.512 1.59244
4191.02 356.19 1.47184
4201.2 355.278 1.45312
4213.12 354.751 1.55705
4222.01 353.362 1.45585
4232.31 351.732 1.37062
4240.9 351.258 1.54836
4249.29 350.75 1.52605
4263.77 349.983 1.46183
4277.38 350.088 1.5311
4286.27 350.68 1.50172
4296.02 351.339 1.46622
4307.33 352.103 1.54913
4315.87 352.49 1.50135
4322.27 352.913 1.53611
4336.67 353.643 1.54021
4346.94 353.965 1.56572
4355.24 355.295 1.49651
4361.73 356.885 1.43758
4374.16 357.679 1.50721
4386.79 357.657 1.39962
4396.68 357.648 1.48789
4400.97 358.328 1.34929
4409.29 359.051 1.47894
4421.12 360.102 1.5026
4432.09 360.927 1.45428
4442.21 361.54 1.42769
4455.94 362.643 1.48411
4463.28 363.372 1.48611
4470.54 363.907 1.42033
4485.31 364.748 1.43684
4497.7 365.583 1.41904
4507.22 366.272 1.49046
4516.96 366.74 1.38383
4530 367.262 1.33055
4543.2 367.901 1.37741
4549.73 368.179 1.27608
4555.96 368.471 1.33532
4562.53 368.711 1.26476
4567.53 371.798 1.13468
4576.49 370.924 1.26855
4585.17 370.338 1.2248
4594.05 369.663 1.13451
4614.1 369.673 1.22554
4630.37 369.63 1.2512
4635.56 369.039 1.13411
4653.22 369.147 1.18787
4667.29 368.326 1.10923
4674.1 367.721 1.15939
4682.31 367.12 1.05177
4694.58 366.754 1.1413
4703.34 366.67 1.09753
4709.32 366.551 1.046
4722.96 366.602 1.17791
4735.88 366.715 1.22076
4750.73 366.715 1.19287
4763.45 366.935 1.09446
4775.08 366.95 1.08241
4780.34 367.169 1.10117
4786.54 367.197 1.13932
4790.47 367.188 0.880347
4805.3 368.459 1.17959
4818.21 369.744 0.98681
4821.23 370.24 0.905965
4828.41 370.771 0.998631
4846.09 371.804 0.904157
4859.88 373.743 0.965805
4869.75 375.291 0.875208
4879.44 376.794 0.904459
4885.36 377.782 0.913619
4893.43 378.864 0.862467
4904.07 379.612 0.871479
4913.51 380.016 0.902918
4923.53 380.821 0.820736
4937.09 380.364 1.1632
4951.63 379.85 1.08674
4968.07 380.978 1.12692
4985.33 382.075 1.45093
4994.71 383.209 1.27402
4994.71 383.209 1.27402
5007.08 384.148 1.44993
5014.38 384.729 1.40136
5019.31 385.132 1.45229
5030.96 386.628 1.6181
5039.76 386.5 1.61119
5051.83 386.915 1.73411
5058.14 386.882 1.72178
5067.97 388.349 2.08461
5085.14 390.358 2.2504
5093.61 391.395 2.41145
5103.56 392.763 2.63195
5113.51 394.104 2.93868
5125.17 395.859 3.21473
5131.05 397.391 3.32047
5140.21 399.897 3.70495
5147.06 399.645 3.9203
5154.01 400.481 4.31046
5165.56 402.543 4.60562
5176.89 406.01 4.86469
5188.03 408.433 5.11912
5200.34 411.591 5.48612
5205.76 413.337 5.23192
5212.32 415.496 5.53423
5226.75 420.726 6.0052
5217.13 422.281 5.80798
5236.52 425.84 6.70605
5247.38 428.458 7.04139
5262.22 431.56 7.22898
5274.67 434.61 7.65186
5285.57 438.485 7.94231
5295.81 442.245 8.08256
5305.65 446.812 8.51929
5310.56 450.524 8.84872
5318.24 453.372 9.35743
5317.33 457.538 9.72816
5334.7 462.171 10.0464
5345.09 465.88 10.3009
5340.64 468.214 10.4913
5342.81 471.862 11.0947
5351.74 474.769 11.2691
5369.9 481.991 11.6916
5363.09 484.027 11.6595
5371.86 495.707 12.2587
5377.87 502.13 12.6339
5388.04 513.968 12.9694
5404.66 522.97 13.2927
5424.59 529.762 13.8092
5420.83 535.549 14.0211
5421.65 541.211 14.4278
5436.07 546.915 14.9944
5438.55 552.135 15.1504
5440.31 554.57 15.3081
5449.59 562.094 15.991
5465.39 569.937 16.4223
5467.8 574.01 16.6865
5471.64 578.43 17.0154
5477.11 583.326 17.3947
5496.19 592.29 17.8725
5501.82 599.572 18.2537
5506.77 606.214 18.5543
5521.48 613.041 19.1274
5532.39 619.356 19.5354
5532.33 624.28 19.7637
5535.32 630.263 20.2033
5537.34 635.806 20.4537
5540.17 639.21 20.7703
5545.93 643.719 21.2065
5553.2 648.881 21.6311
5570.85 656.098 22.2891
5579.57 664.982 22.3855
5587.44 672.869 22.7461
5595.18 679.601 23.177
5599.2 682.514 23.3717
5603.94 684.956 23.6734
5608.51 687.7 23.9702
5618.04 694.129 24.4446
5624.61 698.708 24.8917
5646.14 708.451 25.4512
5651.13 715.144 25.6643
5655.04 719.054 25.9755
5662.26 726.52 26.3805
5670.45 733.74 26.8421
5675.92 738.039 27.1958
5685.62 745.661 27.546
5689.66 749.079 27.7424
5701.04 757.851 28.4712
5708.52 763.838 28.9946
5722.77 774.575 29.6477
5735.12 784.474 30.0357
5742.9 792.764 30.4369
5745.25 796.411 30.6358
5752.36 805.439 31.3733
5757.1 813.46 31.7121
5760.98 820.514 32.1603
5766.17 828.555 32.6296
5768.83 832.69 32.8859
5772.62 838.05 33.3878
5780.52 850.244 34.0031
5786.12 857.794 34.4948
5795.98 871.893 35.0044
5805.17 884.597 35.4969
5814.85 900.791 36.2496
5817.35 905.74 36.4769
5822.91 916.709 37.2346
5825.49 922.354 37.5052
5827.62 927.617 37.7347
5830.64 933.908 38.1788
5834.59 940.802 38.6557
5839.51 948.296 39.1508
5851.32 964.98 40.1521
5855.34 972.059 40.3755
5858.55 978.968 40.8335
5864.03 996.582 41.5787
5864.98 1001.85 41.8724
5866.11 1006.07 42.5619
5869.34 1014.81 43.0115
5870.79 1018.77 43.2105
5873.79 1024.25 43.6602
5877.66 1031.03 44.1769
5882.06 1038.79 44.6729
5886.74 1047.38 45.167
5891.76 1056.51 45.6231
5889.52 1070.25 46.3087
5889.71 1085.01 46.7847
5889.71 1085.01 46.7847
5894.64 1103.39 47.563
5897.62 1112.98 47.9018
5900.02 1121.63 48.0859
5905.68 1139.38 48.6425
5909.46 1153.88 48.9219
5910.82 1160.39 49.0514
5913.04 1168.42 49.279
5919.36 1187.37 49.6783
5944.9 1209.87 50.7601
5942.37 1213.98 50.08
5941.23 1218.85 50.2706
5941.23 1224.34 50.5037
5941.99 1230.2 50.7442
5945.2 1243.2 51.1127
5947.95 1254.73 51.356
5950.44 1261.71 51.5868
5954.08 1270.38 51.8253
5958.65 1280.61 52.0795
5963.27 1290.89 52.3278
5968 1301.18 52.5598
5972.92 1311.56 52.8081
5977.47 1321.63 52.8437
5983.3 1332.36 53.1004
5989.13 1342.65 53.3331
5993.89 1351.68 53.5235
6001.42 1367.68 53.8801
6006.02 1379.72 54.1603
6008.74 1389.09 54.3883
6010.78 1394.66 54.5803
6013.71 1403.06 54.8781
6015.29 1407.65 55.0159
6022.29 1422.93 55.2982
6024.51 1429.94 55.4458
6027.3 1437.78 55.667
6027.3 1437.78 55.667
6032.34 1447.85 55.9713
6039.01 1461.04 56.4193
6044.88 1473.38 56.6313
6051.05 1485.74 56.8634
6060.46 1500.1 57.1667
6073.04 1520.87 57.4068
6079.75 1533.1 57.595
6079.53 1550.58 58.1283
6079.48 1550.58 58.1282
6079.31 1550.24 58.1457
6079.08 1549.78 58.1483
6078.86 1549.38 58.1486
6078.68 1549.05 58.1511
6078.55 1548.75 58.1486
6078.55 1548.65 58.1485
6078.64 1548.76 58.15
6078.77 1548.92 58.1501
6078.86 1549.05 58.1509
6078.88 1549.08 58.1501
6078.94 1549.16 58.1509
6078.99 1549.22 58.1509
6078.97 1549.19 58.1483
6078.98 1549.18 58.1483
6078.96 1549.14 58.1483
6078.96 1549.14 58.1483
6078.94 1549.1 58.1483
6078.96 1549.13 58.1509
6078.95 1549.1 58.1484
6078.93 1549.07 58.1483
6078.92 1549.04 58.1483
6078.93 1549.09 58.149
6078.94 1549.13 58.149
6078.98 1549.18 58.1509
6080.16 1550.93 58.1699
6084.06 1556.87 58.2032
6090.85 1567.11 58.2596
6098.18 1578.44 58.277
6105.16 1589.4 58.3047
6111.11 1599 58.3173
6121.4 1617.3 58.339
6125.63 1625.7 58.3576
6130.23 1635.51 58.3722
6138.53 1652.05 58.3815
6140.79 1656.68 58.3813
6143.6 1661.62 58.3822
6147.45 1667.43 58.3982
6151.87 1673.99 58.4
6152.66 1679.97 58.3554
6165.34 1695.29 58.6948
6164.08 1695.85 58.455
6170.01 1702.63 58.7329
6171.1 1705.86 58.4826
6172.83 1710.23 58.4635
6194.63 1737.56 58.7613
6194.35 1739.62 58.4886
6194.87 1743.15 58.4936
6202.13 1752.79 58.7443
6207.71 1759.89 58.5641
6208.78 1764.18 58.4363
6212.21 1770.97 58.4698
6216.33 1778.64 58.4852
6224.49 1789.39 58.5227
6232.44 1799.91 58.5384
6240.26 1810.46 58.5313
6247.78 1820.8 58.5138
6254 1828.66 58.4823
6259.68 1835.34 58.4433
6261.87 1839.37 58.3693
6267.81 1847.45 58.2428
6276.35 1855.07 58.1857
6279.35 1858.16 58.0634
6279.35 1858.16 58.0634
6284.03 1862.84 57.8926
6295.34 1874.89 57.4658
6301.83 1881.99 57.2687
6312.34 1892.45 57.0665
6320.94 1900.29 56.8736
6325.06 1904.02 56.759
6325.06 1904.02 56.759
6330.32 1909.53 56.5429
6346.01 1929.1 55.938
6353.52 1939.32 55.6955
6360.36 1948.37 55.5697
6368.01 1957.95 55.3589
6375.07 1966.62 55.1691
6383.92 1977.78 54.9545
6386.97 1981.5 54.7993
6389.85 1985.1 54.6401
6398.7 1992.72 54.5187
6405.28 1997.8 54.2974
6411.72 2002.57 54.2284
6426.04 2013.51 53.8364
6439.15 2022.97 53.6127
6446.88 2029.73 53.3904
6451.43 2033.54 53.1794
6455.9 2037.41 53.0676
6463.98 2048.89 52.6841
6468.95 2055.44 52.4562
6473.38 2061.09 52.3464
6483.22 2072.54 52.01
6489.55 2079.21 51.7524
6496.56 2086.31 51.5034
6503.76 2093.6 51.2858
6511.39 2100.9 51.052
6524.63 2112.43 50.8251
6531.85 2118.59 50.5575
6539.48 2124.85 50.3515
6547.85 2131.26 50.1581
6558.62 2137.73 49.8813
6569.48 2144.54 49.6373
6577.95 2150.98 49.406
6584 2156.33 49.0971
6590.1 2161.87 48.7919
6601.78 2172.2 48.3145
6608.09 2177.35 47.9742
6614.15 2181.84 47.8172
6619.91 2185.68 47.6555
6631.22 2193.25 46.8935
6643.53 2201.11 46.4653
6655.3 2208.48 46.0537
6672.32 2212.66 45.6347
6682.71 2220.12 45.2279
6691.64 2226.45 45.0031
6700.54 2233.66 44.5451
6714.61 2243.02 43.9681
6720.79 2247.23 43.5687
6727.69 2251.22 43.1016
6740.11 2250.21 42.5135
6748.67 2255.56 42.2064
6757.27 2260.85 41.8415
6764.49 2264.79 41.6231
6772.61 2269.52 41.1579
6781.45 2274.67 40.6907
6790.6 2279.69 40.2939
6797.97 2281.92 39.8655
6807.12 2285.38 39.417
6818.39 2288.94 39.1764
6838.18 2292.99 38.9456
6848.28 2296.02 38.3595
6858.31 2299.18 37.9551
6868.64 2302.84 37.5019
6888.21 2309.4 36.7914
6901.2 2311.62 36.4183
6919.83 2313.96 36.2102
6928.22 2315.21 35.6094
6938.78 2317.98 35.1365
6949.49 2320.56 34.7064
6960.36 2323 34.2858
6971.21 2325.39 33.84
6978.5 2327.65 33.3775
6986.94 2330.48 32.9935
7009.15 2339.64 32.7947
7016.13 2341.52 32.136
7022.65 2343.08 31.8992
7030.05 2344.82 31.4672
7038.6 2347.18 31.0548
7050.18 2351.64 30.7009
7077.11 2360.67 29.7375
7090.94 2365.66 29.3325
7103.64 2370.02 28.9487
7114.79 2372.13 28.469
7121.3 2373.22 28.2497
7133.14 2374.19 27.5629
7144.34 2374.34 27.1899
7149.15 2374.32 26.9831
7155.27 2375.51 26.5622
7170.16 2379.08 25.9279
7185.53 2382.71 25.5128
7198.75 2385.54 25.096
7206.94 2386.95 24.6625
7215.01 2389.2 24.2325
7225.15 2391.66 23.8144
7241.51 2393.31 23.4066
7256.43 2394.49 23.0335
7268.42 2394.85 22.594
7276.35 2394.9 22.3815
7286.9 2395.74 21.9441
7298.47 2396.65 21.5165
7322.48 2398.4 20.8881
7331.97 2399.43 20.3788
7351.45 2399.98 19.9713
7362.46 2400 19.5643
7376.39 2400.68 19.1311
7393.03 2398.56 18.7928
7404.51 2397.02 18.2755
7419.1 2393.75 17.8013
7426.19 2394.57 17.347
7442.14 2394.81 16.9321
7452.88 2394.74 16.5545
7463.82 2394.55 16.0811
7479.37 2391.51 15.6585
7493.87 2388.74 15.2787
7500.15 2387.29 15.0623
7508.93 2386.62 14.6581
7527.21 2387.92 13.8713
7536.79 2390.14 13.3986
7548.46 2390.42 13.2505
7563.98 2392.2 12.7412
7570.76 2392.32 12.317
7581.67 2391.77 11.7209
7589.58 2389.58 11.5163
7601.96 2387.23 10.8982
7607.41 2386.8 10.575
7618.84 2386.28 10.1384
7632.68 2385.39 9.63036
7646.82 2384.68 9.1959
7659.67 2382.59 8.82009
7665.73 2381.8 8.6252
7675.19 2381.27 8.21131
7697.48 2377.57 7.42946
7711 2376.26 6.90453
7716.58 2372.4 6.3523
7732.65 2368.66 5.90815
7743.44 2367.58 5.33619
7748.57 2364.9 4.78472
7762.91 2360.87 3.93966
7778.14 2359.23 3.76185
7795.85 2357.25 3.18379
7810.22 2354.43 2.75911
7831.53 2351.82 2.21805
7847.57 2347.53 1.78268
7863.44 2342.77 1.38372
7870.79 2340.01 0.972576
7875.08 2335.34 0.0224328
7879.69 2331.88 0.0337219
7887.98 2329.3 358.866
7897.04 2325.88 358.396
7912.45 2321.91 357.977
7924.5 2317.32 357.318
7940.12 2310.23 357.036
7951.55 2307.64 356.22
7963.75 2306.06 355.708
7968.25 2305.08 355.155
7975.28 2303.4 355.055
7988.18 2298.43 354.945
8000.83 2293.25 354.516
8016.53 2288.55 353.694
8025.93 2283.74 353.726
8038.78 2280.22 352.906
8043.03 2279.17 352.711
8046.45 2277.86 352.537
8058.17 2272.59 352.55
8069.64 2267.35 352.378
8091.19 2259.55 351.783
8102.14 2254.95 351.562
8104.31 2254.34 351.454
8109.63 2250.35 351.111
8115.68 2247.57 351.054
8124.1 2242.61 351.064
8136.91 2236.07 350.601
8151.96 2229.26 350.529
8157 2227.66 350.383
8176.93 2219.5 350.232
8187.86 2211.58 350.039
8198.51 2204.08 349.877
8200.7 2200.57 349.778
8211.85 2193.79 349.551
8225.44 2189.43 349.307
8236.34 2183.33 349.155
8245.74 2180.85 349.105
8258.25 2174.29 348.843
8262.49 2170.93 348.706
8281.18 2165.7 348.456
8292.17 2162.42 348.278
8297.21 2158.62 347.975
8308.61 2155.01 347.804
8320.51 2148.71 347.512
8324.49 2145.18 347.37
8344.38 2138.96 347.097
8350.64 2135.39 346.806
8350.64 2135.39 346.806
8363.72 2132.36 346.579
8381.8 2124.01 346.045
8390.14 2119.55 345.863
8400.31 2116.35 345.528
8411.67 2108.08 345.302
8422.68 2104.58 345.107
8428.4 2100.48 344.927
8439.2 2096.94 344.785
8446.03 2093.04 344.473
8453.45 2089.2 344.177
8461.33 2085.28 343.954
8469.51 2081.23 343.745
8488.9 2073.66 343.373
8498.11 2067.72 343.148
8507.49 2064.19 342.971
8510.17 2061.31 342.83
8521.83 2054.13 342.443
8530.49 2051.06 342.329
8542.67 2043.66 342.129
8550.37 2037.33 341.759
8555.51 2034.06 341.548
8561.1 2030.44 341.23
8565.42 2025.95 341.008
8568.45 2021.69 340.798
8575.08 2020.09 340.809
8581.52 2013.68 340.446
8588.91 2006.72 340.209
8597.46 1999.6 339.978
8615.04 1986.58 339.766
8623.22 1980.81 339.639
8632.48 1974.92 339.507
8642.52 1969.02 339.384
8648.13 1966.72 339.266
8670.84 1954.18 339.371
8684.93 1945.8 339.321
8692.14 1941.93 339.324
8700.92 1937.69 339.387
8715.04 1931.41 339.586
8725.41 1927.06 339.445
8729.36 1927.56 339.624
8739.93 1924.1 339.716
8751.32 1920.43 339.757
8761.61 1916.97 339.8
8769.39 1914.11 339.734
8778.52 1909.74 339.694
8790.92 1904.1 339.824
8802.37 1898.79 339.899
8805.52 1897.48 339.967
8809.87 1895.53 340.071
8823.95 1891.12 340.456
8833.02 1889.06 340.58
8838.12 1888.27 340.742
8847.31 1886.24 341.029
8856.2 1884.71 341.219
8865.23 1883.36 341.398
8874.69 1881.92 341.593
8886.45 1879.69 341.88
8898.1 1877.51 342.112
8905.87 1876.42 342.162
8913.96 1874.39 342.385
8924.22 1873.91 342.609
8934.23 1870.61 342.798
8937.64 1872 342.816
8950.24 1868.23 343.17
8962.42 1867.12 343.139
8971.19 1864.26 343.399
8972.48 1865.66 343.328
8994.16 1859.19 343.882
9016.45 1850.5 344.033
9022.89 1849.23 344.177
9023.46 1851.05 344.128
9041.57 1848.47 344.547
9048.6 1846.08 344.598
9059.72 1844.29 344.859
9068.47 1841.74 344.92
9100.49 1837.39 345.384
9106.88 1836.88 345.43
9113.72 1834.53 345.503
9119.44 1834.91 345.758
9125.84 1835.13 345.816
9133.39 1835.12 346.116
9142.52 1834.2 346.273
9154.65 1833.62 346.394
9163.95 1833.49 346.591
9171.49 1833.23 346.616
9173.16 1834.19 346.528
9177.99 1834.65 346.7
9189.48 1835.5 346.895
9199.88 1834.29 347.125
9214.04 1832.52 347.43
9222.56 1831.48 347.414
9229.36 1832.57 347.526
9233.84 1833.11 347.613
9249.35 1833.19 347.911
9258.67 1834.88 348.003
9268.86 1834.55 348.251
9284.63 1834.92 348.468
9302.87 1834.31 348.639
9307 1836.48 348.628
9308.5 1837.32 348.652
9314.52 1837.14 348.845
9327.85 1836.02 349.037
9339.8 1835.11 349.19
9343.93 1835.26 349.234
9355.55 1833.6 349.502
9373.76 1835.41 349.673
9401.34 1829.88 349.965
9413.05 1827.65 350.123
9422.74 1825.78 350.193
9432.83 1823.76 350.329
9438.47 1826.86 350.385
9448.3 1825.12 350.566
9456.84 1823.67 350.736
9465.82 1821.84 350.984
9471.76 1824.68 351.114
9480.12 1823.41 351.262
9497.72 1821.11 351.62
9511.8 1820.32 351.824
9523.76 1819.65 352.03
9535.02 1819.03 352.213
9540.75 1818.11 352.368
9546.34 1817.77 352.525
9554.56 1817.39 352.701
9565.61 1816.58 352.984
9572.66 1815.72 353.035
9587.55 1815.87 353.392
9604.03 1814.89 353.627
9608.5 1815.7 353.632
9616.46 1815.97 353.856
9624.78 1817.2 354.029
9637.9 1818.07 354.332
9664.07 1820.05 354.663
9677.66 1822.77 354.806
9686.5 1825.4 355.026
9696.98 1826.22 355.223
9705.68 1828.41 355.432
9713.86 1831.1 355.634
9724.65 1832.34 355.894
9731.9 1833.09 356.108
9741.15 1834.17 356.388
9751.82 1834.87 356.581
9767.58 1835.72 356.814
9777.06 1838.37 356.935
9786.99 1840.81 357.236
9793.81 1841.69 357.509
9807.73 1842.7 357.771
9813.62 1843.51 357.941
9818.97 1844.6 358.229
9835.78 1845.91 358.867
9851.04 1847.02 359.139
9855.9 1847.5 359.262
9866.63 1850.01 359.538
9871.54 1850.86 359.972
9884.54 1854.94 0.406033
9898.53 1858.13 0.38701
9904.58 1860.83 1.46832
9916.19 1865.16 1.9065
9925.32 1868.74 2.21322
9935.81 1872.84 2.65577
9944.83 1876.57 3.04191
9951.85 1878.52 3.34264
9962.8 1882.79 3.71742
9969.17 1885.4 4.01936
9980.15 1889.55 4.35327
9992.22 1893.31 4.65117
9996.34 1895.46 4.80965
10007.7 1900.29 5.27052
10012.9 1902.53 5.43536
10026.9 1907.08 5.90681
10034.5 1911.59 6.20522
10044 1916.79 6.52312
10054.3 1921.62 6.86698
10062.6 1926.14 7.11025
10069.8 1931.4 7.46785
10085.4 1937.67 7.94173
10087 1940.72 7.99222
10091.2 1944.14 8.2756
10110.7 1953.23 8.86858
10116.2 1956.1 9.06732
10122.7 1957.82 9.21894
10133.4 1962.74 9.70753
10138.3 1965.29 9.9079
10150.1 1970.58 10.3894
10153.9 1973.59 10.6029
10171.5 1980.06 11.2621
10170.4 1980.52 11.099
10171.9 1981.48 11.3822
10191.8 1988.53 12.2057
10208.8 1994.5 12.4975
10208.4 1995.17 12.3984
10217.1 1998.36 12.8908
10225.7 2001.45 13.0676
10226 2002.62 13.0605
10239.4 2007.44 13.6633
10259.9 2015.99 14.0319
10271.1 2021.68 14.3839
10286.7 2028.72 14.6112
10286.7 2028.72 14.6112
10285 2029.39 14.5001
10293.1 2032.67 14.9408
10309.6 2039.46 15.5272
10324.9 2046.03 15.7535
10343 2053.18 15.9916
10342.4 2053.59 15.8612
10353.1 2057.58 16.4222
10363.4 2061.72 16.6779
10375.7 2066.47 16.9526
10385.3 2070.7 17.0687
10386.5 2072.14 17.0177
10400.3 2078.19 17.6026
10408 2082.98 17.6289
10418.7 2087.98 18.0976
10434.6 2095.01 18.3555
10433.7 2095.21 18.1922
10443.9 2100.42 18.5795
10452.8 2104.73 18.9434
10464.4 2109.94 19.2721
10467.6 2112.38 19.2054
10478.4 2119.96 19.5813
10485.6 2125.07 19.8278
10494.3 2131.15 20.0601
10510.6 2139.42 20.4795
10517.9 2144.33 20.4831
10533.6 2151.69 20.9573
10554.8 2162.34 21.1641
10569.1 2170.04 21.381
10575.3 2173.24 21.5902
10573.4 2174.62 21.6002
10575.2 2177.4 21.8269
10593.6 2185.74 22.2776
10593.6 2185.74 22.2776
10600.4 2189.52 22.4321
10614 2198.47 22.7705
10622.5 2205.63 22.9481
10632.4 2211.63 23.354
10635.2 2215.53 23.3742
10639.6 2220.04 23.5758
10645.4 2225.07 23.7782
10650.7 2229.74 23.8798
10657 2234.9 24.1234
10676.2 2247.57 24.4494
10680.7 2251.96 24.5779
10705 2265.49 25.1623
10707.7 2270.81 25.1222
10727.4 2280.53 25.5591
10741.5 2287.91 25.729
10737.8 2288.35 25.6509
10736.5 2290.24 25.8619
10737.4 2293.3 26.0786
10760.7 2306.75 26.6669
10758.7 2310.56 26.6334
10758.9 2312.51 26.7164
10776.9 2323.18 27.2515
10776.1 2325.01 27.2032
10784.9 2332.72 27.6461
10793.2 2340.58 27.7361
10802 2345.62 28.0104
10813.7 2353.51 28.2793
10813.4 2355.77 28.3308
10822.6 2361.37 28.5972
10821.9 2363.1 28.5263
10836.1 2370.7 29.1625
10840.5 2375.73 29.2573
10846.2 2381.75 29.457
10853.4 2388.87 29.7136
10869.9 2398.58 30.0661
10876.8 2405.38 30.2334
10891.4 2415.94 30.4243
10896.6 2418.92 30.6597
10898.8 2422.04 30.9638
10905.7 2427.74 31.2723
10907.1 2430.21 31.4055
10909.6 2433.53 31.6572
10913.3 2437.86 31.9383
10919.6 2444.21 32.3073
10933.5 2458.02 32.7576
10938.8 2463.71 32.8681
10948.7 2475.1 33.2705
10954.3 2481.67 33.5944
10957.6 2487.55 33.7375
10961.3 2493.69 33.982
10965.4 2500.11 34.2714
10970.2 2507.06 34.5363
10975.9 2514.55 34.851
10982.2 2519.3 35.1124
10986.9 2526.55 35.303
10992.1 2534.4 35.5806
10997.8 2542.96 35.88
11003.6 2551.78 36.1917
11009.8 2560.85 36.4882
11016.2 2569.9 36.7856
11023 2579.13 37.0938
11029.8 2588.34 37.3924
11036.4 2597.56 37.6832
11043.2 2606.78 37.9869
11050 2615.97 38.2898
11056.9 2625.35 38.6039
11063.5 2634.52 38.916
11069.8 2643.77 39.2024
11082.8 2663.27 39.8364
11087.3 2671.08 39.9908
11091.3 2678.39 40.2526
11095.9 2685.99 40.5542
11100.9 2694 40.8655
11106.5 2702.19 41.1956
11112.9 2710.41 41.4442
11120.1 2718.94 41.7409
11127.2 2728.05 42.1051
11132.4 2735.22 42.1703
11137.8 2743.24 42.4652
11165 2758.06 42.8814
11169.3 2764.73 43.1695
11170.4 2770.79 43.4724
11171.1 2776.08 43.6321
11173.9 2786.92 44.0502
11183.7 2789.8 44.2933
11185.5 2795.79 44.5293
11188.6 2802.94 44.8482
11193 2811.03 45.1358
11193 2811.03 45.1358
11198.4 2820.09 45.445
11201.3 2829.59 45.9669
11214.8 2836.7 46.3487
11218.3 2847.71 46.5999
11232.3 2863.27 47.0551
11233.2 2872.47 47.326
11234.5 2882.08 47.6245
11235.4 2890.68 47.8009
11236.5 2899.19 48.0926
11237.8 2907.77 48.3918
11237.2 2914.77 48.5512
11237.7 2923.27 48.8217
11238.8 2932.56 49.1431
11240.6 2942.7 49.4635
11243.3 2953.57 49.7405
11255.1 2957.81 50.3551
11259 2979.36 50.5258
11260.1 2988.16 50.691
11261.9 2997.3 50.9706
11274.6 3019.01 51.4593
11278.8 3027 51.6321
11283.1 3035.14 51.9307
11287.7 3043.67 52.2394
11292.8 3052.47 52.5364
11298.3 3061.22 52.8366
11303.8 3070.03 53.0777
11308.8 3078.85 53.3765
11313.1 3087.19 53.6586
11317.5 3095.63 53.999
11321.8 3104.39 54.2971
11328.4 3119.46 54.6996
11332.8 3130.93 55.0079
11336.1 3138.4 55.3296
11340.4 3147.65 55.647
11344.6 3157.53 55.912
11348.7 3167.93 56.1922
11352.9 3178.77 56.5053
11356.7 3188.36 56.791
11359.3 3195.82 56.9136
11362 3202.57 57.1892
11365.2 3209.61 57.4568
11369 3217.46 57.7979
11376.4 3232.55 58.237
11380.8 3243.15 58.5077
11383.6 3252.1 58.832
11385.7 3258.63 59.1442
11388.5 3266.45 59.4556
11392.4 3279.21 59.7547
11395.2 3291 60.0427
11396.4 3297.42 60.2296
11398.2 3305.17 60.5034
11401.9 3321.79 60.9505
11404.7 3335.78 61.2719
11405.6 3342.02 61.4293
11406.9 3349.4 61.7373
11409.8 3366.08 62.3073
11410.8 3373.87 62.4692
11413.4 3390.39 62.9492
11414.5 3403.86 63.2467
11414.6 3409.62 63.3809
11414.7 3420.46 63.7001
11415.5 3431.68 64.017
11416.2 3437.43 64.1866
11417.7 3444.33 64.4838
11416.7 3449.2 64.6799
11419.7 3458.4 65.0218
11419.9 3465.56 65.2875
11420.6 3474.03 65.6227
11421.5 3483.01 65.9083
11422.7 3492.67 66.1955
11424.1 3502.31 66.4916
11428.8 3524.1 67.1063
11430.6 3533.3 67.2451
11432.5 3542.65 67.5367
11434.5 3552.49 67.8443
11440.6 3573.05 68.3285
11442.1 3581.52 68.6365
11442.1 3581.52 68.6365
11445.8 3601.47 69.2575
11445.8 3601.47 69.2575
11449.3 3625.77 69.9257
11449.8 3643.7 70.1984
11449.7 3650.56 70.4504
11449.7 3650.56 70.4504
11449.8 3657.65 70.7615
11450.6 3672.84 71.3892
11450.3 3684.43 71.6673
11450.1 3690.51 71.9961
11449.6 3696.28 72.1775
11452.5 3706.6 72.5267
11456.9 3725.81 72.9721
11459.7 3740.09 73.2964
11460.8 3747.71 73.6298
11462.1 3756.68 73.973
11463 3765.75 74.2692
11463.6 3779.83 74.5737
11463.4 3790.51 74.8427
11463.6 3796.97 75.1651
11464 3804.28 75.4969
11464.3 3812.66 75.7932
11463.5 3826.24 76.1365
11463.3 3834.81 76.4399
11462.3 3848.54 76.7294
11461.4 3855.19 77.0003
11461.4 3855.19 77.0003
11460.2 3860.53 77.1805
11460 3871.83 77.8398
11458.8 3890.2 78.2797
11458 3898.57 78.5537
11457.6 3907.95 78.8958
11457.5 3917.96 79.2098
11457.1 3928.51 79.5241
11456.4 3937.05 79.6977
11455.8 3946.24 79.9969
11454.8 3963.4 80.4266
11454.5 3971.96 80.7525
11454.3 3980.19 81.0697
11453.9 3992.48 81.38
11454.1 3998.59 81.6573
11454.2 4004.84 81.9376
11454.3 4011.83 82.2268
11454.2 4019.91 82.5358
11453.7 4029.79 82.9042
11452.9 4040.46 83.1885
11451.8 4049.73 83.3406
11448.7 4069.65 83.7938
11446.8 4077.94 83.9399
11445 4087.13 84.2096
11443.5 4095.82 84.4711
11442.8 4100.06 84.5291
11441.9 4110.39 85.0144
11441.5 4116.45 85.2978
11441.1 4121.59 85.4106
11439.9 4132.99 85.8675
11437.9 4144.36 86.238
11436.5 4151.89 86.5298
11435.1 4158.06 86.6277
11433.7 4165.55 86.9228
11432.4 4175.58 87.2871
11429.2 4200.67 87.7472
11426.5 4218.26 88.0227
11423.9 4230.65 88.3119
11420.9 4237.79 88.6904
11417.5 4241.89 88.9685
11414.3 4247.54 89.2876
11412.7 4251.36 89.46
11411.1 4257.31 89.7618
11406.9 4274.97 90.2243
11402.2 4290.98 90.5309
11397.6 4304.01 90.8461
11395.3 4309.64 90.9808
11383.8 4330.77 91.5486
11375.5 4342.16 91.9441
11368.2 4352.25 92.2182
11364.7 4359.16 92.4841
11358.7 4370.79 92.767
11353.9 4381.61 92.9916
11351.7 4387.07 93.1002
11349.6 4394.01 93.2691
11347.5 4402.02 93.39
11345.6 4410.88 93.5099
11342.2 4429.5 93.6133
11339.6 4445.41 93.6424
11337.4 4459.54 93.6524
11335.3 4471.9 93.5917
11332.6 4486.87 93.4596
11328.9 4503.18 93.3969
11326.9 4510.68 93.359
11321 4530.01 93.2759
11318.1 4538.47 93.2097
11315.4 4547.78 93.0546
11313.3 4556.64 92.9305
11311 4574.23 92.7109
11310.6 4581.68 92.6374
11309.8 4598.56 92.5627
11309.5 4604.61 92.5317
11309.2 4611.95 92.5494
11308.3 4627.94 92.6269
11307.3 4640.51 92.7561
11307 4647.75 92.8768
11306.8 4656.54 93.0652
11306.9 4671.88 93.2771
11307.3 4685.17 93.5658
11307.4 4689.82 93.7198
11307.1 4695.63 94.0132
11306.4 4702.13 94.3688
11305.1 4710.06 94.7658
11303.5 4718.74 95.2451
11300.2 4735.21 95.857
11297 4747.44 96.3154
11294.9 4755 96.8374
11292.4 4764.39 97.3386
11287.2 4778.96 97.7502
11281.9 4789.75 98.2271
11276.2 4799.37 98.7586
11270.7 4808.88 99.2667
11265.6 4816.98 99.7112
11263.4 4820.91 99.935
11260.6 4826.23 100.404
11252.3 4838.01 101.194
11244.2 4845.82 101.661
11236.2 4852.31 102.16
11231 4856.66 102.709
11227.9 4854.84 103.033
11223.3 4857.07 103.456
11220.1 4860.51 103.88
11216.1 4869.19 104.545
11211.4 4875.86 104.899
11206.8 4884.55 105.26
11202 4890.21 105.569
11192.4 4901.15 106.236
11183.8 4908.7 106.674
11178.5 4913.94 107.184
11172.3 4920.52 107.671
11160.3 4931.65 108.131
11149.6 4940.29 108.558
11144.8 4946.15 109.051
11140.4 4952.88 109.513
11133.2 4962.72 109.925
11127.4 4971.53 110.376
11122.6 4981.71 110.965
11117.9 4990.88 111.455
11113.2 4999.97 111.932
11107.9 5009.49 112.423
11101.9 5019.37 112.93
11101.9 5019.37 112.93
11098.1 5025.52 113.384
11091.9 5034.96 114.263
11085.5 5044.64 114.706
11079.1 5054.14 115.153
11073.1 5063.05 115.542
11063.8 5075.61 115.888
11059.3 5082.35 116.231
11054.7 5089.92 116.561
11049.9 5098.12 116.851
11045.4 5105.43 117.077
11040.6 5112.68 117.335
11035.5 5120.33 117.574
11027.2 5132.15 117.75
11020.4 5141.78 117.933
11014.4 5149.77 118.048
11007.8 5158.3 118.181
11000.1 5166.73 118.289
10992.5 5174.37 118.38
10984.4 5182.74 118.506
10980.2 5187.4 118.55
10975.2 5193.97 118.638
10969.4 5201.86 118.73
10963.1 5211.04 118.788
10955.9 5221.26 118.89
10948.2 5232.1 118.99
10940.5 5242.67 119.079
10925.8 5261.75 119.234
10913.9 5276.82 119.443
10904.3 5288.95 119.52
10900.3 5293.98 119.588
10889.5 5308.49 119.764
10878.4 5321.69 119.863
10868.7 5331.31 119.941
10861.2 5337.1 119.999
10855.1 5341.28 120.082
10848.9 5347.36 120.154
10845.8 5350.45 120.212
10840.1 5356.11 120.237
10831.7 5365.24 120.355
10828.8 5368.36 120.398
10825.4 5372.04 120.441
10814.1 5386.13 120.613
10814.1 5386.13 120.613
10807.8 5393.98 120.675
10793.2 5411.62 120.933
10785.7 5420.61 121.155
10779 5428.81 121.308
10772.8 5436.17 121.481
10766.4 5444.49 121.711
10760 5453.15 121.977
10748.9 5468.2 122.383
10741.1 5477.58 122.638
10737.6 5481.52 122.804
10732.2 5487.6 123.135
10726.3 5494.67 123.483
10714.3 5507.53 124.039
10704.5 5516.51 124.399
10696.9 5521.93 124.801
10689.1 5528.13 125.306
10681.9 5534.27 125.796
10677.9 5538.04 126.057
10668.3 5546.82 126.682
10662.5 5552.08 127.118
10656.2 5557.71 127.594
10648.9 5564.37 128.1
10636.6 5575.11 128.552
10630.2 5580.86 129
10620.3 5588.91 129.45
10611.9 5596.46 129.949
10603.9 5604.4 130.482
10597.6 5609.32 130.887
10592.3 5611.49 131.264
10586.9 5612.76 131.71
10579 5615.29 132.283
10568.8 5619.47 132.805
10558.6 5623.15 133.2
10548.2 5626.66 133.614
10536.3 5630.77 134.109
10528.8 5633.79 134.614
10521.8 5636.57 134.966
10510.1 5640.77 135.378
10499.9 5644.6 135.924
10489.4 5649.27 136.451
10484.7 5647.68 136.507
10473.3 5653.88 137.304
10471.4 5651.78 137.374
10468.4 5650.35 137.631
10462.3 5651.19 138.164
10442.2 5660.55 139.341
10427.7 5664.96 139.364
10416 5671.77 140.333
10396.5 5682.09 140.932
10394.4 5679.62 140.737
10385.5 5683.76 141.626
10382.4 5681.56 141.718
10377.2 5680.98 142.248
10370.9 5681.08 142.771
10363.4 5681.99 143.266
10347.4 5683.6 144.004
10322.4 5694.68 144.941
10318.7 5692.2 144.784
10300.7 5696.48 146.026
10285.7 5698.5 146.513
10274.2 5698.66 146.579
10239.7 5664.44 148.13
10239.3 5663.83 148.134
10238.7 5663.49 148.15
10238.3 5663.23 148.179
10231.7 5668.61 148.274
10226.4 5673.21 148.652
10220 5679.41 148.665
10217.7 5682.67 148.665
10217.8 5684.16 148.664
10218.8 5684.77 148.664
10220.2 5684.98 148.664
10220.8 5685.04 148.664
10221.3 5685.15 148.659
10221.7 5685.21 148.663
10222.1 5685.34 148.659
10228.2 5680.39 148.267
10227 5681.58 148.65
10231.6 5677.76 148.231
10233.8 5675.6 148.231
10230.5 5678.17 148.645
10232 5676.45 148.259
10231.2 5676.47 148.646
10227.9 5679.15 148.66
10229.8 5677.4 148.251
10233.5 5674 148.242
10236.1 5671.4 148.222
10239 5668 148.23
10233.3 5671.8 148.647
10234.8 5670.1 148.238
10229.4 5674.45 148.644
10233.7 5670.36 148.224
10235 5668.93 148.243
10236.8 5666.75 148.243
10232.7 5669.91 148.238
10232.7 5669.91 148.238
10234.4 5668.29 148.218
10236.1 5666.38 148.244
10236.5 5665.8 148.244
10236.9 5665.16 148.224
10230.5 5669.85 148.645
10233.2 5667.46 148.224
10234.8 5665.95 148.243
10229.4 5670.41 148.644
10229.4 5670.41 148.644
10231.3 5668.9 148.241
10232.7 5667.72 148.231
10226.7 5670.27 148.252
10219.4 5674.83 148.282
10196.2 5689.96 148.679
10180.9 5699.49 148.262
10175.1 5701.6 148.316
10167 5706.73 148.312
10166.7 5705.54 148.303
10154.5 5713.52 148.744
10149.5 5715.89 148.304
10137.1 5722.16 148.332
10129.3 5725.95 148.324
10129.3 5725.95 148.324
10102.8 5741.05 148.776
10087.9 5750.41 148.802
10075.4 5758.35 148.856
10070.1 5761.4 148.395
10063.8 5765.79 148.375
10059.1 5769.1 148.353
10054.5 5772.45 148.332
10039.4 5785.07 148.34
10022.8 5799.99 148.802
10023.2 5801.13 148.397
10020.7 5803.57 148.437
10004.3 5816.74 148.97
9999.96 5820.13 148.647
9995.42 5822.8 148.854
9987.47 5827.2 149.569
9977.64 5833.48 149.862
9967.16 5839.7 150.153
9962.61 5839.7 150.002
9951.42 5846.09 150.755
9947.71 5846.16 150.567
9942.42 5846.51 150.863
9937.11 5846.86 151.001
9910.39 5858.53 151.953
9897.25 5863.77 152.27
9884.07 5869.04 152.552
9870.1 5874.47 152.874
9856.26 5879.97 153.171
9843.22 5884.89 153.462
9825.16 5889.89 153.765
9813.61 5891.14 154.055
9805.02 5891.17 154.358
9797.63 5890.7 154.686
9789.58 5890.76 154.937
9779.71 5892.05 155.268
9770.07 5893.47 155.576
9765.84 5893.95 155.671
9760.2 5894.92 155.965
9745.7 5897.06 156.471
9732.05 5898.61 156.818
9721.56 5898.89 157.049
9711.95 5899.37 157.304
9701.24 5900.73 157.627
9692.63 5902.92 157.957
9676.81 5906.68 158.248
9663.64 5908.55 158.517
9651.39 5909.12 158.833
9645.68 5908.98 158.998
9632.98 5909.2 159.413
9624.18 5909 159.634
9617.57 5909.25 159.911
9610.33 5910.41 160.227
9604.12 5911.18 160.501
9599.23 5912.11 160.776
9592.52 5913.67 161.066
9584.19 5915.68 161.372
9576.06 5917.55 161.528
9558.47 5921.01 161.972
9544.34 5923.17 162.235
9532.39 5924.4 162.553
9521.54 5924.86 162.837
9511.04 5924.81 163.146
9500.2 5925.04 163.408
9489.68 5925.55 163.709
9478.2 5927 164.04
9465.56 5929.14 164.46
9453.31 5931.2 164.846
9442.4 5932.68 165.236
9434.84 5932.33 165.608
9430.33 5931.83 166.011
9421.28 5930.6 166.527
9411.55 5928.92 167.024
9407.03 5927.72 167.209
9400.46 5926.77 167.681
9392.51 5926.06 168.133
9375.37 5925.15 168.842
9367.28 5924.84 169.286
9381.8 5914.15 169.075
9384.9 5906.52 169.493
9383.88 5903.39 169.715
9369.57 5898.19 170.479
9359.34 5895.91 170.698
9348.36 5893.59 171.13
9336.89 5891.16 171.593
9325.57 5888.48 172.049
9288.85 5845.55 173.431
9288.93 5843.56 173.455
9288.66 5842.16 173.477
9288.93 5841 173.472
9288.7 5840.1 173.475
9288.91 5839.29 173.464
9288.71 5838.98 173.474
9288.71 5838.98 173.474
9288.09 5838.46 173.484
9287.92 5838.2 173.48
9287.92 5838.2 173.48
9287.68 5837.8 173.481
9287.5 5837.48 173.481
9287.32 5837.29 173.49
9287.42 5836.96 173.479
9287.29 5836.83 173.49
9284.53 5836.96 173.516
9261.11 5841.83 174.209
9261.11 5841.83 174.209
9252.08 5841.49 173.616
9252.08 5841.49 173.616
9220.62 5841.4 173.571
9210.16 5841.18 173.576
9202.81 5841.08 173.518
9194.57 5841.9 173.515
9183.77 5843.26 173.513
9172.82 5844.83 173.508
9162.92 5846.16 173.508
9154.55 5847.18 173.507
9139.92 5848.35 173.536
9128.68 5849.08 173.555
9116.11 5850.06 173.563
9096.61 5851.89 173.58
9088.39 5853.08 173.55
9079.5 5854.53 173.587
9070.26 5855.68 173.633
9057.03 5856.61 173.681
9051.42 5856.9 173.684
9042.66 5857.37 173.783
9033.13 5857.85 173.947
9022.99 5858.11 174.08
9022.99 5858.11 174.08
9010.47 5857.98 174.324
8997.74 5857.96 174.449
8992.62 5857.98 174.492
8985.57 5857.79 174.645
8993.77 5853.81 174.043
8997.33 5850.56 174.148
8966.26 5853.52 175.071
8951.85 5854.85 175.202
8938.6 5856 175.329
8927.37 5856.96 175.393
8915.48 5857.78 175.556
8894.94 5859.21 175.78
8882.21 5859.84 175.889
8875.46 5860 176.013
8869.52 5860.04 176.092
8862.25 5860.05 176.251
8847.82 5859.97 176.441
8842.39 5859.65 176.501
8835.95 5859.23 176.624
8828.16 5858.57 176.755
8819.09 5857.24 176.914
8807.51 5855.74 177.082
8794.18 5853.96 177.241
8781.09 5851.84 177.392
8769.77 5849.94 177.468
8753.88 5847.39 177.599
8746.19 5845.78 177.715
8741.81 5845.44 177.837
8737.69 5845.11 177.907
8731.61 5844.71 178.057
8714.5 5843.94 178.307
8721.66 5840.69 177.713
8706.87 5840.83 178.578
8694.15 5840.92 178.661
8669.01 5841.36 178.896
8658.12 5841.13 179.044
8648.68 5840.65 179.154
8641.33 5840.06 179.222
8633.88 5839.21 179.348
8626.04 5838.32 179.496
8611.42 5836.49 179.711
8630.02 5830.64 179.129
8636.52 5826.12 179.334
8636.32 5824.3 179.407
8631.82 5822.57 179.633
8624.3 5820.84 179.863
8607.3 5817.65 180.144
8592.89 5814.84 180.333
8583.89 5813.24 180.567
8574.11 5811.72 180.769
8562.74 5810.53 180.999
8551.48 5809.75 181.205
8541.4 5808.86 181.344
8516.32 5805.88 181.771
8511.62 5804.87 181.827
8504.83 5803.57 182.064
8490.75 5800.79 182.377
8484.49 5799.58 182.468
8473.59 5797.61 182.634
8469.3 5796.82 182.678
8459.15 5795.92 182.853
8453.46 5795.3 182.842
8445.99 5794.37 182.885
8430.79 5791.92 182.856
8416.9 5788.62 182.871
8402.4 5784.89 182.852
8395.05 5782.82 182.844
8380.57 5778.98 182.728
8374.75 5777.56 182.698
8367.73 5776.5 182.619
8360.31 5775.74 182.534
8344.99 5774.08 182.406
8312.74 5774.46 182.914
8275.29 5776.56 182.87
8258.74 5777.54 182.856
8234.53 5779.42 182.785
8218.94 5781.49 182.727
8211.58 5782.05 182.66
8202.84 5782.72 182.554
8192.01 5783.99 182.506
8181.77 5785.17 182.398
8174.49 5785.74 182.316
8167.92 5786.19 182.254
8160.67 5786.43 182.162
8153.5 5786.67 182.08
8140.03 5787.26 181.986
8128.63 5787.98 181.929
8118.38 5788.39 181.843
8108.51 5788.33 181.725
8101.63 5788.21 181.623
8092.66 5788.19 181.561
8082.21 5788.27 181.505
8065.16 5788.73 181.425
8050.21 5789.54 181.359
8037.43 5790.8 181.254
8030.41 5791.39 181.165
8018.52 5792.57 181.105
8008.5 5793.49 181.006
8003.74 5793.97 180.944
7993.07 5795.83 180.823
7983.67 5797.94 180.707
7972.86 5800.57 180.63
7964.92 5801.82 180.531
7952.99 5803.88 180.446
7942.45 5805.25 180.351
7934.98 5805.25 180.288
7924.83 5805.06 180.227
7912.4 5804.33 180.175
7899.96 5803.51 180.106
7890.07 5802.65 180.038
7878.06 5802.49 179.99
7859.6 5803.78 179.794
7848.91 5805.45 179.728
7840.99 5807.22 179.624
7835.25 5808.15 179.524
7827.92 5809.02 179.436
7818.46 5809.67 179.372
7807.04 5810.35 179.316
7788.85 5811.45 179.217
7773.38 5812.08 179.119
7757.72 5812.96 179.088
7749.55 5813.51 178.99
7742.92 5813.66 178.872
7732.25 5813.44 178.782
7723.52 5812.54 178.69
7716.05 5811.43 178.586
7707.5 5810.4 178.574
7697.12 5809.39 178.625
7690.02 5808.97 178.628
7675.52 5808.06 178.798
7662.94 5806.81 178.939
7650.8 5805.43 179.259
7643.37 5804.23 179.506
7639.5 5803.48 179.711
7631.17 5801.86 180.076
7626.24 5800.79 180.279
7614.29 5798.73 180.792
7597.74 5795.05 181.354
7585.94 5792.75 181.767
7573.7 5790.04 182.171
7568.97 5788.58 182.354
7557.72 5783.88 182.919
7552.04 5780.83 183.264
7548.7 5779.28 183.484
7543.94 5777.51 183.825
7537.02 5773.99 184.133
7531.61 5771.69 184.553
7515.15 5764.5 185.168
7510.19 5762.16 185.365
7504.56 5759.5 185.688
7497.56 5756.53 186.054
7489.09 5753.01 186.45
7478.83 5749.02 186.882
7457.83 5739.92 187.407
7449.61 5735.77 187.615
7442.11 5731.92 187.963
7434.13 5728.41 188.363
7419.28 5722.99 188.934
7408.2 5718.97 189.329
7400.8 5715.6 189.642
7397.59 5713.73 189.854
7392.99 5711.41 190.2
7386.79 5708.37 190.647
7373.63 5700.73 191.222
7363.27 5693.51 191.601
7354.04 5686.45 191.988
7349.55 5683.03 192.168
7343.88 5679.25 192.579
7337.61 5675.16 192.948
7353.63 5672.7 192.661
7340.88 5667.09 193.614
7350.22 5663.23 193.449
7330.92 5656.06 194.46
7312.55 5648.85 194.845
7280.7 5635.3 195.543
7268.3 5629.14 196.029
7251.48 5618.43 196.527
7241.08 5609.56 197.014
7216.81 5599.3 198.241
7187.3 5589.03 198.778
7175.93 5584.24 199.281
7162.87 5577.55 199.731
7155.14 5572.04 200.23
7150.01 5567.05 200.736
7143.25 5561.01 201.248
7138.7 5557.36 201.703
7134.82 5554.04 201.92
7123.76 5545.53 202.685
7113.61 5537.25 203.228
7105.25 5529.38 203.665
7098.97 5522.27 204.141
7091.54 5514.45 204.675
7083.64 5506.02 205.231
7079.11 5501.51 205.491
7073.22 5496.1 206.052
7060.65 5483.75 206.894
7050.58 5471.48 207.5
7043.04 5459.4 207.997
7035.54 5446.83 208.573
7031.72 5436.7 208.963
7029.49 5431.92 209.426
7025.03 5423.37 209.973
7021.94 5416.21 210.514
7018.7 5409.33 211.083
7013.91 5402.24 211.689
7007.84 5394.67 212.255
7001.74 5386.73 212.831
6995.68 5378.79 213.342
6989.39 5370.59 213.89
6982.99 5362.07 214.449
6976.31 5353.11 215.04
6970.32 5343.78 215.574
6964.25 5334.31 216.132
6958.67 5325.3 216.709
6971.41 5330.24 216.184
6987.59 5334 216.743
6990.84 5332.37 217.216
6991.92 5325.29 217.814
6988.49 5318.95 218.369
6979.59 5305.05 218.836
6971.5 5291.82 219.236
6964.45 5279.64 219.526
6959.18 5268.67 219.853
6951.53 5253.19 220.372
6948.84 5248.3 220.565
6943.67 5239.44 220.853
6938.64 5231.58 221.178
6932.16 5223.56 221.574
6927.72 5217.95 222.045
6918.5 5206.67 222.519
6911.79 5197.41 222.807
6898.6 5185.34 223.568
6894.84 5180.88 223.7
6887.88 5171.87 224.167
6882.26 5164.15 224.438
6877.25 5157.37 224.728
6872.05 5150.66 225.026
6869.15 5147.31 225.174
6864.82 5142.53 225.47
6859.97 5136.9 225.811
6846.44 5117.35 226.475
6842.95 5111.14 226.645
6840.17 5099.41 226.78
6839.99 5092.62 227.047
6840.03 5080.32 227.473
6843.85 5072.07 227.771
6843.3 5067.14 227.938
6839.41 5057 228.279
6838.13 5052.54 228.421
6836.06 5046.89 228.716
6832.88 5039.56 229.058
6826.79 5023.83 229.546
6822.85 5010.41 229.832
6821.73 5004.65 229.97
6829.9 4996.4 229.951
6833.81 4983.11 230.438
6833.28 4966.41 230.769
6826.65 4949.49 231.317
6819.95 4939.56 231.649
6808.96 4923.4 231.954
6804.31 4916.71 232.138
6799.23 4909.53 232.413
6793.81 4901.97 232.645
6788.32 4894.34 232.817
6782.53 4886.09 232.943
6790.34 4885.1 232.653
6795.13 4880.99 232.719
6784.18 4860.25 233.19
6773.39 4848.4 233.223
6776.21 4840.85 232.928
6776.22 4836.79 232.938
6773.29 4830.68 233.013
6744.44 4805.84 233.406
6722.6 4789.92 233.672
6722.87 4790.35 233.417
6724.94 4789.15 233.109
6726.25 4787.19 233.129
6727.21 4785.06 233.117
6727.14 4779.64 233.132
6724.22 4772.44 233.144
6722.06 4768.16 233.144
6707.14 4755.33 233.452
6704.98 4750.01 233.145
6696 4736.47 233.155
6681.1 4718.65 233.142
6679.8 4712.42 233.111
6677.39 4704.91 233.099
6673.99 4697.33 233.101
6669.57 4689.83 233.106
6653.93 4676.64 233.414
6652.29 4672.86 233.115
6650.58 4669.14 233.093
6648.05 4663.89 233.059
6644.36 4656.52 233.047
6639.92 4648.02 233.026
6634.7 4638.45 233.027
6629.18 4628.67 233.035
6618.96 4610.16 233.029
6612.52 4596.9 233.016
6612.52 4596.9 233.016
6610.44 4591.74 233.021
6604.71 4581.84 233.026
6598.2 4571.47 233.018
6584.24 4552.7 233.051
6578.27 4546.01 233.332
6568.46 4532.71 233.342
6562.27 4522.94 233.326
6558.94 4517.6 233.339
6543.91 4503.34 233.625
6539.44 4495.7 233.274
6536.53 4491.45 233.282
6532.71 4486.33 233.293
6527.94 4480.33 233.291
6525.59 4475.87 233.183
6519.5 4467.54 233.057
6509.4 4454.07 233.062
6504.58 4447.49 233.066
6497.02 4437.04 233.041
6492.95 4431.44 232.999
6488.27 4425.29 232.959
6484.09 4419.86 232.908
6475.44 4409.61 232.811
6470.12 4403.63 232.763
6464.05 4397.26 232.721
6457.38 4390.24 232.631
6450.31 4382.66 232.574
6442.53 4373.69 232.507
6434.69 4364.11 232.407
6427 4354.15 232.337
6419.53 4344.26 232.25
6411.76 4334.85 232.166
6403.93 4326.35 232.074
6396.03 4318.19 231.982
6388.93 4310.89 231.905
6382.43 4304.09 231.829
6376.25 4297.18 231.728
6371.3 4291.51 231.663
6360.99 4278.54 231.562
6349.66 4264.86 231.4
6346.25 4260.98 231.322
6342.23 4257.16 231.19
6330.36 4245.2 230.954
6324.17 4239.11 230.819
6317.63 4232.38 230.695
6310.17 4224.79 230.541
6301.62 4216.52 230.386
6292.72 4207.89 230.239
6283.65 4199.27 230.102
6274.35 4190.49 229.954
6264.81 4181.82 229.806
6255.51 4173.28 229.638
6246.6 4164.71 229.495
6238.08 4156.09 229.314
6229.91 4147.96 229.164
6222.22 4140.78 229.015
6214.18 4133.63 228.878
6205.26 4125.73 228.706
6187.59 4110.7 228.497
6175.14 4101.62 228.34
6169.4 4097.12 228.173
6163.71 4092.34 228.029
6158.97 4088.37 227.968
6153.3 4083.55 227.798
6146.33 4077.55 227.646
6139.22 4071.61 227.489
6124.5 4059.52 227.279
6112.44 4050.31 227.124
6101.47 4041.34 226.956
6092.18 4032.62 226.724
6087.88 4028.19 226.608
6076.9 4018.52 226.256
6070.62 4014.02 225.94
6063.58 4009.82 225.52
6055.45 4005.23 225.035
6048.46 4001.79 224.759
6040.48 3997.75 224.301
6031.35 3993.11 223.828
6021.03 3987.5 223.309
6009.6 3981.4 222.804
5997.99 3975.43 222.339
5935.56 3980.12 220.523
5935.51 3980.11 220.518
5935.52 3980.11 220.523
5935.52 3980.19 220.559
5936.2 3981.02 220.614
5936.42 3981.34 220.621
5936.63 3981.74 220.621
5936.65 3981.86 220.621
5936.59 3981.92 220.625
5936.52 3981.95 220.625
5936.45 3981.96 220.625
5936.37 3981.97 220.625
5936.3 3981.95 220.622
5936.24 3981.96 220.625
5936.18 3981.97 220.625
5936.14 3981.99 220.625
5936.07 3982.01 220.625
5936.02 3982.04 220.625
5935.98 3982.07 220.625
5935.97 3982.09 220.625
5935.9 3982.05 220.625
5935.84 3982.03 220.625
5935.86 3982.06 220.625
5935.81 3982.04 220.625
5935.84 3982.08 220.625
5935.86 3982.11 220.625
5935.82 3982.09 220.625
5935.83 3982.1 220.625
5935.85 3982.14 220.625
5935.88 3982.18 220.625
5935.88 3982.18 220.625
5935.89 3982.2 220.625
5935.9 3982.21 220.625
5935.9 3982.21 220.625
5935.85 3982.16 220.628
5935.87 3982.19 220.625
5935.83 3982.14 220.628
5935.84 3982.16 220.625
5935.85 3982.18 220.625
5935.82 3982.13 220.628
5935.86 3982.15 220.624
5935.82 3982.11 220.628
5935.79 3982.01 220.629
5935.78 3982 220.628
5935.81 3982.01 220.628
5935.85 3982.04 220.625
5935.86 3982.04 220.628
5936.42 3981.3 220.636
5936.42 3981.29 220.636
5936.42 3981.3 220.631
5936.43 3981.29 220.636
5936.7 3981.5 220.648
5936.88 3981.69 220.655
5937.04 3981.82 220.655
5937.08 3981.84 220.657
5937.04 3981.8 220.653
5937.01 3981.75 220.655
5937.06 3981.76 220.655
5936.94 3981.62 220.655
5936.96 3981.64 220.66
5936.94 3981.61 220.656
5936.92 3981.59 220.652
5936.78 3981.49 220.663
5936.73 3981.48 220.653
5936.67 3981.38 220.656
5936.64 3981.36 220.664
5936.62 3981.32 220.663
5934.87 3979.72 220.754
5924.05 3969.66 221.137
5912.96 3958.82 221.335
5908.06 3953.4 221.475
5904.25 3948.93 221.538
5899.83 3943.67 221.686
5894.46 3937.33 221.891
5882.19 3923.23 222.172
5873.82 3912.8 222.311
5869.29 3907.16 222.49
5863.8 3900.31 222.618
5857.92 3893.01 222.776
5852.3 3885.91 222.818
5847.79 3880.04 222.825
5841.92 3873.07 222.794
5834.65 3865.32 222.654
5826.59 3857.26 222.415
5822.42 3851.41 221.987
5811.71 3839.97 221.637
5804.69 3833.46 221.373
5796.68 3826.85 221
5784.85 3817.71 220.608
5771.04 3809.32 220.346
5755.73 3800.98 219.828
5746.33 3795.27 219.243
5730.47 3786.27 218.612
5723.77 3782.4 217.856
5722.07 3781.71 217.437
5716.82 3780.48 216.855
5701.26 3776.25 215.75
5695.19 3774.49 215.446
5687.85 3771.88 214.952
5679.68 3768.87 214.458
5669.42 3764.76 213.819
5656.38 3759.72 213.117
5613.23 3747.28 212.409
5584.1 3743.25 211.926
5564.44 3744.4 211.412
5556.15 3745.84 211.078
5532.96 3750.98 210.116
5519.43 3754.19 209.602
5509.24 3758.67 209.037
5497.47 3760.93 208.331
5483.62 3761.53 207.544
5476.77 3761.82 207.139
5461.17 3762.49 206.168
5447.05 3763.94 205.467
5433.16 3765.49 204.712
5418.86 3766.68 203.891
5418.86 3766.68 203.891
5410.26 3766.83 203.193
5397.96 3766.24 202.102
5375.64 3766.26 200.777
5365.15 3766.5 199.969
5353.86 3766.77 199.179
5342.26 3767.22 198.474
5342.26 3767.22 198.474
5314.73 3766.41 196.911
5300.51 3766.12 196.233
5289.54 3766.96 195.889
5278.93 3768.6 195.22
5258.52 3773.53 193.991
5249.79 3776.37 193.574
5239.59 3779.4 192.857
5218.89 3785.08 192.039
5203.35 3789.98 191.418
5191.52 3794.1 190.655
5180.27 3797.44 189.887
5170.91 3800.71 189.125
5163.69 3802.21 188.469
5154.92 3804.16 187.73
5137.72 3808.6 186.899
5120.93 3812.62 186.084
5105.04 3816.84 185.372
5098.63 3819.05 185.039
5090.88 3821.16 184.394
5073.04 3826 183.223
5057.8 3831.36 182.416
5044.57 3836.84 181.657
5032.79 3842.3 181.019
5021.78 3847.86 180.359
5003.36 3855.06 179.8
4995.71 3858.72 179.498
4987.3 3862.36 178.846
4971.81 3870.1 178.006
4948.23 3923.63 176.104
4948.23 3923.65 176.104
4948.15 3923.72 176.13
4948.24 3923.78 176.161
4948.41 3923.81 176.179
4948.43 3923.86 176.182
4948.44 3923.9 176.181
4948.44 3923.97 176.181
4948.44 3924 176.181
4948.43 3924.02 176.181
4948.4 3924.04 176.175
4948.39 3924.08 176.181
4948.39 3924.1 176.181
4948.38 3924.11 176.175
4948.36 3924.12 176.175
4948.38 3924.14 176.181
4948.36 3924.15 176.175
4948.35 3924.16 176.175
4948.35 3924.17 176.175
4948.35 3924.18 176.175
4948.35 3924.18 176.175
4948.35 3924.19 176.175
4948.35 3924.19 176.175
4948.35 3924.2 176.175
4948.35 3924.2 176.175
4948.35 3924.2 176.175
4948.35 3924.21 176.175
4948.15 3924.23 176.185
4948.15 3924.23 176.185
4937.65 3924.71 176.256
4928.51 3924.66 176.257
4916.1 3924.34 176.282
4893.44 3924.36 176.248
4881.62 3924.2 176.268
4878.56 3924.22 176.265
4874.28 3925.25 176.249
4866.29 3927.17 176.269
4856.95 3929.19 176.266
4842.74 3932.71 176.267
4834.52 3935.28 176.272
4827.68 3937.3 176.281
4816.22 3938.91 176.305
4807.37 3939.93 176.298
4797.93 3941.23 176.289
4784.7 3943.54 176.288
4775.59 3945.36 176.297
4766.07 3947.24 176.371
4761.51 3948.11 176.38
4751.99 3949.32 176.458
4747.11 3949.94 176.482
4739.92 3950.69 176.544
4730.9 3951.27 176.601
4722.08 3951.6 176.681
4712.91 3951.71 176.775
4703.09 3951.52 176.976
4686.7 3950.72 177.234
4678.3 3949.99 177.465
4669.65 3949.17 177.71
4656.21 3946.71 178.037
4647.67 3945.27 178.512
4638.57 3943.59 178.912
4629.4 3941.99 179.213
4619.46 3940.68 179.567
4603.31 3937.96 180.009
4595.61 3936.29 180.26
4580.7 3932.06 180.806
4567.81 3927.01 181.318
4560.16 3922.69 181.54
4556.06 3920.58 181.726
4545.2 3915.51 182.321
4536.47 3910.66 182.671
4531.99 3908.34 182.849
4525.94 3905.85 183.226
4517.57 3903.33 183.689
4499.61 3897.6 184.263
4491.82 3894.61 184.421
4481.82 3890.98 184.824
4481.82 3890.98 184.824
4470.99 3886.84 185.214
4457.53 3882.46 185.918
4437.21 3875.49 186.453
4425.62 3872.12 187.099
4414.3 3869.06 187.551
4398.07 3864.27 187.897
4392.09 3862.47 188.083
4385.88 3860.77 188.456
4384.23 3855.52 188.684
4381.75 3850.31 188.936
4377.95 3845.25 189.199
4373.1 3842.19 189.463
4367.89 3839.12 189.625
4360.76 3835.46 189.878
4339.69 3824.23 190.231
4333.6 3820.68 190.333
4326.28 3816.94 190.496
4313.66 3810.07 190.606
4302.7 3803.8 190.652
4291.9 3798.08 190.674
4280.75 3793.23 190.679
4269.4 3788.93 190.631
4258.24 3784.95 190.579
4252.45 3783.1 190.536
4244.61 3781.14 190.438
4215.57 3778.15 190.542
4199.3 3778.74 190.054
4192.22 3779.94 189.777
4183.77 3780.89 189.45
4174.52 3781.84 189.124
4164.33 3782.76 188.836
4157.03 3784.35 188.382
4148.33 3785.82 188.057
4137.23 3786.58 187.809
4129.92 3788.49 187.545
4114.6 3792.54 186.951
4106.23 3794.17 186.551
4088.46 3796.7 186.106
4077.27 3797.25 185.709
4064.73 3797.53 185.374
4053.28 3797.88 185.045
4043.03 3798.84 184.709
4033.11 3800.24 184.322
4014.81 3803.78 183.719
4007.99 3805.64 183.531
3992.88 3809.09 183.06
3992.88 3809.09 183.06
3975.56 3812.44 182.311
3964.87 3814.59 181.977
3952.8 3817.04 181.694
3933.34 3822.23 181.448
3933.34 3822.23 181.448
3914.34 3827.62 181.071
3904.66 3830.21 180.883
3894.53 3832.68 180.715
3879.26 3837.52 180.555
3870.27 3841.89 180.499
3864.42 3843.83 180.434
3857.62 3845.36 180.409
3849.22 3846.72 180.436
3834.08 3849.05 180.497
3822.61 3850.82 180.519
3815.7 3851.57 180.568
3807.23 3852.2 180.603
3807.23 3852.2 180.603
3786.97 3853.18 180.741
3776.34 3853.37 180.794
3764.92 3853.51 180.847
3753.11 3853.55 180.899
3741.22 3853.23 180.959
3724.5 3852.47 181.02
3713.37 3851.67 181.075
3704.35 3850.98 181.139
3698.3 3850.64 181.179
