x y phi
2590.33 3343.03 181.392
2590.31 3343.03 181.392
2590.3 3343.12 181.44
2590.97 3343.35 181.468
2590.97 3343.35 181.468
2591.6 3343.56 181.487
2591.82 3343.65 181.487
2591.96 3343.73 181.487
2592.04 3343.8 181.487
2592.08 3343.92 181.487
2592.04 3344.01 181.487
2592.01 3344.05 181.487
2591.94 3344.12 181.487
2591.89 3344.18 181.487
2591.86 3344.23 181.487
2591.84 3344.26 181.487
2591.76 3344.29 181.479
2591.79 3344.32 181.487
2591.8 3344.33 181.487
2591.82 3344.34 181.487
2591.67 3344.35 181.479
2591.72 3344.36 181.486
2591.76 3344.37 181.487
2591.79 3344.38 181.487
2591.83 3344.39 181.487
2591.85 3344.4 181.487
2591.85 3344.4 181.487
2591.85 3344.41 181.487
2591.85 3344.41 181.487
2591.85 3344.41 181.487
2591.85 3344.42 181.487
2591.85 3344.42 181.487
2591.85 3344.42 181.487
2591.85 3344.42 181.487
2591.84 3344.42 181.487
2591.84 3344.43 181.487
2591.76 3344.42 181.479
2591.7 3344.42 181.479
2591.56 3344.4 181.479
2591.47 3344.35 181.472
2591.4 3344.31 181.472
2591.35 3344.27 181.478
2591.13 3344.2 181.486
2591.1 3344.14 181.485
2591.04 3344.09 181.486
2591.13 3344.07 181.478
2591.02 3343.96 181.469
2590.97 3343.86 181.469
2591 3343.81 181.469
2590.98 3343.74 181.469
2590.78 3343.69 181.456
2590.51 3343.65 181.455
2590.4 3343.64 181.449
2590.3 3343.62 181.449
2590.19 3343.57 181.449
2590.14 3343.54 181.45
2590.06 3343.48 181.45
2590.03 3343.44 181.45
2590.03 3343.42 181.45
2590.04 3343.4 181.45
2590.05 3343.37 181.45
2590.07 3343.35 181.45
2590.08 3343.33 181.45
2590.09 3343.31 181.45
2590.09 3343.3 181.45
2590.09 3343.29 181.45
2590.09 3343.28 181.45
2590.09 3343.28 181.45
2590.09 3343.27 181.45
2590.09 3343.27 181.45
2590.09 3343.26 181.45
2590.09 3343.26 181.45
2590.09 3343.25 181.45
2590.09 3343.25 181.45
2589.96 3343.24 181.464
2586.29 3342.87 181.811
2576.23 3342.17 182.585
2570.09 3341.73 183.008
2554.66 3339.64 183.867
2547.92 3338.54 184.22
2536.7 3335.92 184.7
2531.35 3334.4 185.019
2523.85 3332.29 185.718
2508.82 3327.22 186.534
2499.08 3322.44 186.939
2491.04 3317.34 187.517
2481.49 3311.55 188.192
2472.52 3305.91 188.794
2466.92 3303.16 189.276
2460.55 3300.03 189.737
2446.93 3292.97 190.633
2442.57 3288.69 191.418
2443.14 3286.9 191.291
2439.19 3282.75 192.453
2414.88 3235.69 193.642
2415.05 3235.35 193.636
2425.04 3239.93 193.651
2423.68 3240.34 193.603
2418.15 3237.87 193.663
2416.25 3236.94 193.663
2413.9 3235.55 193.664
2412.99 3234.67 193.664
2412.88 3234.36 193.664
2413.02 3233.9 193.664
2413.38 3233.59 193.664
2413.91 3233.38 193.677
2414.32 3233.14 193.671
2416.03 3234.55 193.601
2417.85 3236.91 193.589
2418.59 3238.78 193.586
2418.61 3240.17 193.586
2418.69 3240.83 193.575
2418.61 3241.46 193.58
2418.54 3241.99 193.572
2417.05 3240.87 193.631
2415.02 3239.11 193.634
2414.44 3238.41 193.633
2415.07 3238.72 193.631
2415.96 3239.18 193.563
2416.97 3240.13 193.561
2416.17 3239.32 193.631
2415.05 3237.99 193.633
2415.99 3238.63 193.553
2415.12 3237.47 193.633
2417.21 3239.59 193.572
2414.77 3237.27 193.85
2427.36 3239.5 196.257
2416.67 3235.34 195.586
2412.8 3231.29 197.434
2408.8 3228.35 197.798
2402.08 3222.88 198.067
2394.08 3216.99 198.57
2382.91 3209.64 199.323
2370.7 3201.81 199.913
2350.28 3190.12 198.865
2330.71 3178.49 199.136
2317.09 3169.22 199.534
2309.41 3164.03 200.165
2302.95 3159.12 200.459
2290.91 3149.02 201.148
2291.98 3145.04 202.952
2297.38 3143.59 203.394
2297.15 3141.19 203.715
2290.37 3132.32 204.619
2282.17 3122.4 205.001
2275.11 3113.14 205.472
2267.36 3103.59 206.013
2243.19 3085.26 205.083
2228.37 3072.82 205.537
2219.26 3064.09 205.925
2212.46 3057.26 206.381
2205.08 3050.41 207
2197.1 3043.31 207.47
2190.32 3036.64 207.865
2184.09 3030.12 208.309
2178 3023.07 208.77
2170.62 3014.98 209.286
2164.6 3009.44 209.757
2152.96 2998.69 210.259
2145.15 2992.45 210.711
2133.12 2981.77 211.192
2126.53 2973.31 211.572
2122.41 2965.71 212.089
2117.06 2956.67 212.638
2108.86 2942.09 213.327
2106.56 2937.11 213.65
2101.65 2926.85 214.102
2092.82 2909.89 214.951
2090.47 2904.5 215.18
2084.74 2893.36 215.63
2081.56 2887.69 215.921
2072.81 2873.75 216.931
2065.85 2860.15 217.485
2060.76 2848.04 218.004
2057.34 2837.2 218.514
2055.74 2831.93 218.816
2050.24 2816.3 219.636
2046.3 2806.18 220.1
2044.44 2801.28 220.342
2037.63 2786.13 221.094
2032.81 2775.69 221.636
2030.85 2770.78 221.948
2026.11 2760.16 222.671
2021.89 2750.21 223.206
2017.27 2740.08 223.77
2013.28 2730.38 224.248
2008.74 2720.4 224.679
2006.5 2715.03 224.986
2000.25 2701.4 225.839
1994.48 2686.91 226.384
1999.39 2681.94 228.119
2004.26 2680.89 228.752
2009.24 2675.12 229.303
2009.66 2665.99 229.848
2006.46 2655.31 230.233
2004.32 2645.78 230.844
2001.51 2634.6 231.337
2000.08 2624.29 231.998
1997.53 2612.61 232.537
1997.53 2612.61 232.537
1986.09 2588.95 231.676
1984.53 2581.76 234.04
1982.72 2573.72 234.777
1980.45 2559.14 235.307
1979.16 2551.56 235.747
1965.22 2522.26 234.411
1970.38 2518.25 236.886
1964.58 2508.15 235.901
1959.52 2497.36 235.88
1954.45 2486.41 236.348
1949.98 2475.86 236.846
1945.83 2465.96 238.023
1942.28 2454.26 238.109
1939.54 2443.72 238.615
1935.19 2424.09 239.534
1934.39 2409.36 240.095
1935.07 2402.93 240.318
1936.86 2393.3 241.592
1937.78 2388.65 241.857
1938.37 2373.48 242.27
1938.08 2362.33 243.295
1938.14 2352.53 243.797
1938.14 2343.1 244.292
1938.53 2333.92 244.889
1938.91 2325.09 245.426
1939.56 2316.82 245.908
1939.73 2307.88 246.496
1936.97 2289.48 247.03
1933.77 2270.68 247.942
1932.68 2257.62 248.105
1935.94 2270.78 246.867
1939.31 2285.46 247.336
1939.75 2287.9 247.635
1938.19 2281.4 248.556
1936.95 2270.68 249.186
1936.29 2263.7 249.603
1934.99 2250 250.178
1934.76 2238.53 250.729
1934.61 2228.17 251.298
1935.34 2219.87 251.903
1935.13 2214.36 252.434
1934.92 2207.68 252.801
1953.26 2162.59 254.84
1953.95 2162.27 254.847
1954.13 2162.18 254.847
1954.64 2162.29 254.933
1955.18 2162.23 254.94
1955.55 2162.24 254.973
1956.17 2162.21 254.974
1956.67 2162.02 254.94
1956.8 2161.96 254.94
1957.02 2161.79 254.914
1957.2 2161.68 254.944
1957.27 2161.6 254.914
1957.34 2161.53 254.912
1957.5 2161.6 254.897
1957.56 2161.52 254.879
1957.6 2161.47 254.879
1957.53 2161.39 254.879
1957.4 2161.3 254.851
1957.38 2161.32 254.879
1957.38 2161.34 254.879
1957.61 2161.42 254.978
1957.88 2161.6 254.97
1958.11 2161.81 255.001
1958.27 2161.89 255.001
1958.39 2161.89 255.001
1958.4 2161.83 255
1958.37 2161.79 254.97
1958.31 2161.73 254.969
1958.27 2161.7 254.969
1958.3 2161.65 254.969
1958.41 2161.71 255.001
1958.5 2161.74 255.001
1958.21 2159.53 255.289
1957.57 2155.37 255.523
1956.63 2140.37 256.393
1956.25 2132.48 256.669
1956 2124.85 257.001
1955.7 2108.38 257.707
1955.63 2100.93 257.907
1955.08 2092.06 258.33
1954.94 2081.64 258.884
1955.43 2060.74 259.645
1957.5 2047 260.042
1959.77 2036.68 260.599
1961.88 2029.14 260.88
1964.11 2020.46 261.373
1965.81 2009.78 261.958
1966.64 2002.5 262.354
1967.57 1994.79 262.742
1968.57 1984.56 263.422
1970.11 1968.16 263.786
1971.02 1954.86 264.284
1971.84 1949.01 264.541
1974.41 1936.9 265.284
1974.68 1977.27 262.388
1970.54 2046.25 261.972
1963.66 2079.15 262.641
1956.29 2071.24 263.536
1948.26 2068.4 263.615
1942.62 2035.64 264.295
1936.17 2044.56 263.912
1934.28 2029.36 264.911
1932.26 2000.49 265.37
1931.69 1981.6 265.544
1932.52 1961.8 265.378
1943.47 1860.13 269.287
1957.59 1799.44 269.413
1964.09 1781.83 269.356
1975.57 1757.9 269.544
1983.09 1750.36 269.511
1988.61 1747.17 269.552
1992.46 1743.22 269.615
1995.67 1737.2 269.604
1998.52 1729.04 269.575
2000 1721.99 269.596
2003.21 1707.73 269.663
1995.81 1757.37 265.508
1983.74 1820.61 265.672
1973.94 1837.06 266.406
1964.58 1838.46 266.162
1956 1833 265.776
1948.13 1823.4 265.198
1943.2 1800.41 265.636
1939.53 1780.71 266.016
1937.29 1757 266.107
1934.86 1747.63 265.272
1934.24 1732.63 266.135
1933.69 1724.87 266.125
1934.96 1700.03 266.309
1932.63 1706.44 265.488
1930.94 1707.46 265.13
1928.87 1705.02 265.578
1928.25 1693.82 266.073
1924.15 1678.87 265.905
1920.62 1664.69 265.573
1920.2 1641.88 266.318
1917.53 1640.39 265.797
1915.19 1642.77 265.041
1912.8 1642.58 265.2
1926.59 1544.53 269.471
1942.17 1487.46 269.595
1957.25 1456.86 269.851
1969.76 1442.12 270.169
1975.25 1438.25 270.333
1980.39 1434.79 270.535
1985.61 1430.36 270.86
1995.27 1418.78 271.378
2003.25 1408.34 271.666
2007.29 1403.98 271.848
2015.58 1391.19 272.467
2023.24 1379.5 272.938
2033.52 1363.87 273.635
2036.6 1359.04 273.855
2043.38 1346.33 274.536
2045.35 1342.2 274.746
2049.66 1332.35 275.305
2056.42 1317.49 276.03
2059.01 1312.34 276.327
2061.51 1308.28 276.533
2068.77 1295.57 277.249
2077.04 1282.72 277.794
2086.11 1266.97 278.528
2094.25 1254.53 278.984
2101.4 1245.21 279.436
2107.96 1236.91 279.972
2111.3 1232.88 280.193
2115.11 1226.47 280.758
2125.43 1210.79 281.446
2131.95 1201.19 281.91
2138.65 1190.99 282.473
2145.56 1180.26 283.006
2151.92 1173 283.368
2158.35 1166.49 283.817
2166.37 1158.57 284.374
2174.68 1150.56 284.834
2179.52 1145.02 285.328
2188.97 1135 285.869
2150.74 1232.89 282.127
2141.69 1250.02 283.567
2140.05 1242.66 284.91
2131.49 1252.41 283.318
2134.7 1231.87 285.305
2143.98 1204.52 286.727
2219.44 1019.31 291.631
2235.41 986.815 290.722
2250.47 970.785 290.931
2258.79 970.54 291.482
2264.73 975.411 292.064
2270.25 980.134 292.553
2274.18 979.843 293.065
2282.55 975.041 293.448
2291.51 971.425 294.1
2297.56 967.87 294.631
2304.98 962.772 295.15
2318.84 954.173 295.672
2331.41 946.331 296.16
2346.76 930.45 297.103
2353.96 927.437 297.12
2357.57 924.788 297.593
2364.32 919.896 298.147
2370.88 915.325 298.754
2377.92 909.892 299.297
2382.18 906.092 299.786
2390.44 898.977 300.259
2399.5 889.416 300.819
2404.25 883.818 301.135
2414.98 872.633 301.871
2423.25 867.378 302.308
2431.29 863.544 302.831
2440.36 858.963 303.442
2447.5 863.472 303.631
2410.1 928.769 300.049
2423.33 917.658 304.12
2437.94 904.837 304.815
2467.63 879.238 305.689
2462.04 895.713 306.068
2493.72 866.557 306.651
2518.26 847.581 307.202
2544.07 832.028 307.83
2563.64 823.954 308.327
2578.77 820.093 308.85
2585.21 819.14 309.123
2596.16 819.201 309.74
2609.06 816.847 310.405
2615.14 815.98 310.644
2622.28 814.185 311.19
2637.92 810.201 312.037
2644.53 812.714 312.358
2667.32 801.337 312.703
2672.31 806.68 313.247
2683.96 805.899 313.89
2696.62 802.402 314.517
2708.12 798.501 315.151
2718.85 794.871 315.678
2730.85 787.96 316.269
2744.21 782.725 316.853
2747.54 782.068 316.942
2756.93 779.417 317.657
2767.87 775.218 318.241
2781.88 768.728 318.86
2794.13 762.421 319.374
2799.02 759.996 319.689
2803.47 757.668 320.084
2806.64 756.398 320.32
2814.63 752.948 321.29
2821.74 750.738 321.783
2828.52 748.962 322.245
2835.99 746.82 322.731
2845.8 743.265 323.369
2857.12 740.218 323.908
2868.52 737.65 324.37
2875.36 735.959 324.832
2888.9 732.889 325.434
2896.92 730.987 325.991
2913.08 727.179 326.717
2920 725.627 326.956
2928.74 722.687 327.597
2937.87 719.589 328.127
2947.11 716.675 328.672
2956.11 714.361 329.142
2979.37 710.776 330.049
2985.82 710.509 330.329
2991.41 710.865 330.598
2997.42 711.366 331.053
3004.45 711.592 331.524
3030.25 710.425 332.671
3037.19 710.843 332.916
3050.13 711.787 333.385
3055.65 712.589 333.653
3075.36 714.245 334.871
3082.25 714.921 335.185
3096.37 715.813 335.968
3109.99 716.188 336.506
3125.64 713.742 337.504
3136.99 711.947 338.135
3145.44 709.524 338.426
3158.86 707.76 339.167
3167.27 708.284 339.704
3174.01 709.864 340.327
3181.3 710.984 340.921
3188.18 712.885 341.417
3193.31 716.417 341.813
3201.23 719.498 342.454
3213.08 721.473 343.021
3219.79 722.53 343.383
3237.4 722.87 343.952
3237.4 722.87 343.952
3255.34 721.843 345.03
3270.78 721.166 345.565
3276.66 721.418 345.817
3284.82 723.63 346.457
3294.6 725.676 347.073
3298.46 727.292 347.384
3305.46 728.45 347.907
3322.81 730.448 348.75
3329.38 732.167 348.96
3336.71 734.327 349.436
3352.81 737.999 350.242
3364.24 743.158 350.713
3374.49 747.284 351.278
3385.03 751.765 351.885
3396.12 755.271 352.338
3404.84 759.955 352.734
3417.1 764.274 353.31
3429.65 768.8 353.954
3430.03 771.691 354.025
3441.43 776.054 354.8
3450.72 780.2 354.715
3469.2 782.824 355.511
3478.15 786.647 355.964
3485.31 791.169 356.461
3495.16 792.864 357.062
3505.88 795.073 357.683
3521.49 799.704 358.264
3527.29 804.817 358.804
3553.07 835.821 359.928
3553.06 836.071 359.928
3553.03 836.039 0.0994406
3552.98 835.804 0.304746
3552.96 835.608 0.317931
3552.95 835.446 0.316598
3552.95 835.315 0.313162
3552.96 835.207 0.318583
3552.96 835.118 0.319643
3552.97 835.046 0.319516
3552.97 834.986 0.251219
3552.97 834.938 0.281445
3552.97 834.917 0.227514
3547.26 834.693 0.269981
3554.16 834.723 0.106674
3575.71 834.796 0.282254
3586.02 834.832 0.174897
3601.82 834.358 359.961
3618.1 834.035 0.170175
3624.82 834.135 0.192578
3633.07 835.911 0.678297
3656.85 838.923 0.90978
3670.16 841.231 0.87953
3689.66 846.039 0.891624
3693.52 848.548 0.752699
3681.18 850.999 0.0813918
3700.21 852.567 0.745516
3700.21 852.567 0.745516
3699.49 850.508 0.0868353
3705.2 849.21 0.0557741
3718.34 847.222 0.28557
3735.14 850.312 0.410995
3738.51 850.718 0.10459
3749.22 852.114 0.0897688
3753.28 853.122 0.0889263
3766.38 854.163 0.0892414
3775.53 854.989 0.0890832
3795.31 855.708 0.08959
3802.28 855.917 359.644
3809.11 856.772 359.674
3812.58 856.77 359.619
3832.21 853.798 0.0158968
3859.76 853.346 0.00284624
3868.28 850.772 0.0465351
3880.74 846.496 359.759
3893.92 844.485 359.525
3901.58 844.552 359.535
3910.47 844.26 359.506
3923.25 843.597 359.323
3937.2 842.997 359.364
3945.8 842.023 359.19
3953.09 841.867 359.092
3958.91 841.328 358.965
3963.98 840.006 358.912
3971.65 839.443 359.107
3983.2 839.181 359.137
3991.17 838.209 358.991
3996.38 837.588 358.945
4011.66 836.474 358.847
4022.01 835.04 358.691
4035.16 833.818 358.713
4049.25 833.746 358.684
4057.5 833.817 358.709
4075.87 834.092 358.605
4095.34 835.029 358.702
4106.17 835.108 358.572
4116.35 834.337 358.521
4120.25 834.108 358.528
4129.88 833.179 358.47
4136.63 830.707 358.379
4144.28 828.8 358.399
4146.69 827.86 358.351
4157.1 826.321 358.32
4167.47 825.853 358.253
4178.32 825.097 358.285
4185.15 825.05 358.19
4187.24 824.907 358.129
4203.68 824.988 358.242
4219.95 824.491 358.167
4230.6 822.968 358.05
4240.69 822.238 358.064
4249.44 821.614 358.134
4258.24 820.731 358.066
4269.25 820.172 358.101
4278.19 818.825 358.084
4290.05 819.043 358.242
4297.76 818.71 358.192
4311.13 817.937 358.293
4325.55 818.17 358.39
4332.27 817.213 358.336
4344.41 815.625 358.409
4352 814.402 358.463
4357.19 814.119 358.526
4364.62 813.719 358.633
4376.05 813.034 358.363
4382.51 812.7 358.42
4395.43 811.733 358.798
4401.84 812 358.824
4416.51 811.855 358.904
4431.1 810.867 358.937
4438.47 810.636 359.03
4451.28 809.731 359.103
4461.39 808.787 359.142
4472.29 807.427 359.228
4483.64 806.849 359.353
4494.77 806.598 359.388
4501.45 806.206 359.456
4508.64 806.579 359.457
4527.08 807.234 359.567
4534.51 807.708 359.708
4544.28 807.661 359.558
4554.72 807.609 359.64
4558.65 807.3 359.701
4575.06 807.766 359.837
4579.65 808.025 359.632
4588.34 807.71 359.785
4602.26 805.369 0.071018
4609.32 804.5 0.0458622
4628.78 803.681 0.255904
4639.81 803.758 0.31832
4648.29 801.992 0.116932
4652.82 801.823 0.097711
4665.05 802.605 0.458754
4674.09 804.531 0.276886
4678.89 804.99 0.279845
4693.66 807.623 0.825055
4706.54 809.451 1.03463
4709.8 809.874 0.718754
4725.24 812.135 1.19592
4738.8 814.612 1.39324
4747.83 815.335 1.15282
4754.53 816.388 1.6483
4768.37 818.703 1.90998
4776.74 819.977 2.07934
4781.7 821.745 2.01829
4791.85 823.51 2.42197
4804.66 825.584 2.77964
4816.18 827.745 3.02259
4825.19 828.823 3.31512
4836.14 830.915 3.31303
4846.85 833.447 3.83754
4847.11 835.829 4.0117
4860.06 840.051 4.42438
4866.43 842.348 4.55413
4871.17 845.147 4.58213
4881.44 850.002 5.38906
4893.58 853.405 5.84248
4899.96 856.265 6.21492
4906.59 860.737 6.63945
4915.15 862.508 7.18237
4922.02 864.275 7.55243
4931.21 867.288 7.97687
4951.33 875.053 8.74237
4966.19 882.923 9.27975
4973.06 889.829 9.52711
4982.64 895.943 9.97551
4984.74 901.132 10.42
4994.1 906.517 10.9969
4993.56 912.127 11.3233
4996.05 915.159 11.7352
5008.27 921.156 12.3065
5012.12 924.521 12.5308
5024.02 931.989 13.1782
5033.72 939.063 13.584
5038.81 943.224 14.1047
5050.85 948.32 14.8129
5059.9 953.052 15.0411
5070.7 961.983 15.5779
5078.17 966.932 16.0163
5095.44 976.325 16.5974
5109.58 985.471 17.1797
5115.14 992.585 17.4549
5125.89 1000.73 18.1539
5124.33 1008.35 18.498
5131.01 1017.13 19.1993
5132.11 1024.51 19.5823
5136.18 1032.23 20.0748
5143.87 1040.33 20.5758
5155.84 1045.72 21.2587
5171 1055.5 21.8289
5183.94 1064.44 22.3686
5187.69 1071.06 22.7643
5195.43 1078.76 23.2884
5201.93 1086.88 23.8502
5215.02 1096.46 24.418
5218.55 1104.36 24.9482
5221.23 1112.1 25.3111
5224.65 1120.18 25.8325
5226.67 1124.17 26.1021
5231.6 1129.48 26.6902
5237.39 1135.33 27.237
5248.02 1147.3 27.9949
5255.59 1157.6 28.5333
5264.83 1167.42 29.2922
5268.98 1171.05 30.0672
5278.36 1177.88 30.5909
5278.25 1179.49 30.9598
5280.37 1183.08 31.5089
5287.81 1192.6 32.1737
5289.59 1196.43 32.2722
5304.34 1210.03 33.1729
5309.72 1215.68 33.7242
5315.12 1222.87 34.2949
5324.52 1231.57 34.9472
5331.36 1239.07 35.4819
5335.77 1246.38 36.0246
5338.71 1255.02 36.6058
5341.57 1261.59 37.1926
5345.09 1269.06 37.7144
5350.16 1277.25 38.2327
5353.5 1284.9 38.4869
5361.43 1302 39.3874
5358.87 1311.13 39.7026
5359.78 1317.32 40.1938
5366.37 1327.8 40.9752
5373.22 1343 41.4032
5378.33 1351.65 41.9189
5380.3 1357.88 42.3408
5379.61 1412.03 44.2262
5379.03 1412.37 44.2264
5378.54 1412.71 44.2266
5378.23 1413.1 44.2348
5378.05 1413.58 44.2478
5377.81 1414.31 44.2674
5377.69 1414.59 44.2674
5377.56 1414.83 44.2673
5377.44 1415.04 44.2673
5377.24 1415.48 44.262
5377.12 1415.79 44.2684
5377.06 1415.94 44.2549
5376.94 1416.16 44.2544
5376.67 1416.26 44.2483
5376.59 1416.34 44.2426
5376.32 1416.39 44.234
5376.11 1416.48 44.2342
5375.8 1416.42 44.2309
5375.8 1416.58 44.2373
5375.77 1416.61 44.2321
5375.87 1416.87 44.237
5375.98 1417.07 44.2381
5375.95 1417.1 44.2458
5375.98 1417.13 44.2462
5375.98 1417.2 44.2381
5375.98 1417.15 44.246
5375.98 1417.17 44.2459
5375.91 1417.19 44.2566
5373.43 1416.43 44.2524
5382.44 1427.98 44.9569
5384.75 1434.53 45.1283
5388.99 1442.61 45.4528
5392.77 1449.88 45.7146
5393.96 1452.7 45.8048
5396.98 1458.69 46.1467
5401.83 1466.17 46.678
5406.91 1472.18 47.23
5413.63 1479.84 47.6601
5424.05 1492.51 47.9012
5429.45 1499.87 48.1051
5436.34 1508.86 48.6352
5442.35 1516.22 49.1804
5458.06 1535.15 49.9351
5461.27 1540.04 49.8739
5464.89 1545.76 50.1906
5473.65 1559.24 50.7956
5479.58 1568.15 51.2913
5489.01 1583.98 51.6773
5492.61 1591.27 51.9764
5494.67 1597.04 52.0912
5498.66 1610.69 52.7212
5507.5 1625.97 54.0781
5517.62 1638.42 54.4834
5523.41 1645.37 54.7579
5528.28 1651.11 55.1904
5532.97 1658.38 55.6891
5537.06 1665.8 56.0701
5538.87 1669.71 56.2482
5541.59 1675.29 56.5815
5549.21 1690.27 57.2123
5553.58 1699.27 57.6275
5559.22 1713.4 58.0096
5562.93 1724.48 58.4958
5565.62 1734.26 58.9363
5569.53 1745.44 59.4451
5571.29 1750.83 59.721
5574.44 1763.28 60.3126
5575.85 1774.1 60.7239
5577.4 1786.77 61.2496
5578.55 1799.37 61.798
5578.64 1808.9 62.3105
5577.18 1816.83 62.6582
5577.38 1826.63 63.225
5574.28 1833.42 63.3898
5568.63 1837.8 63.8156
5567 1842.41 64.2067
5565.8 1847.53 64.481
5565.45 1854.97 64.9944
5565.09 1871.02 65.7765
5563.09 1881.84 66.1903
5560.41 1890.11 66.6482
5555.04 1897.49 67.1711
5551.25 1907.69 67.6601
5549.53 1920.38 68.1157
5541.52 1932.58 67.8292
5533.89 1948.4 68.3993
5526.98 1963.59 68.9166
5522.45 1969.11 69.0943
5511.04 1979.25 69.5712
5510.41 1996.61 70.1054
5513.2 2007.76 70.5452
5510.74 2016.45 71.0097
5505.49 2024.99 71.2961
5510.51 2059.5 71.9353
5507.02 2063.88 72.0727
5509.8 2074.87 72.5853
5514.99 2098.62 73.3023
5511.78 2104 73.6257
5513.07 2109.44 73.928
5514.33 2114.83 74.1541
5516.75 2125.78 74.623
5519.27 2141.14 75.1856
5519.91 2150.1 75.5596
5517.56 2153.51 75.6919
5518.64 2168.18 76.413
5518.64 2168.18 76.413
5520.3 2191.12 77.0939
5517.27 2200.18 77.105
5514.36 2208.59 77.5104
5509.18 2215.83 77.7798
5509.18 2215.83 77.7798
5505.35 2229.53 78.4089
5503.73 2244.79 78.7198
5501.87 2250.14 78.8622
5500.28 2257.41 79.2417
5497.53 2274.2 79.7272
5494.63 2287.94 80.0309
5491.15 2298.87 80.3111
5489.66 2304.62 80.4769
5488.73 2311.83 80.7101
5489 2332.01 81.1524
5489.72 2341.26 81.2969
5490.39 2360.23 81.6625
5489.5 2374.87 81.9063
5488.44 2380.47 82.044
5486.75 2396.54 82.5124
5481.44 2408.84 82.6009
5476.17 2420.89 82.8632
5471.35 2431.82 83.0617
5467.29 2441.66 83.2666
5463.53 2449.76 83.5343
5461.13 2460.53 83.806
5459.39 2472.16 84.0579
5458.94 2479.72 84.3024
5457.94 2493.04 84.5745
5457.26 2499.38 84.65
5455.73 2516.6 85.1084
5453.89 2531.6 85.4317
5452.73 2539.74 85.6821
5451.55 2548.93 85.9533
5450.17 2558.47 86.3007
5447.35 2572.03 86.9203
5445.71 2580.57 87.3113
5444.42 2587.21 87.6785
5440.68 2586.77 87.8599
5434.65 2584.48 88.2608
5431.64 2587.69 88.6544
5425.84 2596.2 89.0502
5423.06 2603.18 89.532
5417.42 2616.59 90.0166
5414.58 2622.9 90.2345
5409.09 2639.05 90.962
5406.22 2646.32 91.2025
5399.87 2661.71 91.9213
5393.58 2673.67 92.3598
5390.06 2680.83 92.826
5383.59 2693.73 93.3664
5378.21 2706.15 93.9265
5373.48 2717.83 94.4058
5368.62 2728.76 94.8333
5362.79 2737.24 95.2461
5357.9 2747.82 96.01
5350.92 2755.72 96.4241
5343.71 2764.2 96.9236
5339.93 2770.14 97.3659
5332.33 2781.38 97.8704
5328.27 2788.99 98.4862
5320.95 2801.9 99.0596
5317.12 2808.73 99.5774
5313.98 2819.29 100.343
5308.61 2828.3 100.727
5300.07 2844.94 101.491
5292.77 2855.85 101.826
5284.91 2862.25 102.334
5281.59 2864.65 102.808
5277.48 2869.1 103.353
5269.51 2876.87 103.913
5261.92 2883.9 104.454
5259.53 2889.38 104.99
5256.31 2896.2 105.513
5248.54 2910.12 106.331
5244.46 2916.07 106.626
5233.58 2930.06 107.416
5222.9 2940.73 107.921
5212.9 2949.24 108.436
5203.42 2956.84 108.932
5198.54 2961.3 109.423
5194.27 2964.78 109.691
5190.13 2969 110.191
5181.15 2979.14 110.973
5173.05 2988.02 111.542
5168.09 2994.11 112.059
5133.58 3022.25 113.911
5133.56 3021.95 113.907
5133.29 3021.77 113.916
5133.11 3021.84 113.942
5133.01 3021.92 113.946
5132.88 3022.11 113.95
5132.76 3022.33 113.953
5132.67 3022.49 113.953
5132.6 3022.59 113.953
5132.55 3022.66 113.953
5132.5 3022.71 113.953
5132.49 3022.71 113.953
5132.48 3022.7 113.953
5132.48 3022.68 113.953
5132.48 3022.67 113.953
5132.48 3022.65 113.953
5132.46 3022.61 113.95
5132.42 3022.63 113.947
5132.4 3022.62 113.937
5132.38 3022.61 113.937
5132.42 3022.47 113.935
5132.52 3022.17 113.937
5132.52 3022.17 113.937
5132.56 3021.87 113.936
5132.56 3021.87 113.936
5129.53 3024.62 114.326
5123.71 3031.56 114.93
5111.69 3045.58 115.422
5105.39 3052.87 115.786
5095.44 3062.8 116.007
5091.37 3066.71 116.233
5087.5 3070.64 116.453
5082.12 3076.96 116.959
5069.94 3091.01 117.657
5064.42 3097.09 117.941
5064.42 3097.09 117.941
5052.13 3110.81 118.694
5044.85 3119.11 119.234
5044.85 3119.11 119.234
5031.71 3133.73 119.92
5025.74 3140.19 120.271
5015.9 3149.94 120.765
5007.42 3157.77 121.19
5003.19 3162.03 121.562
4998.77 3166.8 121.925
4990.47 3175.19 122.329
4985.75 3179.95 122.744
4980.3 3185.39 123.154
4970.89 3193.58 123.538
4965.71 3198.41 123.915
4956.22 3207.09 124.374
4950.71 3212.77 124.771
4941.12 3222.07 125.153
4933.2 3228.62 125.538
4929.26 3231.63 125.742
4923.6 3236.11 126.181
4916.31 3241.71 126.614
4908.06 3247.98 127.003
4891.22 3260.31 127.562
4877.79 3269.38 127.961
4868.35 3275.12 128.341
4864.23 3277.2 128.713
4857.6 3279.41 129.142
4851.63 3282.07 129.35
4840.39 3286.38 129.748
4829.45 3290.49 130.11
4822.57 3294.03 130.487
4814.9 3298.97 130.949
4807.77 3303.3 131.176
4800.57 3308.01 131.597
4793.09 3313.09 131.995
4779.57 3319.91 132.599
4773.74 3322.09 132.809
4762.2 3326.04 133.468
4753.22 3327.85 133.933
4745.29 3329.21 134.394
4738.38 3330.28 134.852
4731.63 3331.37 135.304
4727.76 3332.44 135.53
4717.38 3336.69 136.284
4707.43 3340.68 136.75
4698.03 3344.77 137.251
4689.09 3349.14 137.749
4680.42 3353.88 138.303
4674.67 3357.33 138.825
4664.45 3361.94 139.214
4659.9 3363.77 139.485
4649.38 3367.47 140.204
4643.58 3369.37 140.662
4636.67 3372.08 141.189
4617.47 3378.8 142.072
4606.42 3381.93 142.563
4601.58 3383.06 142.784
4591.53 3385.15 143.507
4580.26 3387.45 144.089
4574.65 3388.61 144.353
4564.16 3390.31 144.909
4556.15 3391.33 145.612
4546.07 3392.07 145.862
4530.86 3394.41 146.682
4524.77 3395.4 146.962
4516.04 3397.77 147.689
4509.5 3400.03 148.167
4495.69 3403.41 148.693
4488.51 3405.09 149.03
4472.95 3408.4 149.882
4461.64 3410.31 150.325
4452.9 3412.1 150.93
4448.5 3413.45 151.238
4440.79 3416.43 151.826
4429.94 3421.66 152.576
4422.8 3423.3 153.079
4417.12 3424.43 153.602
4413.08 3425.09 153.926
4404.85 3426.35 154.609
4387.68 3429.7 155.382
4373.19 3430.4 155.834
4365.9 3431.54 156.358
4349.73 3431.85 156.97
4342.64 3431.72 157.24
4335.44 3431.64 157.712
4320.05 3431.67 158.481
4312.64 3431.58 158.776
4295.76 3431.81 159.54
4282.33 3431.07 160.021
4270.67 3429.86 160.548
4262.93 3429.72 161.058
4263.2 3428.86 161.625
4261.79 3427.43 162.109
4256.53 3426.65 162.602
4251.52 3426.3 163.029
4239.69 3425.78 163.62
4226.31 3424.82 164.178
4213.95 3423.06 164.662
4206.41 3422.11 165.119
4191.72 3419.62 165.673
4177.49 3416.47 166.251
4165.22 3412.95 166.747
4154.5 3409.31 167.222
4129.2 3382.29 168.421
4129.27 3380.99 168.421
4129.08 3380 168.421
4128.86 3379.58 168.44
4128.29 3378.91 168.448
4127.89 3378.35 168.448
4127.75 3378.11 168.448
4127.58 3377.67 168.439
4127.5 3377.26 168.439
4127.46 3377.11 168.448
4127.44 3376.82 168.439
4127.42 3376.57 168.439
4127.46 3376.39 168.43
4127.59 3376.31 168.422
4127.7 3376.24 168.422
4127.77 3376.18 168.422
4127.83 3376.08 168.422
4127.71 3376.05 168.415
4127.67 3376.01 168.415
4127.65 3375.97 168.415
4127.51 3375.97 168.407
4127.38 3375.97 168.407
4127.33 3375.97 168.407
4127.31 3375.95 168.407
4126.3 3376.03 168.498
4119.85 3377.22 168.872
4104.51 3379.62 169.401
4085.98 3382.69 169.961
4068.01 3385 170.412
4054.41 3385.62 170.697
4046.5 3384.91 170.905
4043.08 3384.34 171.152
4034.34 3383.27 171.64
4022.69 3382.24 172.129
4016.34 3382.01 172.447
4009.8 3382.03 172.744
3999.77 3381.82 173.106
3989.68 3381.54 173.58
3984.5 3381.32 173.793
3976.99 3381.56 174.178
3969.31 3381.57 174.527
3960.48 3381.38 174.916
3942.12 3380.33 175.537
3934.69 3379.57 175.741
3926.52 3378.58 176.073
3907.11 3376.21 176.711
3898.31 3374.71 176.826
3880.76 3371.29 177.141
3868.73 3368.32 177.272
3858.86 3365.93 177.4
3849.91 3363.53 177.551
3845.96 3362.08 177.613
3835.35 3359.83 177.768
3828.58 3358.93 177.843
3816.62 3357.14 177.906
3805.15 3355.43 177.989
3797.37 3354.74 178.09
3787.83 3353.95 178.178
3777.39 3353.59 178.276
3766.91 3353.27 178.34
3756.68 3353.07 178.429
3746.56 3352.66 178.518
3727.05 3351.86 178.656
3713.98 3350.86 178.719
3703.93 3349.65 178.805
3694.33 3348.51 178.916
3683.53 3347.71 178.983
3676.62 3347.44 179.083
3664.68 3347.01 179.163
3654.78 3346.42 179.242
3645.3 3345.55 179.368
3635.66 3344.39 179.461
3625.84 3343 179.547
3615.74 3341.51 179.614
3604.58 3340.01 179.721
3593.35 3338.46 179.821
3583.12 3337.11 179.876
3574.47 3336.68 179.909
3570.7 3337.11 179.932
3565.76 3337.76 179.952
3559.68 3338.45 179.984
3552.78 3339.11 180
3545.04 3339.67 179.992
3536.6 3340.15 180.028
3527.67 3340.5 180.046
3510.6 3340.95 180.076
3503.81 3341.19 180.06
3495.14 3341.27 180.071
3485.51 3341.21 180.058
3466.85 3341.08 180.047
3453.49 3340.93 180.066
3445.52 3340.91 180.065
3438.21 3340.93 180.076
3429.41 3340.98 180.052
3411.09 3340.98 180.068
3397.42 3340.54 180.056
3385.72 3339.73 180.031
3374.92 3338.26 180.049
3364.34 3336.36 180.026
3353.61 3334.49 180.02
3342.61 3333.02 180.039
3335.04 3332.49 180.018
3325.96 3332.37 180.032
3318.13 3332.36 180.017
3309.6 3332.34 180.006
3299.47 3332.33 180.021
3278.77 3332.29 180.007
3262.92 3332.27 180.015
3252.47 3332.66 179.98
3247.97 3333.07 179.958
3240.95 3333.86 179.984
3232.55 3334.94 179.975
3222.31 3336.29 180.003
3202.21 3338.69 180
3194.4 3339.54 180.001
3178.29 3340.54 180.009
3164.16 3340.99 180.001
3151.72 3340.72 179.985
3140.06 3339.43 179.993
3130.49 3338.3 179.986
3122.6 3337.68 179.981
3115.97 3337.99 179.966
3112.06 3338.44 179.965
3100.45 3339.52 179.943
3089.8 3340.34 179.959
3080.02 3340.97 179.961
3073.27 3341.14 179.95
3060.36 3341.38 179.986
3049.96 3341.22 180.041
3040.16 3341.57 180.051
3032.6 3341.63 180.09
3025.27 3341.56 180.106
3015.94 3341.33 180.181
2996.51 3340.94 180.248
2986.41 3340.84 180.306
2966.62 3340.89 180.396
2958.86 3340.96 180.408
2945.35 3341.19 180.475
2931.27 3340.59 180.57
2925.68 3340.21 180.597
2913.2 3338.65 180.713
2902.64 3337.02 180.759
2891.09 3335.17 180.813
2885.76 3334.37 180.864
2878.99 3333.7 180.905
2871.14 3333.07 180.967
2862.5 3332.57 180.999
2842.29 3331.11 181.035
2836.41 3330.41 181.08
2829.66 3329.44 181.08
2821.86 3328.54 181.077
2813.29 3327.69 181.033
2803.55 3327.12 180.967
2793.17 3326.88 180.924
2782.77 3326.95 180.869
2763.02 3327.35 180.791
2749.78 3327.48 180.717
2739.46 3327.38 180.632
2729.08 3326.16 180.607
2719.18 3324.51 180.553
2710.2 3322.84 180.51
2700.94 3321.47 180.375
2691.44 3320.91 180.307
2683.67 3321.49 180.217
2680.64 3322.17 180.147
2675.64 3323.29 180.072
2663.48 3325.9 179.911
2650.65 3328.08 179.832
2639.99 3330.09 179.757
2630.54 3331.82 179.674
2624.14 3332.54 179.617
2615.78 3333.33 179.585
2600.84 3334.78 179.615
2591.92 3335.34 179.668
2576.87 3336.22 179.697
2564.61 3336.89 179.754
2553.28 3337.41 179.83
2545.1 3337.78 179.887
2535.42 3338.19 179.967
2524.87 3338.49 180.063
2508.92 3338.74 180.19
2496.53 3338.48 180.396
2489.89 3337.75 180.653
2482.71 3336.62 180.891
2472.07 3334.06 181.176
2462.82 3331.14 181.48
2453.09 3328.16 181.768
2444.22 3325.46 182.046
2438.36 3324.05 182.31
2427.8 3320.88 182.64
2420.54 3319.07 182.909
2408.07 3315.26 183.202
2402.33 3313.29 183.361
2395.16 3311.17 183.671
2386.35 3309.01 184.044
2375.9 3306.93 184.436
2365.32 3304.99 184.776
2354.34 3302.96 185.157
2343.09 3300.44 185.564
2332.88 3297.43 185.958
2322.89 3293.12 186.416
2322.6 3291.86 186.604
2316.62 3290 187.671
2310.24 3287.41 188.061
2301.44 3283.69 188.575
2290.97 3279.01 189.163
2280.59 3273.95 189.669
2270.78 3268.88 190.151
2263.88 3262.84 190.301
2257.63 3257.73 190.788
2250.84 3253.29 191.335
2242.99 3248.7 191.929
2238.78 3246.31 192.191
2232.61 3243.05 192.763
2218.89 3234.95 193.676
2208.12 3226.98 194.218
2197.89 3219 194.852
2192.16 3214.62 195.426
2182.39 3206.31 195.843
2174.08 3198.49 196.419
2165.7 3190.51 197.043
2161.1 3186.45 197.356
2149.3 3177.37 198.115
2143.91 3173.16 198.38
2130.73 3164 199.27
2120.95 3155.42 199.822
2112.41 3148.92 200.682
2104.85 3142.24 201.214
2099.21 3137.92 201.673
2087.99 3127.38 201.938
2075.84 3116.6 202.544
2065.03 3106.48 203.098
2060.2 3101.03 203.562
