x y phi
3366.83 3856.3 181.096
3366.88 3856.32 181.1
3366.08 3856.46 181.214
3361.41 3856.71 181.566
3345.75 3857.26 181.824
3328.86 3856.96 181.878
3318.91 3856.49 181.901
3302.8 3855.47 181.905
3297.11 3854.94 181.911
3286.39 3853.85 181.919
3277.11 3853.31 181.931
3264.82 3852.27 181.941
3252.02 3851.32 181.922
3234.26 3849.76 181.929
3223.26 3848.27 181.911
3214.16 3847.01 181.923
3193.59 3845.97 181.655
3193.59 3845.97 181.655
3193.75 3846 181.668
3193.92 3845.98 181.668
3193.97 3845.96 181.668
3194.01 3845.93 181.671
3194.03 3845.9 181.671
3194.04 3845.88 181.671
3194.04 3845.85 181.671
3193.97 3845.85 181.669
3193.98 3845.82 181.671
3193.99 3845.81 181.671
3193.93 3845.69 181.676
3193.92 3845.66 181.674
3193.91 3845.61 181.676
3193.93 3845.61 181.671
3193.95 3845.61 181.671
3193.93 3845.57 181.676
3193.93 3845.55 181.674
3193.8 3845.49 181.68
3193.75 3845.45 181.674
3193.61 3845.39 181.683
3193.44 3845.35 181.684
3193.34 3845.34 181.691
3193.37 3845.32 181.684
3193.46 3845.33 181.68
3193.48 3845.33 181.682
3193.35 3845.3 181.684
3193.22 3845.28 181.683
3193.1 3845.27 181.694
3193.01 3845.26 181.695
3192.95 3845.25 181.695
3192.91 3845.24 181.695
3192.89 3845.24 181.695
3192.89 3845.24 181.695
3192.85 3845.23 181.688
3192.86 3845.22 181.694
3192.88 3845.22 181.695
3192.9 3845.22 181.695
3192.91 3845.25 181.685
3192.92 3845.26 181.685
3192.89 3845.25 181.688
3192.87 3845.24 181.688
