x y phi
8239.03 2532.14 152.701
8238.97 2532.17 152.7
8238.65 2532.33 152.739
8238.57 2532.32 152.763
8238.23 2532.49 152.781
8238.14 2532.54 152.781
8238.08 2532.58 152.779
8238.08 2532.58 152.779
8238.06 2532.61 152.779
8238.06 2532.63 152.779
8238.07 2532.63 152.779
8238.09 2532.64 152.779
8238.11 2532.64 152.779
8238.13 2532.64 152.779
8238.15 2532.63 152.779
8238.17 2532.63 152.779
8238.18 2532.63 152.779
8238.19 2532.63 152.779
8238.2 2532.64 152.779
8238.21 2532.67 152.781
8238.21 2532.68 152.783
8238.21 2532.67 152.783
8238.22 2532.68 152.779
8238.22 2532.67 152.783
8238.22 2532.67 152.779
8238.22 2532.68 152.783
8238.22 2532.67 152.783
8238.22 2532.67 152.783
8238.3 2532.65 152.788
8238.3 2532.66 152.791
8238.29 2532.68 152.791
8238.29 2532.69 152.791
8238.29 2532.7 152.791
8238.28 2532.71 152.791
8238.28 2532.72 152.791
8238.28 2532.74 152.791
8238.22 2532.77 152.785
8238.14 2532.81 152.785
8238.12 2532.82 152.785
8238.11 2532.83 152.785
8238.1 2532.83 152.785
8238.1 2532.83 152.785
8238.1 2532.83 152.785
8238.1 2532.82 152.785
8238.04 2532.86 152.788
8237.99 2532.87 152.79
8237.61 2533.1 152.782
8232.37 2536.26 152.737
8219.19 2542.81 152.667
8208.38 2548.52 152.622
8197.03 2554.77 152.583
8187.28 2560.3 152.604
8177.98 2565.78 152.623
8169.94 2570.54 152.64
8162.32 2574.7 152.658
8152.55 2579.5 152.798
8141.3 2584.9 152.989
8120.83 2594.58 153.173
8112.75 2598.34 153.254
8106.73 2601.05 153.298
8100.7 2603.71 153.396
8093.24 2607.14 153.579
8078.61 2614.36 153.815
8073.24 2617.09 153.862
8068.26 2619.67 153.966
8062.26 2622.71 154.087
8046.41 2630.68 154.364
8038.44 2634.55 154.468
8030.58 2638.48 154.597
8022 2642.82 154.767
8012.85 2647.45 154.895
8012.85 2647.45 154.895
8004.06 2651.99 155.057
7991.85 2658.14 155.296
7980.06 2663.67 155.447
7968.33 2668.75 155.601
7957.12 2673.27 155.74
7946.48 2677.26 155.86
7936.15 2680.83 155.985
7925.91 2684.06 156.106
7910.93 2688.28 156.232
7903.21 2690.42 156.356
7895.53 2692.69 156.477
7886.92 2695.23 156.585
7872.52 2699.26 156.739
7866.12 2700.95 156.793
7850.99 2705.26 156.965
7841.72 2707.96 157.08
7829.99 2711.04 157.202
7818.25 2713.6 157.331
7807.44 2716.17 157.429
7792.53 2719.35 157.532
7785.49 2721.51 157.654
7777.57 2724.63 157.813
7768.57 2728.5 157.957
7755.81 2733.47 158.073
7746.65 2736.48 158.212
7739.66 2738.52 158.397
7731.27 2740.81 158.549
7722.86 2742.91 158.671
7714.78 2744.63 158.813
7707.3 2746.15 158.885
7691.71 2750.19 159.123
7684.54 2752.72 159.263
7677.36 2755.04 159.389
7666.76 2758.34 159.564
7661.29 2760.1 159.715
7654.97 2762.19 159.855
7648.23 2764.4 159.988
7641.17 2766.65 160.145
7633.24 2769.22 160.292
7624.74 2772.32 160.447
7615.55 2775.72 160.6
7606.25 2779.35 160.74
7592.8 2784.69 160.88
7586.37 2787.11 161.02
7578.83 2789.89 161.159
7570.38 2792.94 161.321
7561.43 2796.02 161.467
7541.72 2801.11 161.878
7532.33 2801.36 162.04
7527.91 2801.4 162.093
7522.55 2801.86 162.21
7515.3 2804.11 162.057
7507.15 2806.62 162.088
7485.49 2813.14 162.039
7477.06 2815.64 161.978
7463.7 2818.46 162.006
7456.22 2819.5 161.801
7438.99 2822.01 161.392
7428.1 2824.04 161.085
7410.61 2827.03 160.734
7399.14 2828.57 160.347
7395.27 2829.17 160.168
7407.51 2910.28 149.935
7408.36 2911.54 149.936
7409 2912.59 149.935
7409.33 2913.07 149.961
7410.06 2913.15 149.997
7410.97 2913.14 149.999
7411.83 2913.05 149.996
7412.44 2913.13 149.996
7413.24 2913.36 149.998
7413.64 2913.97 149.996
7413.69 2914.16 149.998
7413.72 2914.37 149.996
7413.75 2914.56 149.996
7413.77 2914.73 149.996
7413.8 2914.9 149.995
7413.79 2915.07 149.999
7413.84 2915.2 149.995
7413.89 2915.31 149.995
7413.94 2915.41 149.995
7414.03 2915.58 149.995
7414.07 2915.65 149.995
7414.04 2915.71 150.001
7414.15 2915.7 150.005
7414.22 2915.66 150.007
7414.36 2915.61 150.014
7414.77 2915.39 150.037
7415.07 2915.22 150.038
7415.29 2915.1 150.038
7415.44 2915.02 150.038
7415.53 2914.98 150.038
7414.7 2915.72 149.996
7412.17 2917.93 149.865
7407.94 2921.37 149.689
7402.09 2925.79 149.496
7394.74 2930.99 149.226
7385.99 2936.92 148.913
7375.77 2943.8 148.635
7356.09 2957.5 148.183
7346.92 2964.19 147.889
7333.02 2974.96 147.566
7323.07 2983.52 147.244
7315.35 2990.9 146.938
7308.76 2997.3 146.644
7304.01 3001.89 146.335
7295.8 3011.08 145.988
7288.33 3020.3 145.672
7284.59 3025.21 145.489
7279.92 3030.97 145.201
7274.31 3037.59 144.914
7267.39 3045.31 144.58
7253.31 3061.83 144.082
7246.49 3070.41 143.719
7240.64 3078.03 143.509
7234.02 3086.5 143.164
7227.36 3095.1 142.839
7220.36 3104.05 142.537
7213.18 3113.24 142.236
7205.82 3122.74 141.88
7198.56 3132.39 141.559
7192.89 3140.68 141.386
7187.09 3149.28 141.072
7180.84 3158.02 140.767
7174.3 3167.1 140.449
7167.67 3176.65 140.12
7160.52 3186.63 139.77
7152.37 3197.02 139.401
7143.66 3207.49 139.086
7134.27 3218.15 138.798
7125.67 3228.36 138.481
7125.67 3228.36 138.481
7118.38 3238.2 138.162
7110.14 3250.48 137.478
7103.68 3261.73 137.139
7097.3 3272.71 136.821
7090.18 3283.41 136.362
7077.73 3303.58 135.817
7073.33 3312.39 135.471
7068.45 3321.75 135.07
7063.44 3330.92 134.657
7056.92 3344.86 134.246
7053.51 3351.68 133.881
7049.1 3359.32 133.483
7044.03 3367.89 133.051
7038.29 3377.29 132.639
7031.74 3388.08 132.123
7025.51 3398.86 131.712
7019.48 3409.73 131.287
7013.72 3420.66 130.872
7012.42 3429.2 130.328
7010.42 3438.47 129.931
7009.06 3447.57 129.531
7007.7 3457.1 129.132
7005.52 3467.49 128.692
7002.55 3485.16 128.24
7001.21 3499.46 127.861
7000.93 3510.83 127.51
6999.81 3517.78 127.098
6999.75 3523.84 126.823
6998.05 3537.81 126.076
6996.31 3545.84 125.608
6994.2 3560.07 125.124
6992.05 3573.61 124.635
6990.43 3580.84 124.33
6983.6 3598.56 123.465
6981.03 3605.7 123.236
6978.91 3612.75 122.886
6977.58 3619.09 122.531
6976.31 3626.09 121.996
6973.83 3635.65 121.352
6973.21 3643.86 120.819
6971.2 3660.6 120.169
6969.34 3670.21 119.641
6967.74 3679.24 119.333
6962.9 3705.38 118.409
6961.79 3711.54 118.083
6960.12 3722.84 117.614
6958.43 3734.03 117.069
6957.06 3740.75 116.594
6955.75 3747.87 116.17
6954.18 3756.28 115.688
6952.29 3766.41 115.191
6950.34 3777.64 114.686
6948.34 3789.24 114.25
6946.46 3800.51 113.776
6944.46 3812.81 113.294
6941.45 3837.5 112.559
6941.33 3855.67 112.088
6941.67 3863.42 111.859
6941.53 3872.85 111.379
6941.08 3883.37 110.821
6940.36 3895.06 110.332
6939.71 3907 109.903
6938.9 3919.14 109.428
6938.01 3932.33 108.93
6937.35 3945.18 108.407
6937.02 3957.06 107.925
6936.54 3969.27 107.441
6935.56 3982.86 106.894
6934.14 3997.4 106.359
6932.65 4012.17 105.851
6932.3 4025.17 105.337
6933.28 4036.36 104.797
6935.37 4046.15 104.262
6937.98 4055.47 103.738
6940.97 4064.6 103.218
6943.94 4075 102.696
6946.65 4086.94 102.139
6949.33 4099.08 101.626
6951.97 4111.39 101.089
6954.56 4123.91 100.531
6957.38 4136.21 100
6963.72 4157.21 99.2568
6967.08 4166.61 98.7085
6970.66 4175.8 98.1711
6977.96 4190.37 97.5949
6984.53 4201.11 97.1517
6987.34 4206.8 96.7168
6992.42 4218.56 96.1226
6994.56 4227 95.5095
6994.07 4238.83 95.3451
6993.85 4250.21 94.8705
6993.94 4261.72 94.3771
6994.44 4273.92 93.8405
6995.23 4286.39 93.3729
6996.18 4297.28 93.1636
6999.14 4317.45 92.6032
7000.71 4325.9 92.4494
7001.97 4335.63 92.1032
7004.01 4352.84 91.7028
7004.81 4359.19 91.5847
7006.25 4373.39 91.1366
7007.1 4381.61 90.8534
7007.68 4391.15 90.5836
7007.7 4401.78 90.3123
7007.51 4414.03 90.0385
7007.11 4426.99 89.7896
7007.35 4439.69 89.484
7008.43 4457.09 89.2138
7009.28 4464.49 88.9317
7010.36 4472.54 88.6551
7011.74 4481.39 88.376
7012.93 4491.13 88.0559
7015.08 4507.07 87.7825
7017.3 4520.14 87.481
7019.68 4531.77 87.1568
7019.68 4531.77 87.1568
7021.19 4539.09 86.8404
7023.47 4552.68 86.2197
7026.19 4566.59 85.8679
7029.12 4580.1 85.572
7032.11 4593.09 85.2534
7037.82 4611.66 84.919
7042.85 4625.17 84.5354
7047.35 4635.56 84.2328
7049.36 4640.3 84.0912
7051.3 4646.64 83.7988
7053.39 4654.84 83.4826
7058.03 4672.43 82.9938
7060.31 4679.56 82.8389
7063.14 4687.95 82.5016
7066.38 4697.28 82.1603
7070.01 4707.28 81.8384
7073.82 4717.68 81.5456
7081.45 4737.75 81.0479
7084.87 4745.54 80.8729
7088.62 4753.73 80.529
7092.82 4762.32 80.2088
7097.29 4771.32 79.8869
7101.78 4780.26 79.5667
7106.5 4789.73 79.2312
7111.55 4799.77 78.8796
7116.88 4810.69 78.5299
7127.8 4832.85 78.0176
7136.62 4848.77 77.7231
7143.52 4859.19 77.4598
7146.35 4862.21 77.334
7149.82 4866.09 76.9072
7157.73 4875.01 76.1753
7164.2 4886.98 75.7725
7167.27 4894.88 75.4021
7171.05 4899.41 75.0052
7175.96 4917.73 74.5097
7179.2 4923.17 73.9753
7183.84 4930.13 73.7457
7189.64 4951.86 73.3437
7196.15 4962.85 72.5647
7197.17 4971.35 72.4774
7201.71 4989.69 71.9754
7206.21 4998.71 71.3268
7213.22 5015.27 70.9197
7216.46 5020.96 70.7579
7220.98 5022.97 70.3807
7229.66 5041.81 69.7302
7234.43 5051.35 69.3153
7242.78 5061.32 68.8879
7248.47 5071.06 68.5268
7255.43 5079.03 68.1233
7258.34 5078.71 67.9498
7266.44 5083.16 67.3477
7275.64 5096.65 66.8121
7284.16 5100.8 66.4925
7288.42 5103.36 66.2646
7293.4 5107.6 65.8635
7303.59 5117.88 65.2549
7313.56 5127.76 64.7627
7323.63 5137.34 64.3318
7328.36 5141.31 64.1444
7339.65 5152.46 63.5127
7350.6 5163.58 63.0486
7360.52 5174.72 62.6126
7369.27 5185.3 62.1912
7376.93 5192.97 61.8419
7380.87 5196.37 61.63
7391.94 5205.66 60.9647
7397.4 5209.77 60.7137
7404.63 5216.23 60.2299
7419.98 5221.5 59.5795
7429.79 5231.95 59.1666
7447.46 5249 58.6982
7451.29 5243.09 58.5313
7469.02 5261.85 57.8718
7483.03 5274.99 57.4653
7490.82 5282.08 57.0095
7502.24 5284.46 56.6384
7515.19 5295.95 56.115
7526.51 5304.8 55.7018
7533.62 5310.84 55.1872
7540.44 5316.14 54.9347
7548.52 5322.55 54.3902
7557.38 5329.82 53.8392
7566.17 5337.05 53.32
7575.35 5344.67 52.8382
7584.71 5352.02 52.3056
7601.53 5357.76 51.4724
7617.88 5369.61 50.9403
7629 5370.57 50.4676
7637.73 5376.83 49.9167
7649.37 5377.3 49.4517
7657.67 5383.47 49.1264
7674.54 5395.25 48.4183
7683.63 5401.46 47.8552
7693.27 5407.79 47.2987
7703.32 5413.99 46.7666
7704.02 5410.63 47.0132
7708.69 5408.83 46.4268
7717.53 5412.78 45.7971
7703.12 5393.97 45.4105
7722.01 5408.94 44.9322
7737.35 5419.2 44.4417
7751.45 5426.54 43.853
7772.41 5446 42.564
7872.02 5496.06 40.1267
7896.64 5502.84 41.6475
7970.91 5516.39 39.0166
7955.97 5499.85 40.4655
7991.16 5503.12 38.049
8016.78 5503.29 37.5992
8028.11 5502.08 37.3289
8038.2 5500.7 36.9741
8007.43 5486.96 38.501
7985.53 5478.05 38.1155
8036.57 5494.32 35.3595
8018.29 5487.89 37.0334
8050.03 5499.11 34.5923
8020.69 5491.43 36.2748
8013.17 5492.25 35.8446
8009.9 5495.78 35.3591
8050.71 5511.48 32.988
8083.29 5526.89 32.3928
8104.28 5534.49 31.8672
8113.05 5537.09 33.3423
8132.01 5544.52 30.8998
8148.82 5548.39 30.4162
8129.98 5542.77 32.2382
8146.86 5547.51 31.5571
8171.78 5554.61 28.9603
8181.2 5554.15 30.7023
8192.42 5553.81 30.2667
8224.32 5558.59 27.7557
8276.42 5565.82 27.2256
8316.27 5567.45 26.563
8303.07 5560.48 26.1944
8321.09 5561.25 26.0305
8300.7 5552.4 27.582
8275.74 5535.49 27.8119
8224.18 5514.31 27.2213
8214.2 5511 26.7764
8213.63 5510.45 26.3293
8230.2 5520.07 25.6907
8240.95 5526.12 25.3052
8244.94 5528.5 25.3539
8264.96 5537.42 24.4189
8270.99 5540.12 24.4343
8283.42 5544.04 23.8418
8290.6 5547.06 23.6115
8299.8 5550.38 23.1433
8319.07 5556.15 22.3345
8333.14 5559.71 22.0855
8361.29 5566.11 21.3584
8370.28 5566.13 21.1745
8382.41 5568.36 20.4858
8398.68 5568.32 20.082
8411.83 5568.19 19.8444
8414.11 5567.04 19.6813
8431.86 5569.05 18.6832
8440.79 5569.85 18.366
8453.83 5569.85 17.9902
8464.33 5568.37 17.5687
8464.33 5568.37 17.5687
8497.13 5568.94 16.2513
8538.45 5563.51 15.9804
8539.89 5556.89 16.1352
8546.3 5552.53 15.7864
8553.86 5549.77 14.9979
8569.08 5547.99 14.7581
8562.08 5547.35 14.9484
8591.56 5544.43 13.9615
8608.06 5542.46 13.7337
8621.37 5544.25 13.6064
8615.14 5545.26 13.4602
8646.01 5542.72 12.5368
8667.68 5537.93 12.3303
8682.02 5533.29 11.7707
8699.93 5530.23 11.3451
8712.85 5526.42 11.0746
8707.07 5520.49 10.9554
8716.07 5518.12 10.4963
8733.83 5516.75 9.9547
8748.71 5514.48 9.69914
8756.83 5512.89 9.3758
8769.42 5512.42 8.85886
8787.16 5511.26 8.43726
8798.12 5509.67 8.16683
8803 5507.7 7.90438
8813.73 5506.69 7.52107
8833.09 5505.98 7.12438
8843.62 5504.2 6.7543
8851.74 5503.67 6.77254
8857.39 5502.47 6.31635
8866.3 5499.98 5.99604
8874.67 5497.81 5.84708
8880.09 5495.95 5.70111
8899.03 5496.38 5.17837
8904.63 5492.34 5.08813
8918.11 5491.33 4.7159
8923.76 5489.17 4.59167
8934.08 5488 4.39457
8943.38 5487.85 4.12755
8956.44 5491.91 3.69477
8963.4 5490.03 3.57418
8967.86 5488.67 3.63827
8986.57 5487.29 3.0207
8997.18 5483.58 3.18312
9007.64 5481.6 3.01393
9019.76 5479.89 3.1283
9027.59 5478.37 3.07789
9041.04 5478.57 2.63918
9057.14 5478.47 2.72497
9069.1 5477.87 2.61383
9078.87 5478.42 2.27663
9089.11 5477.51 2.40578
9090.69 5476.53 2.34919
9101.33 5476.2 2.01516
9120.3 5475.17 1.99839
9122.73 5473.31 1.93465
9134.96 5472.69 1.82317
9144.13 5472.86 1.66615
9152.08 5473.85 1.51637
9157.54 5473.95 1.48848
9177.9 5472.89 1.17138
9192.67 5473.88 1.05046
