x y phi
0 0 0
1414.44 1944.86 269.468
1414.44 1945.08 269.459
1414.28 1945.45 269.486
1414.19 1945.84 269.507
1414.13 1946.67 269.498
1414.02 1946.77 269.508
1413.96 1946.7 269.514
1413.95 1946.72 269.507
1413.97 1946.59 269.507
1413.96 1946.59 269.498
1413.98 1946.65 269.483
1414.04 1946.67 269.483
1414.09 1946.6 269.49
1414.11 1946.67 269.482
1414.18 1946.3 269.499
1414.2 1946.21 269.5
1414.16 1946.1 269.513
1414.1 1945.77 269.521
1414.09 1945.78 269.505
1414.06 1945.79 269.498
1414.07 1945.95 269.504
1414.05 1946.08 269.493
1414.03 1946.07 269.513
1414.01 1946.06 269.514
1414 1945.99 269.509
1414.03 1946.39 269.482
1414.08 1946.1 269.492
1414.06 1945.92 269.501
1414.05 1945.84 269.486
1414.1 1945.85 269.492
1414.1 1945.88 269.485
1414.08 1945.82 269.492
1414.04 1945.74 269.492
1414.03 1945.69 269.486
1413.96 1945.65 269.507
1413.91 1945.63 269.507
1413.87 1945.65 269.501
1413.9 1945.6 269.499
1413.86 1945.62 269.507
1413.88 1945.75 269.486
1413.94 1945.75 269.493
1413.96 1945.83 269.486
1413.98 1945.88 269.485
1413.99 1945.92 269.485
1413.98 1945.87 269.492
1413.95 1945.8 269.492
1413.93 1945.75 269.492
1413.92 1945.72 269.492
1413.91 1945.72 269.492
1413.9 1945.71 269.492
1413.93 1945.79 269.486
1413.92 1945.77 269.492
1413.91 1945.76 269.492
1413.91 1945.75 269.492
1413.76 1943.76 269.52
1413.21 1936.49 269.531
1413.19 1920.77 269.602
1413.57 1911.76 269.622
1415.29 1891.8 269.608
1417.2 1877.85 269.655
1419.11 1870.4 269.642
1419.98 1868.65 269.634
1420.93 1864.34 269.63
1421.84 1855.11 269.668
1422.22 1825.88 269.671
1421.77 1818.29 269.663
1420.72 1805 269.69
1420.28 1800.23 269.695
1419.95 1795.65 269.705
1420.45 1773.6 269.695
1420.77 1767.38 269.734
1421.27 1757.19 269.676
1422.16 1746.36 269.713
1422.99 1734.47 269.673
1423.34 1724.08 269.672
1423.21 1718.93 269.659
1423.02 1711.55 269.685
1422.82 1702.5 269.645
1422.66 1692.02 269.661
1422.47 1672.94 269.668
1422.24 1659.2 269.661
1421.94 1646.63 269.67
1421.32 1636.31 269.654
1420.83 1630.91 269.663
1419.63 1616.3 269.659
1418.72 1601.28 269.682
1418.67 1589.31 269.632
1418.8 1583.76 269.653
1419.03 1577.47 269.632
1419.04 1570.42 269.601
1418.18 1555.82 269.615
1416.82 1545.76 269.555
1416.23 1540.64 269.559
1415.42 1531.84 269.622
1415.34 1523.77 269.649
1415.63 1518.41 269.68
1415.83 1510.91 269.815
1416 1503.58 269.9
1416.25 1495.37 270.048
1416.56 1485.94 270.269
1417.74 1468.34 270.67
1419.4 1455.33 270.941
1421.22 1445.48 271.212
1423.31 1436.68 271.469
1424.27 1431.86 271.637
1426.49 1418.71 272.047
1428.2 1405.44 272.349
1429.73 1393.42 272.637
1431.74 1381.58 272.943
1434.54 1372.85 273.185
1438.4 1365.54 273.508
1440.59 1362.41 273.654
1443.27 1356.99 273.989
1446.2 1350.08 274.252
1449.05 1341.9 274.523
1451.94 1333.11 274.811
1457.57 1316.3 275.279
1462.18 1303.32 275.548
1466.03 1293.82 275.84
1469.84 1286.2 276.12
1472.33 1279.65 276.48
1475.03 1272.34 276.735
1477.58 1265.85 276.857
1482.55 1250.77 277.303
1486.76 1237.43 277.644
1490.56 1227.11 277.919
1492.28 1223.19 278.007
1494.35 1218.13 278.233
1499.19 1204.4 278.644
1504.23 1191.97 278.936
1509.45 1180.94 279.169
1512.22 1175.53 279.279
1520.57 1162.4 279.669
1524.69 1157.56 279.786
1529.09 1151.94 279.961
1536.42 1140.51 280.304
1541.66 1130.96 280.512
1545.81 1122.4 280.723
1549.5 1113.83 280.964
1553.07 1105.21 281.17
1557.53 1094.71 281.426
1562.83 1083.37 281.654
1567.89 1071.57 281.857
1572.17 1059.93 282.089
1574.83 1042.94 282.622
1577.37 1026.71 282.818
1580.08 1010.77 283.07
1583.05 995.016 283.323
1586.24 980.136 283.547
1589.16 968.573 283.724
1592.49 958.625 283.948
1592.49 958.625 283.948
1596.38 949.224 284.192
1606.97 924.461 284.746
1614.66 909.693 284.975
1620.6 899.633 285.249
1626.16 891.054 285.547
1631.21 885.006 285.792
1633.68 882.265 285.906
1639.66 873.91 286.275
1649.05 861.172 286.72
1652.03 857.328 286.833
1655.16 851.828 287.118
1658.72 844.119 287.52
1665.3 830.562 287.934
1670.74 821.854 288.209
1676.42 813.74 288.724
1679.43 809.647 288.915
1683.13 804.056 289.313
1687.48 797.013 289.698
1696.67 782.275 290.23
1704.48 771.879 290.633
1711.39 763.999 290.984
1717.79 756.882 291.386
1723.81 748.741 291.739
1730.21 739.639 292.169
1737.46 730.493 292.532
1745.51 721.802 292.9
1754.54 714.129 293.284
1764.18 707.523 293.666
1773.33 701.72 294.017
1780.77 698.468 294.311
1784.97 707.117 294.361
1790.55 708.41 294.754
1798 702.481 295.152
1801.53 698.644 295.304
1810.78 687.087 296.029
1818.99 679.738 296.423
1823.33 676.348 296.679
1833.76 668.37 297.396
1839.71 663.208 297.876
1846.15 657.091 298.358
1857.98 646.172 298.864
1863.13 641.93 299.084
1863.13 641.93 299.084
1875.32 630.84 300.127
1882.04 624.95 300.379
1895.57 613.204 301.053
1907.4 604.163 301.503
1917.58 597.474 301.905
1921.67 594.923 301.984
1927.43 590.448 302.387
1933.86 585.248 302.719
1946.7 574.517 303.233
1957.03 567.48 303.543
1962.55 563.154 303.833
1968.66 557.765 304.179
1975.17 551.711 304.467
1986.92 541.765 304.671
1997.74 533.925 304.944
2007.77 527.49 305.218
2013.7 523.132 305.478
2019.31 519.287 305.606
2030.45 511.719 305.929
2040.46 505.315 306.19
2045.08 502.753 306.291
2056.26 494.833 306.677
2065.9 488.343 306.896
2071.62 483.957 307.147
2077.94 478.803 307.351
2085.8 472.031 307.623
2099.52 460.71 307.856
2111.95 450.669 308.14
2123.31 442.048 308.385
2131.86 436.574 308.538
2135.96 433.763 308.759
2143.28 428.725 308.961
2146.95 426.121 309.087
2155.69 419.152 309.445
2160.09 415.592 309.549
2170.35 406.927 309.912
2180.78 398.024 310.24
2191.1 389.606 310.614
2200.23 382.744 310.889
2205.65 378.589 311.312
2212.25 373.175 311.79
2218.24 368.704 312.049
2226.4 362.07 312.613
2240.96 350.62 313.274
2247.17 345.976 313.577
2253.92 341.108 314.092
2260.93 336.494 314.589
2267.95 332.41 315.054
2275.63 328.1 315.565
2290.85 321.102 316.361
2303.4 317.269 316.891
2313.04 316.453 317.355
2322.39 316.417 317.867
2327.4 316.085 318.139
2341.59 312.238 319.009
2355.01 306.736 319.756
2367.36 301.789 320.201
2383.51 296.312 320.615
2399.56 292.804 321.297
2412.4 291.672 321.809
2417.64 291.973 322.062
2429.44 291.325 322.777
2441.58 289.523 323.393
2449.3 286.905 323.919
2456.88 284.361 324.188
2465.22 281.543 324.657
2482.47 277.452 325.498
2491.24 275.811 326.068
2500.6 274.03 326.596
2509.97 272.315 327.073
2520.52 270.309 327.646
2539.5 267.542 328.599
2559.78 266.108 329.162
2568.59 266.146 329.446
2575.64 267.136 329.629
2582.86 267.834 330.097
2589.63 268.305 330.569
2601.29 269.21 331.372
2611.17 269.627 331.927
2622.16 268.685 332.734
2627.96 268.137 333.02
2639.02 267.265 333.583
2652.28 266.304 334.454
2658.51 265.883 334.725
2664.4 265.698 334.967
2679.57 263.952 336.003
2687.08 263.337 336.293
2702.04 262.708 337.057
2709.12 262.725 337.309
2725.13 262.49 338.115
2738.39 263.261 338.617
2748.64 264.747 339.123
2753.47 265.567 339.399
2759.61 265.882 339.881
2767.15 266.118 340.344
2777.36 265.719 340.906
2789.03 265.155 341.44
2801.25 263.883 342.019
2811.7 263.123 342.456
2835.43 262.402 343.199
2854.22 263.99 343.804
2868.62 266.816 344.36
2873.9 269.797 344.733
2881.77 272.373 345.347
2888.94 275.934 345.885
2898.88 277.794 346.365
2910.33 278.975 346.937
2923.07 280.068 347.495
2934.59 281.829 348.028
2961.04 304.769 349.245
2961.05 304.812 349.245
2961.06 304.886 349.251
2961.06 304.917 349.27
2961.08 304.971 349.296
2961.08 304.994 349.296
2961.08 305.015 349.295
2961.09 305.034 349.295
2961.09 305.034 349.295
2961.09 305.052 349.295
2961.1 305.081 349.295
2961.1 305.105 349.295
2961.11 305.125 349.295
2961.11 305.134 349.295
2961.11 305.149 349.295
2961.11 305.161 349.29
2961.11 305.171 349.295
2961.11 305.179 349.29
2961.12 305.185 349.295
2961.12 305.188 349.29
2961.12 305.193 349.289
2961.12 305.197 349.295
2961.12 305.201 349.289
2961.12 305.204 349.289
2961.12 305.206 349.29
2961.12 305.208 349.291
2961.12 305.209 349.291
2961.12 305.211 349.289
2961.12 305.212 349.289
2961.12 305.213 349.291
2961.12 305.213 349.276
2961.12 305.213 349.278
2961.12 305.214 349.278
2961.12 305.214 349.271
2961.12 305.214 349.277
2961.12 305.214 349.273
2963.4 305.246 349.392
2980.96 301.151 349.852
2991.5 299.96 350.017
3022.23 298.957 350.385
3031.31 299.174 350.559
3037.75 300.564 350.635
3046.38 302.372 350.741
3055.21 303.898 351.03
3064.28 304.544 351.249
3067.81 304.744 351.344
3073.16 304.199 351.578
3077.93 304.422 351.7
3077.93 304.422 351.7
3095.35 303.462 352.34
3095.35 303.462 352.34
3117.19 303.081 352.682
3135.24 303.859 352.938
3144.8 303.253 353.148
3162.4 302.996 353.503
3173.06 303.867 353.588
3178.41 304.839 353.782
3190.21 305.001 354.078
3201.15 305.51 354.346
3208.86 306.822 354.477
3213.95 307.668 354.681
3226.45 307.711 354.936
3232.04 307.614 355.03
3241.11 307.81 355.366
3256.22 308.291 355.581
3270.38 310.277 355.859
3280.28 311.586 356.053
3285.72 312.325 356.197
3298.28 313.559 356.527
3309.61 314.863 356.706
3319.47 316.965 357.004
3329.23 318.84 357.093
3336.62 319.538 357.221
3342.74 320.12 357.376
3352.07 321.214 357.466
3362.33 321.994 357.545
3369.91 322.818 357.659
3379.28 322.628 357.72
3391.19 321.781 357.902
3395.45 321.458 357.854
3408.96 321.652 358.049
3417.35 321.635 358.095
3426.6 321.828 358.123
3438.7 321.694 358.195
3449.97 322.858 358.235
3456.41 323.799 358.244
3469.8 325.843 358.192
3477.58 327.343 358.134
3482.08 327.819 358.21
3491.13 327.213 358.186
3498.21 326.58 358.168
3505.49 327.107 358.144
3510.1 326.782 358.171
3515.89 326.434 358.119
3529.29 325.961 358.114
3542.58 326.944 358.188
3554.29 326.476 358.124
3566.04 325.784 358.132
3575.11 325.256 358.168
3585.29 324.716 358.126
3595.44 325.145 358.12
3606.63 326.047 358.17
3614.18 325.764 358.149
3629.6 324.482 358.118
3643.66 322.236 358.09
3649.52 321.508 358.117
3663.41 320.221 358.197
3672.79 320.444 358.103
3682.54 320.709 358.124
3690.06 321.389 358.139
3699.19 321.621 358.097
3708.92 321.926 358.09
3724.64 322.487 358.072
3731.13 322.726 358.066
3737.43 319.919 357.952
3746.32 320.245 357.998
3750.49 318.946 357.976
3766.88 319.77 357.909
3771.83 318.392 357.792
3785.79 315.902 357.912
3798.31 313.845 357.858
3810.59 310.46 357.975
3825 306.799 357.962
3834.01 302.922 357.888
3845.16 299.74 357.937
3853.09 297.156 357.862
3862.76 296.786 357.842
3875.64 297.69 357.817
3887.54 297.941 357.78
3899.78 298.062 357.819
3913.22 299.13 357.746
3926.8 302.764 357.8
3934.56 304.324 357.87
3945.25 306.957 357.779
3951.92 308.079 357.835
3967.5 310.432 357.774
3971.47 311.23 357.694
3979.34 311.772 357.756
3990.76 312.79 357.733
4003.87 312.425 357.687
4010.88 312.112 357.67
4018.26 311.808 357.702
4025.82 311.465 357.616
4025.82 311.465 357.616
4036.31 310.993 357.691
4060.24 309.759 357.645
4077.59 308.979 357.557
4094.67 307.344 357.521
4104.17 305.896 357.495
4112.22 305.377 357.576
4122.17 307.111 357.824
4134.43 307.98 357.549
4143 308.785 357.506
4151.2 309.329 357.482
4161.37 309.743 357.565
4169.79 309.925 357.48
4179.53 309.931 357.436
4185.9 310.144 357.463
4191.09 310.043 357.442
4206.39 309.576 357.418
4215.81 309.461 357.399
4225.73 309.105 357.387
4233.57 308.782 357.431
4238.24 307.895 357.278
4252.31 306.062 357.333
4267.88 302.745 357.531
4281.74 298.933 357.58
4293.41 295.824 357.486
4306.2 293.346 357.708
4314.94 291.894 357.543
4324.11 291.423 357.617
4338.76 291.16 357.486
4352.37 290.941 357.619
4359.08 290.158 357.493
4362.75 289.826 357.476
4368.96 289.569 357.42
4376.2 288.662 357.462
4383.85 286.955 357.402
4391.56 286.112 357.46
4396.68 285.279 357.386
4405.15 285.184 357.454
4417.61 284.987 357.533
4429.31 284.791 357.478
4439.95 284.457 357.444
4459.9 283.899 357.41
4466.73 287.65 357.25
4474.32 287.019 357.382
4485.18 286.446 357.496
4495.44 285.928 357.502
4504.58 288.387 357.422
4518.41 287.167 357.513
4532.38 286.165 357.723
4544.7 285.546 357.779
4554.93 284.981 357.788
4564.19 284.44 357.959
4575.04 284.278 358.182
4582.56 284.295 358.307
4590.45 284.299 358.409
4605.24 284.281 358.469
4616.57 284.297 358.625
4620.86 288.752 358.578
4633.62 289.693 358.939
4645.55 292.097 359.055
4645.55 292.097 359.055
4652.42 293.204 359.125
4672.68 295.251 359.638
4683.08 295.516 359.796
4701.55 295.076 359.919
4705.6 294.888 0.0650655
4720.99 294.789 0.207272
4731.88 295.399 0.595423
4739.47 295.928 0.300846
4752.68 296.432 0.423031
4763.6 298.05 0.689181
4772.89 299.681 0.540458
4775.6 300.388 0.637992
4786.71 303.328 0.840535
4800.62 306.368 1.14879
4805.41 307.778 1.09177
4812.46 310.41 1.24205
4822.74 311.731 1.31361
4831.57 312.649 1.46257
4837.08 313.368 1.68043
4844.2 314.372 1.80874
4857.78 317.678 2.14326
4867.94 319.589 2.36282
4874.94 321.269 2.3528
4890.89 324.932 2.68703
4896.95 326.564 2.76702
4912.93 330.213 3.03489
4924.9 333.483 3.21472
4935.22 334.634 3.24104
4943.29 335.184 3.46117
4960.32 336.406 3.7535
4970.19 340.233 3.79504
4979.02 344.063 4.04301
4988.3 347.073 4.1279
5003.02 352.289 4.38417
5005.09 353.644 4.38672
5016.09 356.541 4.7026
5026.08 359.69 4.7565
5036.53 362.697 4.90703
5045.23 363.992 5.55621
5058.33 366.565 5.70337
5063.36 368.29 5.72515
5080.76 373.779 5.91657
5085.75 375.671 6.03127
5094.45 378.855 6.22631
5106.36 381.161 6.48637
5113.59 382.174 6.69419
5125.87 384.192 6.88105
5139.12 385.569 7.24192
5144.32 385.674 7.31776
5156.39 386.803 7.71972
5165.58 389.012 7.93966
5173.5 391.607 8.39654
5185.37 395.244 8.73245
5182.65 396.96 8.85091
5189.27 399.144 9.0578
5205.68 405.015 9.53388
5222.55 411.632 9.90939
5231.45 414.927 10.2178
5244.98 420.598 10.4208
5251.69 423.108 10.6398
5254.7 424.492 10.7682
5254.13 425.445 11.2435
5260.29 430.612 11.4853
5271.56 436.1 11.7259
5280.1 438.862 12.1226
5295.78 444.884 12.5592
5300.14 448.845 12.5221
5307.01 451.317 12.7914
5314.9 455.71 13.0449
5335.55 463.234 13.2786
5348.24 468.625 13.4848
5348.52 471.989 13.5718
5364.35 477.783 14.0081
5362.84 480.727 14.0164
5363.01 488.227 14.6391
5372.9 495.943 15.2842
5378.88 502.575 15.4029
5380.2 507.017 15.7702
5392.25 515.66 16.3265
5406.26 523.835 16.8067
5408 531.779 16.9399
5410.82 536.304 17.2756
5416.16 541.667 17.6757
5421.78 546.74 17.8947
5428.37 552.033 18.3305
5447.68 562.085 19.0406
5450.66 566.535 19.2795
5456.93 576.237 19.963
5471.84 586.278 20.7004
5473.8 594.207 20.9128
5475.97 598.258 21.3178
5480.08 606.15 21.7862
5484.09 613.521 22.2557
5495.52 620.342 22.7799
5500.29 626.925 23.2776
5505.03 632.928 23.7031
5505.03 632.928 23.7031
5507.58 635.795 23.9095
5526.5 646.742 25.1502
5530.16 651.123 25.3992
5537.65 661.817 26.0432
5542.27 670.623 26.2962
5546.08 675.518 26.6315
5552.01 681.181 27.0351
5559.59 686.906 27.4395
5559.59 686.906 27.4395
5566.63 692.162 27.7448
5576.16 699.109 28.3201
5590.82 710.978 28.6835
5596.78 716.128 28.8736
5613.79 727.636 29.4296
5622.32 736.576 29.6566
5628.66 744.296 29.9968
5641.34 752.173 30.6235
5644.66 755.138 30.6967
5649.33 759.006 30.9795
5662.84 769.078 31.5818
5668.19 773.486 31.6931
5674.88 778.82 32.0342
5688.97 789.491 32.5357
5696.18 795.134 32.7678
5704.03 801.23 33.1459
5711.86 807.74 33.4828
5723.02 818.247 33.7492
5728.03 823.557 34.0607
5733.3 829.853 34.349
5738.51 836.583 34.6918
5744.23 844.04 35.085
5751.97 856.432 35.4241
5755.28 862.422 35.7601
5760.21 872.778 36.0893
5762.39 877.53 36.3433
5766.61 883.669 36.7236
5771.93 890.599 37.0833
5783.49 905.196 37.6578
5789.78 913.178 38.0817
5796.14 921.649 38.4772
5801.95 929.65 38.8192
5807.64 937.82 39.188
5812.81 945.929 39.5877
5817.21 953.136 39.7992
5825.7 967.17 40.423
5831.39 977.839 40.7833
5835.02 983.609 41.162
5841.53 995.978 41.7712
5847.52 1009.62 42.9398
5861.41 1037.54 44.2631
5865.43 1045.59 44.5891
5868.94 1053.26 44.8838
5873.4 1062.71 45.5123
5873.85 1072.64 46.1536
5884.74 1103.4 47.4855
5889.26 1117.78 47.8467
5894.99 1133.73 48.5285
5902.55 1151.58 49.2741
5912.11 1170.56 50.0269
5935.39 1222.51 51.4025
5940.32 1236.22 51.708
5949.88 1264.23 52.6145
5957.22 1290.69 53.2849
5965.62 1316.82 54.1571
5972.86 1332.14 54.692
5979.41 1347.49 55.1858
5997.89 1392.11 56.9861
6010.19 1416.59 57.354
6024.26 1446.63 58.3303
6049.62 1502.35 59.69
6058.06 1524.04 60.0303
6074.01 1568.17 61.1059
6085.05 1603.23 61.8409
6088.81 1618 62.2221
6093.87 1636.2 62.9034
6106.69 1678.56 63.7263
6109.98 1694.22 63.8486
6116.53 1715.65 64.3061
6123.23 1738.5 64.625
6129.89 1762.47 64.9106
6137.25 1787.5 65.1733
6145.48 1812.4 65.4316
6153.31 1836.15 65.7136
6164.37 1865.52 65.9807
6174.05 1891.87 66.2346
6182.32 1915.27 66.4335
6191.14 1940.32 66.7565
6200.42 1966.92 67.1383
6210.04 1993.93 67.5152
6220.27 2022.66 67.9113
6230.48 2052.96 68.3083
6241.68 2085.35 68.7167
6252.51 2117.91 69.1253
6260.93 2148.38 69.4465
6269.18 2178.91 69.738
6277.35 2209.19 70.0272
6285.59 2240.46 70.307
6293.85 2273.32 70.5374
6300.01 2301.74 70.6653
6313.5 2340.78 71.0719
6332.15 2398.37 71.2878
6338.14 2419.75 71.3858
6345.07 2443.84 71.5959
6352.03 2470.09 71.7602
6359.15 2495.61 71.7999
6367.87 2526.37 72.0837
6376.94 2556.99 72.182
6385.01 2588.42 72.429
6392.17 2618.77 72.5843
6399.7 2650.3 72.7524
6406.8 2682.06 72.9281
6413.82 2712.86 73.1069
6419.95 2743.69 73.2445
6425.34 2772.41 73.4274
6434.66 2820.89 73.8478
6436.76 2837.92 73.9636
6443.32 2875.59 74.1009
6447.87 2897.78 74.0992
6453.97 2923.24 74.1227
6459.64 2945.63 74.1276
6466.4 2971.95 74.1209
6472.43 2999.07 74.1153
6478.34 3027.05 74.0812
6484.54 3053.39 74.0612
6490.81 3081.59 74.0114
6497.37 3110.54 74.0048
6504.42 3141.49 73.9963
6506.19 3168.42 74.1553
6510.13 3195.62 74.1242
6515.28 3222.97 74.0957
6521.09 3251.07 74.0835
6527.6 3280.51 74.0779
6534.48 3310.75 74.0585
6541.94 3341.52 74.0393
6550.82 3373.02 74.0399
6559.91 3404.76 74.0342
6575.71 3458.41 74.0147
6582.18 3478.75 74.0206
6589 3501.29 74.0224
6596.4 3526.28 74.0395
6604.7 3553.72 74.0634
6612.27 3585.04 74.0627
6620.57 3613.94 74.0667
6628.77 3641.35 74.0544
6635.89 3668.63 74.0701
6643.78 3697.43 74.057
6652.11 3727.19 74.0396
6661.17 3757.29 74.0246
6670.97 3785.52 73.9384
6682.11 3816.49 73.9209
6692.35 3846.59 73.9187
6701.88 3875.31 73.8817
6712.83 3905.73 73.7085
6723.37 3935.92 73.5144
6734.99 3966.03 73.2108
6758.66 4028.14 72.8613
6768.55 4049.44 72.7568
6779.45 4070.96 72.5209
6801.22 4118.46 72.08
6818.37 4155.45 71.8226
6825.44 4169.97 71.7046
6838.16 4197.71 71.2819
6843.85 4211.1 71.1405
6860.25 4248.83 70.7439
6869.72 4270.44 70.4988
6877.95 4289.46 70.3676
6887.23 4313.02 70.1309
6896.3 4338.99 69.8478
6905.08 4366.07 69.5585
6914.4 4395.99 69.2913
6924.93 4425.92 68.9612
6936.69 4454.89 68.6393
6948.11 4483.31 68.3535
6960.97 4512.28 68.0358
6974.33 4540.19 67.706
6988.08 4568.22 67.3959
7002.71 4597.2 67.0768
7017.54 4627.13 66.9164
7050.09 4689.44 66.3014
7075.45 4734.07 66.0855
7084.8 4750.49 65.9266
7098.15 4762.21 65.5882
7110.56 4785.57 65.0217
7123.63 4811.84 64.5323
7151.75 4857.94 63.8159
7162.63 4874.84 63.6118
7185.52 4912.53 62.9021
7198.09 4933.75 62.2997
7211.98 4956.25 61.6105
7224.63 4975.2 61.2836
7239.62 4996.59 60.5291
7239.62 4996.59 60.5291
7255.33 5018.01 59.6076
7279.59 5050.43 57.2443
7304.63 5081.56 55.8837
7330.13 5111.98 54.3485
7356.96 5140.53 52.7585
7409.56 5183.99 50.5335
7428.15 5185.67 50.0604
7466.06 5201.37 48.4632
7480.64 5209.57 48.0785
7512.05 5232.65 46.9416
7524.89 5240.55 46.3984
7559.08 5261.34 44.3603
7578.47 5271.19 43.1778
7636.74 5294.27 42.2019
7682.41 5308.09 39.7932
7724.5 5256.76 38.8584
7713.27 5251.7 38.8481
7729.96 5258.22 38.8482
7756.24 5269.16 37.2331
7725.52 5254.45 38.9921
7714.83 5249.98 38.992
7706.95 5247.3 38.9807
7701.2 5245.98 38.9895
7694.55 5246.34 38.9908
7692.89 5247.47 38.9911
7691.93 5248.92 38.9913
7691.43 5250.53 38.9912
7691.39 5253.85 38.9798
7691.54 5256.69 38.9791
7691.47 5258.88 38.9783
7691.28 5260.57 38.9776
7691.05 5261.16 38.9778
7690.79 5261.65 38.9776
7690.52 5262.07 38.9775
7690.39 5262.54 38.9721
7690.09 5262.82 38.9772
7689.95 5263.17 38.972
7689.25 5263.77 38.9771
7689.25 5263.77 38.9771
7689.04 5264.21 38.9717
7688.94 5264.39 38.9717
7688.84 5264.55 38.9717
7688.61 5264.56 38.977
7688.55 5264.71 38.9719
7688.49 5264.84 38.9717
7688.43 5264.95 38.9717
7688.38 5265.05 38.9717
7688.03 5265.01 38.9772
7688.15 5265.3 38.9715
7688.1 5265.43 38.9717
7688.04 5265.52 38.9717
7688.01 5265.56 38.9717
7687.98 5265.59 38.9717
7687.93 5265.64 38.9717
7687.89 5265.68 38.9717
7687.86 5265.71 38.9717
7687.84 5265.73 38.9717
7688.05 5265.93 38.9659
7688.03 5265.95 38.9715
7688.16 5266.04 38.9654
7688.32 5266.12 38.9977
7765.12 5299.26 37.1674
7754.74 5293.53 38.9725
7749.89 5292.12 39.0388
7748.25 5293.34 39.0374
7748.19 5298.02 39.027
7750.52 5302.07 39.0472
7798.65 5326.14 37.165
7798.36 5329.61 38.9441
7802.21 5336.61 38.946
7807.19 5344.9 38.949
7811.36 5352.19 38.9416
7856.57 5374.11 36.9513
7922.47 5399.12 37.0119
7884.55 5383.12 38.9593
7870.67 5378.14 38.9494
7900.02 5390.05 37.2211
7886.57 5386.12 38.9153
7944.43 5408.93 36.9763
7952.56 5412.81 37.0355
7975.27 5420.89 37.0023
7970.58 5418.98 38.8493
7949.32 5412.69 38.9256
7997.1 5431.64 37.0003
8031.08 5443.38 36.9056
8047.51 5447.46 36.8282
8069.14 5450.22 36.9928
8034.97 5437.14 38.8727
8052.24 5443.18 36.9413
8028.36 5435.73 38.8485
8011.49 5432.47 38.9001
8000.85 5432.99 38.8908
7995.52 5437.02 38.9212
7995.72 5444.89 38.9136
7999.11 5455.01 38.9392
8046.42 5487.67 36.9979
8109.73 5514.8 36.9159
8109.19 5516.35 38.814
8107.48 5516.88 38.743
8112.65 5519.86 36.6994
8152.08 5529.74 36.3825
8185.44 5537.49 36.1031
8197.59 5539.38 35.9628
8143.84 5522.57 37.6438
8126.34 5518.66 37.4663
8150.32 5532.46 34.841
8165.11 5541.72 36.3545
8190.88 5556.32 33.7858
8197.54 5558.4 35.5065
8245.55 5571.18 33.1367
8288.38 5580.87 32.3969
8236.67 5568.32 34.2349
8265.21 5575.88 31.6972
8290.74 5580.72 31.2639
8330.92 5584.94 30.8255
8343.57 5584.2 30.743
8365.42 5581.58 30.2083
8340.06 5569.95 31.77
8357.33 5572.43 29.3288
8390.57 5575.6 28.6351
8402.48 5576.21 28.4212
8417.84 5577.73 27.8248
8432.73 5578.92 27.327
8432.91 5578.59 26.672
8450.04 5580.77 26.3036
8427.67 5575.36 27.853
8449.47 5579.61 25.4723
8420.72 5575.97 27.3282
8460.11 5589.37 24.1427
8438.68 5588.09 26.0726
8394.01 5574.39 25.753
8389.21 5574.89 25.336
8388.26 5575.58 25.3546
8388.26 5575.58 25.3546
8390.05 5577.16 25.0774
8398.78 5580.89 24.1581
8434.93 5593.77 22.7468
8462.49 5602.47 22.2472
8474.06 5605.07 21.9347
8482.03 5606.8 21.6274
8489.71 5607.46 21.3577
8497.58 5608.82 20.8929
8512.45 5610.24 20.2213
8519.88 5610.52 19.6694
8544.66 5614.42 18.828
8547.01 5613.95 18.8773
8561.5 5616.06 18.0167
8561.5 5616.06 18.0167
8588.86 5620 16.9453
8601.09 5620.05 16.3054
8647.6 5616.47 15.2606
8671.21 5605.7 14.8416
8662.79 5601.64 14.8687
8676.35 5597.6 13.9952
8687.23 5592.27 13.7472
8683.46 5590.41 13.557
8713.94 5585.59 12.4348
8729.06 5582.37 11.9904
8753.46 5576 11.4465
8767.24 5569.39 11.1418
8764.88 5565.61 11.0684
8770.34 5562.76 10.5141
8793.15 5561.4 9.81057
8810.79 5555.85 9.64524
8820.73 5552.82 9.21616
8810.15 5553.13 9.44877
8833.68 5551.04 8.40758
8848.52 5545.62 8.12796
8865.66 5541.41 7.66461
8875.17 5538.1 7.37454
8884.87 5536.17 6.96302
8900.05 5531.57 6.82042
8901.2 5529.69 6.46375
8908.32 5526.27 6.06399
8916.57 5525.25 5.76797
8933.01 5521.78 5.3027
8941.11 5520.73 5.0764
8948.83 5519.49 4.89294
8957.3 5519.48 4.42484
8978.67 5517.45 3.97305
8991.64 5513.56 3.97102
9002.49 5517.67 3.23837
9019.95 5519.13 2.92774
9025.7 5513.77 3.26554
9043.23 5520.82 2.27494
9054.9 5525.85 2.13341
9059.98 5529.58 1.79989
9063.19 5531.38 1.71635
9071.92 5533.95 1.39413
9082.13 5534.97 1.22359
9086.29 5535.74 1.09615
9093.96 5536.1 0.865566
9106.03 5536.42 0.548206
9132.26 5536.74 0.224386
9145.41 5536.45 0.150762
9153.92 5536.44 359.955
9174.16 5536.1 359.602
9191.27 5534.91 359.294
9201.77 5534.16 359.212
9211.82 5533.75 359.007
9218.35 5532.91 358.938
9225.28 5531.45 358.89
9237.67 5530.21 358.752
9251.95 5527.96 358.664
9268.85 5525.62 358.657
9285.54 5523.31 358.503
9293.42 5521.52 358.586
9300.29 5520.82 358.49
9311.67 5520.91 358.506
9323.98 5520.23 358.431
9331.07 5520.58 358.428
9336.32 5520.23 358.431
9330.69 5518.56 358.924
9321.58 5517.2 358.976
9317.64 5516.32 359.138
9319.63 5513.72 359.104
9325.28 5511.83 359.231
9339.85 5509.58 359.167
9347.37 5509.08 359.143
9367.27 5506.4 359.374
9380.44 5504.4 359.315
9386.76 5503.76 359.378
9393.65 5503.17 359.322
9421.16 5500.03 359.355
9428.36 5500.24 359.401
9451.84 5500.28 359.39
9454.73 5500.28 359.464
9460.61 5500.85 359.422
9468.01 5500.75 359.586
9476.22 5501.15 359.669
9487.48 5500.16 359.712
9491.47 5500.45 359.858
9514.27 5497.09 359.507
9543.58 5492.91 359.536
9567.68 5488.91 359.619
9574.64 5487.23 359.627
9589.74 5484.3 359.46
9589.04 5488.86 359.561
9600.66 5493.78 359.475
9603.71 5495.52 359.478
9615.26 5499.15 359.365
9620.06 5501.44 359.368
9632.44 5505.03 359.407
9640.97 5506.51 359.334
9648.64 5508.47 359.176
9662.01 5508.06 358.936
9681.05 5507.98 358.912
9690.29 5506.53 358.763
9706.32 5507.6 358.49
9714.17 5506.42 358.56
9720.9 5506.23 358.437
9732.22 5506.13 358.361
9735.25 5505.76 358.36
9746.57 5506.42 358.246
9739.68 5503.9 358.617
9738.89 5502.8 358.562
9744.63 5498.8 358.472
9755.15 5496.02 358.364
9767.03 5493.71 358.22
9771.11 5492.99 358.195
9780 5490.28 357.908
9794.3 5487.82 357.558
9806.62 5485.61 357.465
9817.77 5482.9 357.239
9824.12 5481.22 357.062
9844.72 5478.34 356.647
9867.3 5475.97 356.285
9886.41 5474.69 356.074
9901.35 5472.25 355.875
9907.7 5471.59 355.737
9910.2 5471.1 355.602
9913.14 5470.35 355.478
9925.53 5467.34 355.045
9935.09 5464.57 354.749
9947.21 5461.03 354.715
9959.58 5458.12 354.225
9973.93 5454.6 353.891
9990.33 5449.23 353.807
10001.3 5445.04 353.47
10013.7 5441.86 353.212
10021.2 5438.32 353.114
10029.5 5436.41 352.665
10039.4 5432.81 352.559
10048.1 5429.07 352.303
10057.8 5425.99 352.077
10064.4 5423.63 351.81
10072.1 5421.47 351.554
10076.5 5420.71 351.392
10085.9 5417.81 351.154
10095.9 5414.95 350.878
10107.7 5412.12 350.549
10116.4 5409.04 350.292
10130.9 5404.31 349.801
10141.1 5400.74 349.494
10157.8 5395.04 349.098
10176.3 5392.31 348.631
10197.2 5388.06 348.125
10212 5383.42 347.817
10219 5379.89 347.597
10223.6 5377.64 347.403
10222.1 5376.12 347.124
10236.8 5370.26 346.389
10254.7 5361.57 346.27
10262.2 5358.57 346.078
10277.5 5352.84 345.439
10300.2 5343.51 345.08
10303.7 5338.42 345.134
10306.9 5335.92 344.97
10313.3 5329.62 344.761
10325.5 5326.95 344.134
10327.7 5323.24 344.177
10332.5 5316.19 344.053
10342.1 5307.06 343.747
10361.7 5294.9 343.158
10373.1 5286.45 342.767
10379.2 5283.16 342.658
10383.2 5279.3 342.487
10397.8 5273.1 342.139
10408.6 5268.09 341.886
10411.6 5265.24 341.893
10412.7 5263.85 341.644
10423.1 5257.89 341.147
10432.5 5252.91 340.903
10443.5 5247.89 340.645
10449.7 5244.72 340.426
10451.2 5244.31 340.48
10474 5231.52 339.829
10476.3 5230.37 339.803
10493.5 5220.49 339.189
10495.9 5219.08 339.224
10516.8 5207.46 338.241
10518.5 5204.13 338.329
10541.3 5186.57 337.115
10553.8 5175.72 336.648
10560 5171.45 336.298
10561 5166.2 335.858
10559.3 5164.74 335.884
10569.6 5153.81 335.068
10572 5148.13 334.921
10571.3 5144.34 334.513
10573.7 5139.78 334.111
10589.4 5125.7 333.282
10590.9 5123.23 333.275
10596.4 5117.81 332.784
10615.7 5102.34 331.915
10641.4 5082.27 331.18
10641.4 5082.27 331.18
10658.7 5066.05 330.277
10658.4 5060.8 330.284
10654.4 5058.87 330.175
10646.6 5065.18 330.129
10641.7 5069.35 329.968
10651 5060.05 329.078
10650.5 5061.36 329.104
10653.8 5060.04 328.61
10655.6 5061.71 328.366
10655.6 5061.71 328.366
10613.2 5072.05 328.991
10600.7 5073.62 328.794
10663.8 5034.76 326.609
10663.8 5031.09 326.319
10692.2 5017.29 325.889
10683.6 5016.47 326.89
10683.6 5010.84 326.462
10714.3 4996.15 324.867
10714.9 4991.87 324.614
10690.9 4995.68 325.599
10706 4983.02 324.108
10716.3 4973.73 324.93
10749.9 4955.86 323.442
10749.5 4952.11 323.214
10762.2 4945.14 323.049
10783.1 4932.7 322.641
10797 4924.19 322.311
10803.9 4918.92 322.027
10814.5 4909.62 321.762
10773.5 4921.87 322.799
10776.2 4911.83 321.263
10762.8 4913.75 322.508
10801 4884.51 320.618
10785.9 4887.08 321.948
10821.4 4858.76 320.092
10845.4 4838.72 319.725
10861.6 4824.99 319.461
10866.7 4820.33 319.327
10853.1 4820.16 320.089
10847.8 4816.08 318.775
10858.3 4806.72 318.599
10851.9 4800.6 319.428
10864 4788.86 318.079
10865.2 4778.62 317.741
10887.7 4757.97 317.419
10875.6 4760.75 318.275
10901.9 4739.43 316.826
10913.2 4730.09 316.601
10929.9 4716.17 316.346
10924.2 4715.16 316.109
10942 4700.26 315.772
10956.2 4688.13 315.484
10947.5 4689.9 316.176
10946.4 4685.99 315.056
10957.8 4675.6 314.729
10969.4 4664.39 314.431
10987.4 4646.62 314.185
10995.9 4638.16 313.9
10985.3 4640.07 314.616
11003.6 4620.65 312.876
11019.8 4602.91 312.541
11036.8 4583.11 311.94
11051.4 4565.45 311.635
11063.6 4549.98 311.362
11073.9 4536.63 311.084
11081.5 4526.4 310.96
11088.9 4516.31 310.714
11096.5 4506.03 310.439
11104.3 4495.38 310.133
11111.6 4485.02 309.864
11118.1 4475.46 309.628
11128.3 4459.22 309.256
11135 4446.31 308.974
11139.2 4438.07 308.718
11144.4 4428.36 308.451
11154.6 4414.04 308.148
11160.5 4403.89 307.888
11170.4 4387.15 307.6
11179.5 4374.66 307.299
11186.8 4363.38 307.053
11192.4 4353.13 306.813
11197.1 4343.3 306.537
11201.6 4333.42 306.274
11205.1 4324.01 306.033
11208.5 4314 305.77
11212.8 4302.35 305.477
11218.6 4283.21 305.206
11222.8 4267.3 304.826
11224.6 4260.35 304.723
11226.3 4254.26 304.585
11231.5 4241.18 304.149
11234.7 4234.19 303.904
11238.4 4226.64 303.673
11243.7 4214.59 303.422
11247.5 4206.78 303.129
11252.2 4197.41 302.851
11257.3 4187.14 302.597
11262.3 4176.78 302.378
11267.5 4166.31 302.095
11272.8 4155.17 301.838
11277.8 4144.28 301.58
11282.4 4133.48 301.336
11286.9 4122.53 301.089
11290.8 4112.18 300.838
11294.5 4101.57 300.576
11298.3 4090.78 300.307
11302.2 4079.48 300.046
11306.1 4068.35 299.815
11309.7 4057.19 299.495
11313.3 4046.27 299.187
11316.6 4035.43 298.818
11319.6 4025.14 298.442
11322.5 4014.47 298.043
11325.2 4003.32 297.636
11329 3990.65 297.205
11338.4 3964.67 296.264
11342.1 3953.72 295.757
11342.1 3953.72 295.757
11346.6 3935.79 294.87
11346.6 3935.79 294.87
11348.9 3915.24 293.528
11350 3903.67 292.986
11350 3903.67 292.986
11352 3878.67 291.83
11354.3 3860.11 291.115
11355.7 3842.94 290.542
11356.3 3826.83 289.991
11356.5 3811.7 289.417
11356.2 3797.13 288.83
11355.4 3783.58 288.236
11354.1 3770.53 287.66
11352.8 3757.44 287.12
11348.4 3737.63 286.546
11345.9 3729.2 286.244
11344.2 3725.82 285.773
11342.9 3720.98 285.201
11341.3 3715.83 284.705
11339.6 3709.63 284.186
11336.2 3692.79 283.188
11334.5 3684.56 282.852
11333 3674.88 282.312
11330 3654.11 281.471
11328.5 3642.64 280.86
11326.9 3630.65 280.256
11325.1 3619.17 279.721
11323.4 3607.87 279.166
11321.4 3598.38 278.864
11318.5 3588.89 278.199
11316 3577.2 277.556
11313.7 3563.07 276.909
11311.4 3548.65 276.316
11308.4 3535.28 275.787
11300.8 3514.73 274.919
11292.8 3498.7 274.229
11288.3 3489.6 273.602
11279.2 3475.8 273.041
11274.9 3467.86 272.499
11270.7 3460.63 272.195
11266.7 3452.03 271.581
11263.6 3440.25 270.843
11260 3428.87 270.246
11256.2 3418.83 269.73
11252.2 3408.2 269.143
11248.3 3398.35 268.477
11244.4 3388.22 267.868
11238.9 3372.25 267.38
11233.6 3357.31 266.787
11223.3 3330.84 265.858
11218.4 3319.35 265.293
11213.2 3308.33 264.753
11207.4 3300.3 264.322
11201.8 3292.32 263.731
11196 3283.56 263.093
11188.1 3277.27 262.385
11180.2 3269.85 261.83
11165.7 3257.32 261.282
11158.4 3250.13 260.711
11150.8 3241.16 260.113
11143.3 3233.22 259.732
11129.2 3222.41 259.163
11122.9 3218.27 258.922
11116.4 3212.83 258.402
11109.8 3205.3 257.782
11103.7 3198.07 257.431
11095.9 3185.14 256.315
11082.2 3168.09 255.866
11069.9 3157.36 255.237
11057.6 3148.6 254.512
11050.4 3142.39 253.844
11042.8 3134.78 253.28
11035.2 3126.98 252.838
11024.1 3116.52 251.958
10984.1 3108.93 250.419
10983.6 3109.26 250.419
10983.2 3109.62 250.427
10982.7 3109.85 250.435
10982.4 3110.17 250.438
10982 3110.42 250.438
10981.6 3110.47 250.435
10981 3110.53 250.435
10980.5 3110.73 250.438
10980.3 3110.73 250.435
10979.9 3110.75 250.435
10979.6 3110.8 250.435
10979.4 3110.83 250.435
10979.2 3110.89 250.435
10979 3110.95 250.435
10978.9 3111.01 250.435
10978.8 3111.04 250.435
10978.7 3111.08 250.435
10978.7 3111.1 250.435
10978.6 3111.12 250.435
10978.6 3111.13 250.435
10978.6 3111.15 250.435
10978.5 3111.16 250.435
10978.5 3111.17 250.435
10978.5 3111.19 250.435
10978.4 3111.19 250.435
10978.4 3111.2 250.435
10978.4 3111.15 250.435
10978.3 3111.17 250.435
10978.3 3111.19 250.435
10978.3 3111.2 250.435
10978.3 3111.22 250.435
10978.3 3111.23 250.435
10978.3 3111.23 250.435
10978.3 3111.18 250.435
10978.3 3111.2 250.435
10978.3 3111.22 250.435
10978.3 3111.23 250.435
10978.3 3111.24 250.435
10978.3 3111.25 250.435
10978.2 3111.17 250.433
10978.2 3111.19 250.435
10978.2 3111.21 250.435
10978.3 3111.23 250.435
10978.3 3111.24 250.435
10978.2 3111.16 250.433
10978.2 3111.21 250.435
10978.2 3111.24 250.435
10978.2 3111.25 250.435
10978.2 3111.26 250.435
10978.2 3111.26 250.435
10978.2 3111.27 250.435
10978.2 3111.27 250.435
10978.2 3111.27 250.435
10978.2 3111.2 250.435
10978.2 3111.22 250.435
10977.8 3110.01 250.465
10975.1 3103.81 250.518
10968.1 3087.16 250.55
10961.6 3071.25 250.572
10956 3058.62 250.615
10953.4 3052.39 250.645
10951.1 3046.81 250.628
10947.7 3038.24 250.655
10945.8 3033.3 250.647
10943.3 3025.68 250.656
10940.4 3016.4 250.686
10937.7 3007.32 250.695
10934.3 2994.18 250.697
10931.3 2985.29 250.718
10926.4 2973.36 250.7
10921.6 2961.49 250.726
10917 2950.36 250.718
10912.5 2940.18 250.703
10907.4 2929.39 250.618
10902 2917.89 250.488
10892.4 2899.52 250.211
10888.2 2892.11 250.092
10880.2 2879.98 249.538
10876.2 2874.79 249.372
10872 2869.06 248.997
10867.3 2862.12 248.595
10861.2 2852.09 248.141
10854 2840.04 247.693
10846.5 2827.85 247.258
10839.5 2817.15 246.93
10833.1 2808.85 246.62
10820.2 2793.9 245.928
10813.7 2786.89 245.506
10808 2781.5 245.307
10797 2770.44 244.67
10787.9 2762.22 244.23
10779.8 2755.09 243.828
10772.3 2748.17 243.427
10768.6 2743.96 243.22
10763.9 2738.47 242.807
10759.3 2732.93 242.583
10747.8 2718.61 241.764
10747.8 2718.61 241.764
10733.2 2700.92 240.853
10715.6 2676.53 239.884
10707.2 2666.07 239.445
10698.7 2656.21 238.937
10689.8 2646.06 238.369
10682.3 2638.17 238.071
10674.9 2630.73 237.561
10667.9 2624.21 237.138
10660.5 2617.58 236.647
10645.3 2604.68 235.785
10638.7 2599.39 235.534
10631.4 2593.23 235.05
10621.6 2586.05 234.526
10603.7 2574.25 233.804
10588.6 2566.74 233.308
10575.9 2561.86 232.818
10570 2559.87 232.573
10563 2556.57 232.098
10555.2 2551.93 231.654
10546.2 2545.53 231.245
10528.3 2531.84 230.653
10522.9 2530.09 231.094
10517.3 2528.22 230.796
10510.8 2526.26 230.392
10503.5 2523.82 229.97
10495.8 2520.83 229.586
10487.6 2517.25 229.286
10478.4 2512.8 229.004
10468.3 2507.44 228.693
10457.8 2501.7 228.397
10447.3 2495.96 228.095
10436.8 2490.16 227.826
10418.5 2479.48 227.405
10405.2 2473.16 227.132
10394.5 2468.94 226.847
10384.7 2464.92 226.563
10375.2 2460.59 226.287
10369 2456.83 225.997
10361.5 2451.51 225.709
10348.6 2442.8 225.443
10341.5 2437.61 225.215
10335.2 2433.02 225.077
10327.8 2427.41 224.782
10312.5 2415.93 224.326
10300.8 2408.03 224.078
10291.8 2403.04 223.856
10283.8 2399.2 223.57
10277.4 2395.49 223.3
10271.4 2392.23 223.18
10264 2387.96 222.888
10256.4 2383.55 222.63
10247.6 2378.07 222.392
10238.6 2372.61 222.128
10220.9 2362.75 221.774
10212.4 2358.25 221.514
10203.7 2353.64 221.231
10196.1 2349.88 221.097
10187.8 2345.52 220.817
10171.4 2335.34 220.43
10154.5 2324.09 220.063
10146 2318.83 219.813
10142.2 2316.81 219.687
10134.5 2313.11 219.402
10120.9 2306.53 218.99
10116.2 2304.31 218.881
10104.6 2298.2 218.501
10097.7 2294.52 218.338
10091.1 2291.05 218.202
10074.5 2281.58 217.799
10065.7 2276.52 217.543
10056.2 2271.05 217.245
10037.8 2260.4 216.856
10037.8 2260.4 216.856
10019.3 2250.84 216.349
10000.5 2242.67 216.041
10000.5 2242.67 216.041
9992.91 2237.51 215.937
9982.85 2233.43 215.508
9973.63 2229.48 215.254
9955.24 2220.7 214.724
9945.63 2216.05 214.458
9937.62 2212.27 214.313
9929.29 2208.14 214.065
9924.19 2203.1 214.002
9918.25 2197.89 213.711
9911.82 2192.76 213.456
9898.94 2183.3 213.074
9891.68 2178.71 212.8
9878.99 2171.59 212.542
9873.39 2169.08 212.391
9865.76 2165.77 212.113
9856.97 2162.04 211.832
9847.09 2158.03 211.565
9836.16 2153.95 211.293
9824.57 2149.88 211.012
9812.27 2145.76 210.656
9799.37 2140.89 210.252
9786.25 2135.38 209.836
9763.82 2125.72 209.283
9756.02 2122.94 209.082
9746.34 2121.17 208.365
9736.69 2120 207.91
9718.91 2118.74 207.321
9705.58 2119.39 206.894
9698.07 2119.08 206.492
9688.87 2117.98 206.047
9678.01 2116.27 205.618
9660.05 2114.6 205.106
9652.73 2114.14 204.864
9644.08 2112.85 204.35
9634.52 2111.4 203.821
9624.62 2110.07 203.365
9614.17 2108.69 202.888
9602.86 2107.3 202.351
9590.74 2105.75 201.829
9578.22 2104.17 201.349
9565.55 2102.73 200.856
9539.95 2100.45 200.018
9529.98 2100.63 199.727
9519.26 2100.56 199.167
9519.26 2100.56 199.167
9508.57 2100.76 198.589
9493.72 2100.05 197.394
9469.35 2100.1 196.542
9459.14 2100.63 196.01
9442.5 2102.3 195.358
9430 2105.21 194.747
9419.87 2108.56 194.182
9412.85 2109.86 193.651
9404.12 2111.18 193.051
9393.33 2112.4 192.445
9377.49 2112.42 191.665
9361.33 2112.32 190.973
9346.12 2112.87 190.287
9333.94 2114.28 189.954
9323.57 2116.78 189.401
9313.35 2119.77 188.784
9293.84 2126.71 187.818
9279.62 2134.06 187.24
9272.09 2137.84 186.705
9263.5 2141.47 186.111
9254.16 2145.14 185.594
9246.18 2148.8 185.341
9225.06 2157.6 184.383
9216.79 2161.07 183.945
9204.11 2167.79 183.486
9198.87 2171.05 183.269
9192.34 2174.38 182.86
9183.89 2177.69 182.36
9174.1 2180.79 181.852
9163.59 2183.8 181.413
9148.26 2188.79 180.849
9136.67 2192.33 180.464
9111.41 2200.07 179.534
9101.38 2203.94 179.349
9090.99 2207.86 178.998
9073.24 2215.43 178.432
9064.96 2219.06 178.2
9049.95 2225.8 177.731
9043.52 2229.09 177.478
9033.81 2234.98 177.223
9029.02 2237.64 177.025
9024 2240.33 176.879
9007.96 2245.87 176.333
8999.57 2248.74 176.175
8990.15 2251.95 175.913
8979.42 2255.11 175.619
8968.37 2257.8 175.358
8946.81 2262.32 174.978
8936.32 2264.07 174.715
8936.32 2264.07 174.715
8926.39 2266.02 174.454
8907.53 2271.06 173.918
8897.6 2274.42 173.618
8882.27 2280.72 173.341
8876.3 2283.64 173.221
8870.91 2286.33 173.093
8854.63 2292.09 172.514
8844.76 2295.3 172.254
8828.65 2301.27 172.005
8815.4 2307.06 171.725
8806.68 2310.62 171.45
8794.29 2315.03 171.003
8774.91 2320.97 170.274
8750.31 2328.49 169.571
8708.28 2342.6 168.843
8678.41 2354.72 168.368
8668.61 2360.12 168.255
8658.49 2365.13 167.832
8645.62 2371.05 167.396
8604.99 2387.49 166.213
8573.99 2401.39 165.775
8558.44 2408.21 165.39
8542.12 2415.13 165.069
8524.54 2422.41 164.772
8506.33 2430.19 164.546
8488.55 2438.43 164.304
8470.48 2447.17 164.078
8451.88 2456.04 163.861
8433.77 2464.54 163.695
8415.28 2473.05 163.476
8385.59 2487.67 163.259
8370.49 2495.04 163.051
8355.11 2502.65 162.848
8338.58 2510.58 162.629
8320.36 2518.72 162.45
8292.65 2531.71 162.365
8279.48 2537.92 162.175
8263.3 2544.74 161.93
8245.49 2551.76 161.845
8217.51 2562.34 161.76
8192.95 2570.74 161.798
8172.42 2578.16 161.871
8154.71 2585.02 161.963
8142.86 2589.31 162.056
8125.83 2594.52 162.144
8105.17 2601.06 162.241
8088.24 2606.83 162.28
8072.56 2613.03 162.378
8057.19 2618.95 162.469
8040.12 2625.35 162.515
8005.75 2637.3 162.54
7980.98 2645.68 162.58
7966.38 2650.42 162.579
7948.32 2656.05 162.581
7921.29 2664.77 162.382
7888.3 2675.53 162.351
7859.02 2685.2 162.331
7828.94 2695.78 162.285
7797.95 2706.05 162.279
7769.31 2716.09 162.263
7742.19 2725.78 162.293
7714.5 2735.33 162.293
7683.11 2745.75 162.293
7654.62 2756.92 162.308
7628.98 2766.93 162.291
7604.4 2776.19 162.225
7578.6 2786.3 161.982
7550.73 2797.97 161.591
7522.88 2810.07 161.173
7472.2 2833.99 160.559
7453.85 2843.17 160.347
7431.38 2852.95 159.988
7407.75 2863.11 159.556
7383.28 2873.47 159.148
7357.53 2885.09 158.693
7330.18 2897.3 158.363
7298.74 2910.34 158.033
7229.58 2949.35 157.357
7198.69 2969.53 157.045
7184.95 2978.1 156.912
7165.74 2989.38 156.603
7143.44 3002.65 156.289
7099.56 3028.58 155.844
7056.94 3053.94 155.519
7038.93 3065.38 155.375
6997.89 3091.33 154.938
6997.89 3091.33 154.938
6953.95 3117.4 154.38
6915.32 3138.66 154.078
6881.54 3155.42 153.796
6861.21 3169.03 153.478
6849.01 3177.41 153.39
6832.32 3188.97 153.231
6810.18 3201.18 153.264
6810.18 3201.18 153.264
6786.72 3214.47 153.142
6735.03 3242.91 153.003
6705.04 3258.35 152.876
6673.77 3273.55 152.844
6644.49 3288.71 152.637
6614.67 3302.57 152.588
6585.93 3316.72 152.49
6544.26 3337.32 152.374
6511.36 3353.22 152.285
6482.43 3366.58 152.249
6465.55 3375.16 152.297
6432.81 3391.87 152.373
6398.53 3408.64 152.494
6384.59 3417.73 152.389
6371.36 3426.22 152.435
6335.53 3447.35 152.632
6319.51 3457.05 152.717
6280.33 3481.16 152.954
6250.24 3500.2 153.163
6237.18 3507.87 153.26
6223.01 3514.56 153.382
6205.01 3521.86 153.553
6183.48 3530.3 153.759
6131.46 3548.92 154.109
6111.07 3556.41 154.21
6091.48 3563.32 154.412
6068.48 3572.32 154.615
6020.45 3589.15 154.952
5996.59 3597.24 155.156
5971.32 3606.4 155.382
5944.42 3616.58 155.602
5914.58 3629.31 155.844
5869.55 3648.29 156.067
5838.75 3661.79 156.253
5820.89 3669.59 156.44
5790.38 3682.44 156.606
5761.37 3694.56 156.789
5729.86 3705.68 156.94
5695.45 3716.76 157.089
5666.75 3726.77 157.232
5637.68 3737.59 157.41
5609.75 3746.14 157.546
5597.54 3749.3 157.615
5575.84 3753.95 157.71
5564.08 3756.71 157.817
5547.7 3761.09 157.93
5527.45 3766.85 158.067
5509.12 3771.94 158.144
5489.08 3777.88 158.242
5468.46 3784.36 158.344
5434.82 3795.04 158.461
5414.22 3801.34 158.576
5395.73 3807.52 158.834
5385.32 3811.07 158.973
5357.88 3819.03 159.51
5335.19 3825.08 159.75
5317 3829.54 160.17
5301.05 3833.69 160.403
5279.32 3838.5 160.867
5262.35 3841.88 161.399
5244.92 3845.94 161.92
5228.6 3850.33 162.407
5212.84 3853.53 162.898
5186.05 3856.86 163.501
5173.72 3857.31 163.867
5143.28 3858.31 164.823
5119.18 3858.07 165.371
5119.18 3858.07 165.371
5109.28 3857.68 165.604
5068.96 3858.67 167.138
5037.91 3856.89 167.765
5013.96 3854.41 168.249
5000.99 3853.15 168.694
4988.98 3851.5 168.968
4961.97 3848.66 169.768
4947.71 3845.81 170.249
4941.22 3844.66 170.466
4934.28 3843.58 170.677
4923.96 3842.86 171.006
4886.9 3843.88 171.672
4874.54 3844.37 171.835
4841.71 3845.01 172.362
4818.77 3844.83 172.646
4807.16 3845.44 172.92
4785.03 3847.19 173.278
4765.38 3848.07 173.576
4746.59 3848.42 173.789
4738.18 3848.53 173.863
4726.04 3848.94 174.045
4695.76 3850.69 174.333
4683.42 3851.08 174.381
4655.12 3851.39 174.568
4630.62 3851.13 174.594
4614.77 3850.68 174.618
4599.79 3850.24 174.635
4568.36 3850.08 174.658
4536.55 3850.62 174.783
4523.33 3850.66 174.713
4496.91 3850.36 174.712
4474.24 3850.25 174.714
4454.96 3851.04 174.807
4435.23 3853.42 174.94
4424.08 3854.6 175.011
4399.71 3856.18 175.069
4379.84 3858.48 175.184
4366.78 3860.56 175.341
4354.3 3862.61 175.43
4340.15 3864.49 175.539
4309.19 3867.96 175.727
4291.1 3870.17 175.86
4270.48 3872.75 176.001
4249.93 3875.17 176.124
4228.72 3877.46 176.28
4194.44 3880.3 176.384
4166.59 3881.7 176.537
4145.6 3882.24 176.643
4128.87 3882.37 176.745
4111.56 3882.94 176.908
4091.6 3883.05 177.023
4072.44 3882.3 177.171
4055.12 3881.41 177.286
4046.81 3880.79 177.348
4019.87 3880.16 177.58
4000.41 3880.31 177.713
3978.49 3879.3 177.873
3943.01 3876.73 178.008
3929.81 3875.92 178.046
3916.09 3875.99 178.152
3898.95 3876.72 178.308
3862.46 3878.7 178.516
3845.62 3879.9 178.594
3827.6 3881 178.7
3810.16 3882.02 178.784
3783.05 3883.89 178.9
3769.39 3884.13 179.013
3745.65 3884.02 179.135
3730.93 3883.48 179.288
3705.34 3881.67 179.393
3682.94 3880.18 179.526
3663.94 3878.5 179.635
3645.83 3876.82 179.752
3627.77 3875.3 179.853
3616 3874.32 179.975
3600.57 3873.44 180.114
3582.8 3872.75 180.213
3563.13 3871.24 180.354
3546.22 3869.29 180.414
3527.54 3866.52 180.509
3509.29 3864.51 180.62
3491.49 3863.21 180.729
3472.53 3862.26 180.866
3452.69 3861.33 181.018
3431.93 3860.35 181.142
3410.58 3859.28 181.286
3388.33 3858.45 181.394
3365.35 3857.89 181.476
3325.65 3856.66 181.503
3310.58 3856.16 181.52
3278.16 3854.88 181.542
3261.28 3853.74 181.532
3243.05 3852.85 181.531
3214.42 3851.18 181.502
3189.94 3849.41 181.52
3175.53 3848.28 181.505
3158.76 3847.1 181.484
3144.11 3846.15 181.459
3126.05 3845.76 181.479
3106.11 3844.99 181.529
3084.15 3843.07 181.544
3061.32 3841.19 181.53
3039.66 3839.99 181.504
2995.41 3839.31 181.5
2975.88 3839.09 181.526
2944.42 3839.2 181.517
2927.59 3839.59 181.522
2909.01 3840.02 181.526
2889.43 3840.55 181.525
2869.93 3841.02 181.52
2839.59 3841.63 181.507
2823.34 3841.51 181.491
2810.19 3841.04 181.511
2795.74 3840.26 181.499
2766.86 3838.97 181.48
2751.23 3838.18 181.456
2733.73 3837.43 181.436
2715.82 3835.87 181.429
2698.14 3834.35 181.409
2683.19 3833.23 181.394
2665.15 3832.76 181.402
2625.47 3829.09 181.434
2625.47 3829.09 181.434
2585.43 3827.21 181.398
2565.78 3827.31 181.349
2534.73 3827.83 181.344
2521.72 3828.25 181.343
2506.4 3828.47 181.332
2476.19 3829.31 181.28
2460.58 3830.04 181.272
2443.95 3830.93 181.231
2429.62 3831.57 181.235
2413.62 3831.59 181.212
2396.1 3831.36 181.189
2364.19 3831 181.141
2352.07 3831.26 181.117
2339.87 3831.65 181.1
2329.36 3832 181.094
2339.95 3835.09 180.74
2353.39 3837.54 180.758
2358.95 3838.54 180.756
2366.27 3840.18 180.747
2355.12 3839.56 181.095
2348.63 3839.05 181.093
2345.59 3838.69 181.097
2344.94 3838.56 181.096
2344.75 3838.31 181.092
2344.93 3838.2 181.093
2345.22 3838.11 181.092
2345.84 3837.96 181.097
2346.36 3837.85 181.091
2346.7 3837.77 181.095
2346.83 3837.72 181.091
2346.9 3837.7 181.095
2346.99 3837.64 181.091
2347.02 3837.6 181.091
2347.03 3837.57 181.091
2346.22 3838.07 181.165
2345.6 3838.53 181.168
2345.13 3838.95 181.167
2344.8 3839.3 181.17
2344.59 3839.64 181.167
2344.41 3840.24 181.167
2344.42 3840.73 181.167
2344.5 3841.14 181.167
2344.54 3841.31 181.167
2344.58 3841.47 181.167
2342.5 3841.59 181.171
2335.83 3841.61 181.14
2318.93 3841.45 181.139
2310.01 3840.73 181.049
2302.06 3840.07 181.038
2290.19 3838.73 181.021
2284.35 3838.02 181.028
2275.22 3837.31 181.029
2264.12 3836.69 181.034
2254.28 3836.29 181.036
2244.63 3836.13 181.043
2241.35 3838.16 180.735
2234.32 3837.7 180.83
2223.62 3835.59 180.951
2212.42 3832.75 181.078
2203.45 3829.97 181.184
2196.64 3827.5 181.318
2190.84 3826.39 181.679
2182.35 3825.29 182.159
2168.34 3823.3 182.565
2158.45 3821.46 182.924
2150.78 3819.72 183.42
2144.13 3818.53 184.026
2131.4 3815.63 184.628
2119.4 3812.49 185.113
2108.75 3809.11 185.607
2098.42 3805.73 186.155
2093.45 3803.73 186.452
2080.3 3798.62 187.27
2073.96 3795.59 187.731
2068.09 3792.52 187.995
2054.58 3785.51 188.797
2042.9 3778.72 189.343
2038.04 3775.37 189.605
2032.1 3771.41 190.085
2019.77 3762.5 190.872
2013.43 3757.84 191.389
2006.18 3753.1 191.89
1998.45 3748.24 192.392
1990.32 3742.74 192.907
1977.1 3732.46 193.425
1969.86 3727.01 193.922
1957.67 3716.9 194.483
1949.75 3712.31 195.098
1940.77 3707.43 195.648
1925.02 3698.52 196.213
1918.51 3694.55 196.517
1899.36 3682.08 197.566
1894.79 3678.26 197.832
1888.72 3673.91 198.3
1872.92 3661.4 199.2
1868.64 3657.53 199.453
1857.95 3648.55 200.251
1849.45 3640.45 200.813
1845.7 3636.49 201.083
1835.06 3624 201.976
1827.45 3615.14 202.55
1819.6 3605.83 203.112
1811.7 3596.02 203.628
1802.95 3585.9 204.204
1793.86 3576.17 204.739
1788.64 3571.26 205.252
1780.59 3563.06 205.731
1774.75 3556.5 206.223
1768.69 3549.82 206.827
1762.72 3542.02 207.229
1756.28 3534.32 207.752
1752.7 3530.46 208.012
1742.33 3520.44 208.866
1733.35 3510.59 209.422
1725.12 3500.57 209.975
1717.67 3490.78 210.499
1712.52 3484.68 211.062
1702.96 3473.84 211.816
1695.42 3464.18 212.344
1689.26 3455.6 212.889
1683.76 3447.28 213.411
1678.16 3438.91 213.947
1673.23 3430.84 214.489
1666.26 3421.16 215.055
1658.22 3410.4 215.608
1645.81 3376.25 217.283
1645.84 3376.34 217.282
1645.65 3376.15 217.349
1644.7 3375.34 217.482
1633.26 3365.14 217.74
1624.45 3356.84 217.777
1609.62 3342.52 217.787
1599.37 3332.19 217.848
1594.16 3326.03 217.79
1589.92 3320.86 217.868
1583.51 3314.34 217.892
1579.73 3310.69 217.896
1570.04 3301.57 217.932
1561.96 3294.21 218.003
1554.03 3287.4 218.04
1549.47 3283.53 218.12
1545.7 3278.8 217.723
1540.94 3273.46 217.863
1531.32 3263.49 218.221
1523.44 3254.51 218.623
1518.06 3248.8 219.026
1511.66 3242.03 219.459
1509.4 3236.25 219.418
1507.57 3230.83 219.635
1501.46 3218.12 220.31
1499.38 3213.04 220.507
1497.05 3208.09 220.887
1492.16 3198.01 221.476
1488.56 3189.58 221.909
1486.4 3184.83 222.301
1482.56 3175.79 222.737
1479.48 3170.31 223.165
1475.11 3163.79 223.605
1470 3156.1 224.096
1461.38 3142.38 224.66
1458.25 3136.51 224.915
1451.36 3123.52 225.628
1448.64 3117.65 225.902
1445.17 3110.46 226.415
1434.27 3088.1 227.472
1429.92 3076.33 227.952
1427.88 3066.64 228.433
1427.37 3062.28 228.678
1422.04 3049.85 229.869
1418.14 3042.52 230.162
1414.33 3034.31 230.668
1410.51 3025.35 231.122
1403.05 3006.22 231.856
1398.66 2991.13 232.32
1395.77 2978.09 232.807
1393.67 2966.38 233.335
1392.52 2956.12 233.854
1392.15 2946.88 234.337
1390.96 2940.86 234.813
1389.28 2929.55 235.315
1388.48 2919.17 235.795
1388.19 2909.47 236.261
1386.31 2902.09 236.805
1384.08 2894 237.32
1381.14 2880.3 237.79
1379.04 2868.59 238.244
1377.29 2861.58 238.756
1374.42 2848.91 239.327
1373.22 2843 239.575
1371.06 2835.48 240.075
1368.44 2827.05 240.57
1362.82 2807.82 241.373
1360.62 2799 241.636
1356.79 2779.24 242.232
1355.13 2768.89 242.672
1353.83 2752.77 243.175
1353.39 2745.03 243.673
1353.33 2733.04 244.15
1353.35 2728.27 244.375
1350.84 2715.5 245.153
1348.57 2703.78 245.672
1347.75 2693.94 246.112
1347.44 2683.92 246.598
1347.35 2672.37 247.198
1347.45 2659.65 247.763
1348.04 2648.04 248.189
1349.07 2637.21 248.669
1362.32 2654.17 248.192
1369.86 2657.33 248.716
1371.56 2653.43 249.217
1373.2 2643.72 249.652
1374.01 2631.85 250.132
1374.39 2618.82 250.726
1374.65 2611.4 251.249
1375.87 2597.82 251.803
1376.92 2592.27 252.077
1378.81 2579.69 252.869
1379.96 2574.27 253.112
1381.07 2568.43 253.557
1382.93 2553.7 254.455
1385.1 2540.7 255.029
1386.38 2534.46 255.484
1388.02 2528.26 255.979
1389.83 2508.41 256.664
1391.85 2504.11 257.148
1394.15 2489.62 257.874
1395.77 2472.6 258.455
1398.58 2461.81 258.877
1403.61 2463.56 259.265
1407.66 2461.02 259.777
1409.26 2456.09 260.415
1412.14 2444.42 260.82
1412.31 2432.22 261.458
1414.45 2419.72 261.796
1415.14 2413.33 262.044
1415.76 2396.65 262.685
1417.8 2384.15 263.027
1420.47 2372.9 263.41
1422.15 2364.92 263.834
1425.72 2348.45 264.457
1427.34 2341.79 264.65
1428.59 2335.11 264.989
1427.68 2310.16 265.979
1424.8 2282.03 266.387
1422.99 2263.25 266.794
1421.9 2249.88 267.122
1421.57 2244.69 267.229
1421.17 2236.08 267.393
1420.88 2227.52 267.587
1420.93 2220.01 267.738
1420.9 2212.04 267.847
1420.75 2206.73 267.924
1420.83 2192.57 268.076
1420.91 2184.9 268.088
1420.98 2176.6 268.112
1421 2167.94 268.118
1420.92 2158.28 268.164
1420.77 2147.65 268.181
1420.68 2138.63 268.187
1424.7 2143.7 267.645
1428.28 2142.59 267.658
1431.14 2137.16 267.666
1432.13 2130.82 267.681
1432.73 2122.43 267.662
1433.08 2112.32 267.696
1433.2 2101.35 267.701
1433.58 2079.99 267.724
1434.46 2063.62 267.791
1435.72 2049.53 267.839
1437.57 2036.9 267.887
1438.65 2030.01 267.916
1440.45 2017.19 267.948
1441.86 2005.27 267.964
1442.92 1994.21 267.997
1443.03 1987.01 268.058
1442.88 1974.4 268.109
1442.04 1963.17 268.165
1441 1952.61 268.224
1440.69 1943.17 268.264
1440.85 1932.47 268.332
1442.07 1921.41 268.42
1444.46 1908.45 268.484
1447.09 1897.12 268.503
1449.29 1888.1 268.571
1450.17 1884.91 268.542
1451.3 1875.28 268.584
1451.9 1865.1 268.66
1452.26 1858.42 268.702
1453.31 1847 268.712
1453.31 1847 268.712
1453.51 1830.54 268.855
1453.24 1818.98 268.961
1452.75 1800.96 268.995
