x y phi
4089.45 3835.9 180.511
4089.45 3835.9 180.511
4089.44 3835.9 180.511
4089.44 3835.9 180.511
4089.45 3835.9 180.511
4089.45 3835.9 180.511
4089.45 3835.9 180.511
4089.37 3835.9 180.512
4089.28 3835.89 180.507
4088.69 3835.89 180.512
4088.36 3835.88 180.518
4087.69 3835.84 180.508
4084.3 3835.74 180.5
4081.13 3835.71 180.481
4073.26 3835.77 180.472
4069 3835.92 180.477
4055.54 3836.97 180.903
4044.56 3838.12 181.411
4021.78 3840.41 181.379
3996.29 3842.57 181.224
3971.73 3842.49 181.101
3944.9 3842.07 180.95
3915.7 3842.88 180.819
3894.77 3843.77 180.694
3894.77 3843.77 180.694
3844.05 3846.64 180.413
3818.8 3848.84 180.344
3768.9 3851.75 180.621
3749.56 3852.47 181.133
3729.18 3852.63 182.197
3706.67 3852.39 182.486
3655.72 3850.79 182.317
3616.83 3848.45 182.195
3589.64 3848.42 182.064
3573.72 3849.18 182.072
3555.35 3849.73 181.97
3534.53 3849.82 181.829
3510.36 3850.27 181.73
3471.88 3852.1 181.588
3441.3 3853.11 181.482
3426.85 3853.45 181.427
3382.76 3854.77 181.251
3362.28 3855.87 181.202
3308.59 3857.14 180.961
3263.22 3858.99 180.837
3220.99 3860.14 180.742
3181.12 3858.77 180.614
3163.29 3858.7 180.565
3139.37 3858.75 180.441
3077.27 3859.87 180.237
3016.89 3862.57 180.208
2953.81 3867.15 180.186
2896.29 3869.63 180.148
2867.72 3873.37 180.195
2835.78 3874.68 180.86
2801.17 3874.91 181.194
2720.15 3871.16 181.772
2660.9 3868.19 182.755
2619.14 3862.46 183.816
2576.5 3856.95 183.989
2530.83 3854.35 185.045
2511.04 3851.36 185.902
2461.1 3844.81 187.193
2408.37 3837.8 188.268
2387.69 3832.9 189.699
2363.65 3828.93 190.79
2321 3824.89 192.608
2284.29 3810.78 195.139
2265.21 3804.51 195.702
2203.08 3786.19 197.287
2169.74 3772.09 199.895
2108.25 3743.16 202.299
2059.13 3713.18 204.138
2021.31 3684.21 206.404
1989.54 3657.55 208.162
1977.59 3649.68 209.034
1964.66 3639.36 210.177
1900.31 3587.9 215.311
1865.89 3543.2 218.087
1833.84 3514.42 220.59
1796.31 3477.69 223.09
1734.83 3409.63 225.143
1718.71 3388.32 225.145
1684.9 3347.7 227.387
1650.89 3305.04 229.103
1587.72 3219.37 233.363
1544.18 3148.85 236.356
1520.54 3092.31 238.567
1506.64 3051.32 240.695
1499.54 3023.99 243.425
1491.08 2986.4 246.969
1480.2 2939.89 250.537
1464.67 2881.62 252.965
1445.78 2813.85 254.558
1433.98 2748.2 256.037
1430.7 2689.66 257.253
1425.15 2572.64 261.786
1429.71 2488.75 262.425
1430.06 2447.7 262.898
1431.85 2407.44 263.643
1432.73 2299.51 267.422
1431.56 2267.28 267.906
1431.56 2267.28 267.906
1427.08 2173.27 270.452
1425.69 2117.55 270.583
1424.19 2046.13 270.795
1426.7 1981.15 271.532
1427.27 1919.13 271.839
1431.63 1861.21 272.458
1440.75 1737.11 273.946
1449.56 1647.36 274.738
1454.51 1576.14 275.441
1460.6 1541.71 275.476
1465.09 1474.85 278.023
1475.74 1420.22 280.562
1482.63 1377.64 281.495
1490.9 1329.06 282.924
1506.56 1286 285.326
1534.52 1211.73 288.009
1558.65 1161.81 290.372
1583.3 1130.85 291.742
1595.91 1111.23 291.979
1629.25 1043.66 295.424
1664.34 993.164 299.009
1682.25 969.275 300.319
1726.46 907.997 302.958
1754.38 872.237 305.037
1780.63 835.67 306.205
1836.83 764.015 309.899
1861.33 738.048 311.802
1908.62 687.398 314.133
1931.46 667.893 315.494
1987.59 632.373 318.236
2040.41 597.088 319.712
2103.87 553.628 322.407
2137.44 532.908 324.457
2170.41 512.402 327.232
2212.86 483.195 329.466
2304.47 432.374 333.379
2342.31 414.654 334.171
2393.78 390.38 335.984
2435.86 372.665 339.044
2435.86 372.665 339.044
2477.78 361.468 341.259
2598.6 338.825 347.209
2683.83 330.447 348.365
2750.14 323.401 349.501
2808.86 317.011 351.582
2869.68 309.575 353.756
2930.56 302.683 356.173
2958.53 300.99 357.373
3031.86 300.409 358.45
3100.04 301.298 358.648
3174 298.467 0.268199
3233.79 303.451 2.67357
3286.93 309.364 2.37021
3341.17 313.992 2.01351
3394.29 317.725 1.61905
3420.93 319.693 1.35772
3489.06 324.18 0.873581
3546.15 325.515 1.04885
3602.86 326.093 1.6161
3655.34 326.056 2.56767
3704.74 326.435 3.5893
3728.99 327.634 4.16273
3799.85 333.901 4.10616
3838.38 336.082 4.08776
3936.6 342.689 3.5955
3989.14 344.472 3.21816
4082.98 347.104 3.1149
4124.34 349.077 3.06206
4211.03 353.637 2.69854
4271.15 350.404 2.41898
4322.23 348.983 2.32381
4372.35 345.696 2.42973
4436.25 345.15 2.36203
4480.45 346.837 2.19661
4525.05 346.67 2.04709
4547.68 346.008 1.97327
4591.9 346.291 1.81543
4654.57 346.996 1.54573
4684.08 347.188 1.39225
4762.68 346.251 1.61717
4801.21 347.987 2.90933
4861.85 358.471 6.24849
4935.61 374.667 6.8481
4981.81 386.122 8.31548
5007.27 394.066 9.69282
5021.89 403.464 10.4899
5047.3 416.686 12.1685
5087.29 429.669 14.1173
5162.31 460.348 16.3309
5200.22 473.888 16.7011
5241.57 492.76 18.6656
5293.74 516.058 22.0875
5344.75 542.721 24.6192
5441.22 609.681 29.3153
5498.5 669.728 32.3276
5541.1 717.969 35.7148
5570.99 760.273 39.0268
5602.54 794.176 41.5535
5619.01 812.033 42.1958
5643.51 835.925 43.8061
5673.37 868.744 46.4438
5705 908.813 49.2435
5728.99 951.042 52.563
5773.89 1041.31 55.632
5813.33 1119.65 56.4944
5830 1153.67 56.9751
5856.99 1199.11 58.8945
5908.59 1288.82 61.494
5943.25 1359.39 63.2788
5961.48 1398.9 64.8928
5961.48 1398.9 64.8928
5984.94 1449.31 65.4616
6010.8 1504.69 65.7823
6057.96 1620.36 69.5593
6071.71 1676 69.9216
6088.17 1737.06 69.6192
6106.21 1797.37 69.3256
6132.64 1859.32 69.1174
6170.16 1949.36 68.9168
6188.71 1992.91 68.8455
6209.19 2045.26 68.7497
6233.26 2100.96 68.612
6256.44 2159.3 68.4933
6279.57 2217.74 68.3877
6305.46 2277.82 68.2657
6332.3 2336.52 68.0653
6371.25 2417.73 67.9715
6384.19 2443.82 67.8904
6408.03 2497.18 67.7276
6420.89 2527.94 67.525
6443.02 2575.15 67.2996
6453.94 2596.03 67.3328
6467.4 2624.55 67.8811
6484.67 2656.11 70.209
6498.57 2734.63 73.6245
6505.55 2779.19 73.411
6516.93 2834.82 73.0316
6532.89 2898.39 72.6305
6551.3 2967.66 72.3516
6569.28 3032.76 72.0839
6588.81 3098.89 71.8262
6607.51 3161.96 71.6613
6625.44 3221.21 71.4724
6642.86 3274.78 71.3666
6659.84 3326.87 71.2223
6673.82 3366.12 71.162
6698.02 3433.35 71.1635
6702.37 3455.01 71.3113
6711.3 3482.44 71.1308
6724.22 3518.61 70.9087
6756.61 3594.68 70.4313
6781.17 3653.93 70.267
6794.21 3689.17 70.0908
6808.17 3728.3 70.1196
6832.81 3784.77 69.7011
6847.55 3818.94 69.6297
6863.22 3855.02 69.4654
6878.78 3889.03 69.2296
6895.33 3923.61 69.0345
6922.58 3976.75 68.8207
6935.44 4005.05 68.4799
6946.82 4032.13 68.3423
6958 4058.75 68.2857
6966.83 4079.58 68.4509
6981.15 4127.41 69.7374
6989.54 4154.57 71.116
7000.73 4193.37 71.8397
7009.37 4228.27 71.7369
7020.25 4269.12 71.4365
7032.32 4316.01 71.1258
7045.35 4365.13 70.8872
7057.55 4412.45 70.6771
7068.63 4457.71 70.4492
7079.88 4502.03 70.1803
7091.52 4549.37 69.9603
7117.87 4632.39 69.5154
7129.63 4672.15 69.3504
7147.67 4733.52 69.1213
7157.77 4759.94 68.6835
7171.16 4789.92 68.5101
7188.84 4824.4 68.1949
7206.92 4860.68 67.9317
7240.74 4909.36 67.6929
7263.4 4967.6 66.732
7283.73 5013.64 66.2145
7303.11 5056.89 65.616
7322.55 5098.74 63.8275
7350.45 5141.01 60.9516
7367.51 5161.78 59.4105
7392.13 5190.61 56.8173
7424.94 5226.33 54.9534
7464.82 5269.17 53.3346
7510.32 5313.99 51.545
7558.63 5356.93 49.6119
7654.15 5422.02 46.8149
7686.1 5440.04 46.5911
7829.69 5511.77 39.3039
7858.56 5528.77 39.8994
7991.75 5565.89 34.868
8012.31 5576.22 34.061
8074.22 5581.46 30.5752
8125.18 5570.97 27.6922
8125.17 5551.32 24.8723
8148.12 5542.1 21.5525
8165.56 5540.73 19.8508
8271.57 5536.81 14.5142
8271.57 5536.81 14.5142
8325 5533.98 13.494
8471.9 5539.85 12.1574
8575.85 5534.55 11.7403
8652.17 5526.99 11.1509
8691.04 5516 10.7913
8740.22 5510.69 9.96395
8771.79 5512.52 8.83339
8830.44 5510.73 6.78193
8886.35 5507.55 4.81824
8951.96 5505.09 4.31918
9008.68 5503.54 3.73416
9054.75 5516.53 2.21948
9117.06 5526.21 359.771
9186.99 5531.7 358.716
9217.89 5532.28 358.558
9295.79 5532.29 358.023
9320.41 5529.31 358.541
9371.95 5524.06 358.048
9415.29 5516.86 357.669
9452.82 5509.57 357.547
9538.74 5495.94 357.049
9603.15 5485.88 356.564
9640.31 5484.13 356.571
9687.55 5483.76 356.153
9731.4 5484.7 355.713
9780.66 5479.79 354.689
9835.56 5473.26 353.336
9911.85 5462.14 351.251
9990.59 5443.47 348.438
10059 5424.65 345.692
10133.1 5400.13 343.387
10158.6 5391.04 342.608
10260.6 5353.09 339.483
10334.5 5316.95 337.07
10389.9 5282.85 335.159
10431.7 5250.6 332.325
10447.1 5239.44 329.323
10442.4 5219.05 327.783
10495.4 5183.29 323.973
10549.2 5147.52 323.073
10548.6 5124.76 322.742
10568.8 5088.32 319.695
10673.3 4996.84 314.36
10714.7 4944.85 313.314
10759.1 4887.44 310.505
10835.1 4793.99 308.079
10888.6 4722.81 307.83
10934.2 4644.6 304.996
10974.2 4572.89 303.945
11037.4 4459.16 300.097
11073.4 4404.52 298.953
11089.5 4374.67 297.244
11120 4255.76 293.511
11144.3 4182 291.235
11162.2 4131.27 289.118
11180.6 4078.84 285.845
11195.9 4021.68 281.643
11206.9 3962.76 278.923
11211.2 3895.18 274.516
11210.7 3810.95 271.634
11196.8 3651.25 269.861
11186.8 3578.96 268.674
11173.2 3507.16 266.832
11164.2 3435.09 265.541
11155.3 3383.62 264.425
11139.5 3322.94 261.455
11096 3219.69 256.8
11071 3167.69 252.526
11021.6 3089.51 248.048
10999.6 3058.22 246.531
10950.8 2981.24 244.318
10899.3 2911.01 242.964
10848.9 2847.25 240.309
10818.4 2810.53 237.708
10779.8 2767.49 232.527
10686.9 2690.79 228.317
10645.7 2660.98 228.211
10559.3 2591.07 227.27
10514 2554.29 226.109
10468.2 2517.01 223.346
10413.9 2475.16 219.927
10324.6 2418.66 217.12
10259.2 2383.07 215.17
10231.7 2368.04 214.398
10203.5 2345.47 212.814
10129 2299.13 209.134
10094.3 2281.29 207.739
9995.85 2239.89 202.782
9906.76 2209.75 200.669
9824.51 2191.95 198.095
9785.75 2185.59 196.643
9744.85 2180.21 194.998
9695.17 2173.73 191.951
9578.22 2167 187.012
9509.74 2169.23 184.076
9433.03 2172.95 180.831
9373.11 2177.65 179.203
9311.08 2184.03 176.187
9250.79 2191.9 173.544
9128.62 2212.1 170.039
9043.96 2233.28 168.715
8989.05 2249.73 167.369
8967.06 2257.31 166.889
8937.64 2267.31 166.491
8877.03 2286.12 166.055
8837.88 2298.35 165.626
8771.44 2319.3 164.52
8708.78 2339.24 163.211
8671.76 2352.26 162.109
8593.11 2383.09 160.414
8546.55 2401.96 159.242
8473.26 2437.75 157.317
8415.84 2469.66 156.433
8383.6 2487.1 156.351
8341.42 2508.48 156.172
8291.28 2531.8 156.282
8247.49 2552.56 156.387
8247.49 2552.56 156.387
8198.07 2574.32 156.877
8073.37 2624.85 159.778
8015.39 2647.12 159.524
7957.78 2668.72 159.306
7909.74 2686.64 159.181
7810.12 2722.04 158.768
7764.79 2740.08 158.556
7728.52 2754.69 158.466
7664.64 2781.91 158.238
7664.64 2781.91 158.238
7642.4 2792.65 158.194
7579.49 2824.37 157.977
7553.75 2838.37 157.916
7524.8 2853.25 157.865
7488.91 2869.28 157.937
7448.67 2886.78 158.136
7403.68 2906.08 158.802
7364.65 2922.18 158.947
7282.46 2955.88 158.818
7215.94 2985.01 158.639
7161.69 3011.62 158.439
7127.17 3028.02 158.227
7061 3058.34 158.076
6999.51 3086.39 157.866
6949.65 3111.72 157.667
6907.35 3129.46 157.5
6871.71 3145.3 157.273
6856.04 3152.71 157.205
6833.78 3162.99 157.064
6780.44 3188.02 156.763
6750.44 3201.9 156.566
6709.42 3218.83 156.363
6664.05 3238.76 155.872
6621.44 3257.35 155.827
6581.73 3277.68 155.251
6534.73 3301.82 154.934
6479.24 3330.18 154.66
6375.25 3388.59 154.278
6307.83 3430.91 154.088
6307.83 3430.91 154.088
6307.83 3430.91 154.088
6250.14 3459.99 153.704
6152.11 3507.08 153.532
6087.75 3537.78 153.528
6036.49 3560.96 153.884
5993.7 3583.14 154.18
5962.14 3598.06 155.477
5921.99 3619.43 157.337
5852.13 3651.9 159.206
5789.37 3681.91 161.354
5759.76 3694.13 162.605
5718.56 3710.11 164.79
5666.6 3727.42 166.235
5609.64 3743.97 166.964
5544.63 3759.68 167.567
5480.7 3773.94 168.975
5414.29 3786.97 171.207
5273.8 3813.29 174.942
5243.58 3818.22 175.201
5217.92 3822.99 175.136
5155.36 3831.67 175.351
5126.73 3835.8 175.782
5100.47 3839.03 176.508
5064.5 3842.89 178.182
5020.59 3843.12 179.432
4974.21 3844.84 179.665
4925.37 3847.83 179.378
4876.28 3852.04 179.11
4763.25 3862.36 178.867
4726.56 3866.75 178.77
4706.28 3870.85 178.669
4689.99 3874.27 178.574
4681.36 3875.86 178.526
4667.79 3877.83 178.418
4650.56 3880.31 178.328
4629.98 3880.9 178.262
4606.16 3880.4 178.171
4579.87 3879.78 178.079
4537.43 3879.34 177.994
4519.71 3878.97 177.937
4479.54 3879.81 177.861
4461.88 3880.41 177.856
4429.37 3883.39 177.851
4410.39 3886.86 177.875
4403.61 3888.49 177.93
4392.51 3890.14 178.571
4361.43 3891.82 179.768
4328.92 3893.03 179.709
4312.2 3894.09 179.816
4312.2 3894.09 179.816
4312.2 3894.09 179.816
4250.93 3896.87 181.695
4197.69 3898.27 181.801
4169.78 3897.37 181.69
4169.78 3897.37 181.69
4113.58 3895.1 181.643
4071.68 3894.11 181.54
4032.88 3893.13 181.475
3997.01 3891.82 181.41
3997.01 3891.82 181.41
3960.98 3890.97 181.224
3929.86 3890.39 181.171
3868.98 3891.27 181.018
3839.42 3892.25 180.983
3839.42 3892.25 180.983
3766.4 3893.11 183.88
3696.92 3885.87 184.296
3667.62 3882.73 184.119
3631.89 3880.14 183.836
3559.49 3874.74 183.47
3509.01 3871.64 183.302
3485.24 3870.94 183.363
3456.17 3870.19 183.257
3421.42 3869.65 183.126
3383 3868.67 183.056
3339.82 3868.52 183.054
3244.59 3863.54 182.9
3197.39 3862.5 182.897
3142.1 3861.29 182.803
3082.06 3860.12 182.707
2977.54 3858.25 182.671
2895.32 3858.15 182.759
2833.91 3859.38 182.986
2782.94 3859.16 183.599
2742.46 3853.95 184.938
2704.02 3850.42 186.117
2675.96 3848.21 186.094
2622.73 3843.16 186.16
2574.4 3838.74 186.806
2574.4 3838.74 186.806
2509.14 3833.72 187.4
2462.21 3830.06 188.055
2421.96 3825.7 188.799
2386.59 3819.55 191.208
2347.56 3810.95 193.926
2267.23 3789.96 196.766
2211.83 3772.43 198.426
2171.83 3757.77 200.624
2154.16 3749.77 202.046
2105.01 3725.66 205.457
2080.92 3709.71 207.396
2052.16 3689.51 210.732
2013.74 3664.89 213.466
1985.17 3641.96 215.476
1915.05 3586.21 219.29
1859.51 3538.81 221.769
1823.59 3510.2 223.183
1792.84 3484.58 223.985
1733.44 3434.76 227.279
1715.53 3419.24 228.247
1708.78 3406.53 232.428
1687.68 3365.75 237.452
1674.39 3337.19 238.499
1637.82 3265.55 239.109
1615.06 3221.77 240.094
1578.84 3151.76 242.213
1564.62 3122.18 243.674
1539.15 3063.84 247.435
1519.04 3016.56 249.273
1519.04 3016.56 249.273
1498.62 2961.7 255.074
1488.63 2924.72 256.908
1477.52 2881.52 259.549
1468.75 2833.68 261.341
1461.79 2777.55 262.814
1450.81 2672.24 263.515
1446.07 2618.62 265.217
1442.22 2565.56 267.069
1441.24 2522.21 269.306
1441.24 2522.21 269.306
1439.69 2407.66 269.048
1438.65 2347.51 268.933
1435.28 2256.93 268.605
1426.15 2167.96 268.229
1424.5 2131.18 267.444
1425.33 2097.23 267.317
1425.01 2074.39 267.264
1424.24 1999.95 267.994
1422.7 1963.21 268.573
1422.7 1963.21 268.573
1421.14 1889.92 271.386
1424.29 1773.59 272.56
1426.33 1726.9 273.278
1427.07 1673.82 274.777
1429.74 1616.34 277.206
1437.48 1515.91 279.498
1442.77 1448.29 279.954
1444.37 1426.04 280.362
1451.67 1381.24 280.201
1454.62 1361.34 280.124
1458.42 1333.13 279.966
1458.69 1325.86 279.914
1457.79 1328.4 279.925
1457.83 1328.8 279.93
1458.65 1322.31 279.924
1459.5 1314.57 279.911
1461.29 1293.1 280.155
1464.15 1271.28 280.255
1471.43 1222.07 282.63
1487.1 1150.85 284.85
1499.71 1104.07 286.459
1499.71 1104.07 286.459
1518.86 1078.35 292.343
1547.58 1057.48 295.853
1579.8 1026.06 296.82
1599.07 1004.36 296.589
1618.52 981.376 296.839
1658.9 937.019 303.426
1676.05 922.187 304.823
1692.18 909.032 306.092
1717.7 879.583 309.675
1764.74 829.411 310.275
1790.46 804.322 310.35
1831.17 766.168 310.234
1858.13 738.055 310.418
1874.99 718.991 310.739
1903.76 686.417 310.759
1932.11 656.84 310.766
1948.67 640.607 310.985
1965.87 623.384 311.384
2009.76 576.849 314.964
2087.19 498.791 315.116
2142.43 446.411 316.785
2171.17 423.732 320.902
2208.7 398.238 327.528
2251.08 378.725 332.427
2299.22 357.698 333.877
2353.97 335.612 334.513
2400.98 317.934 334.963
2458.85 288.102 336.643
2549.99 266.697 340.331
2616.32 266.68 343.691
2676.62 269.419 346.077
2728.77 270.995 349.189
2785.32 280.925 353.245
2854.33 293.089 354.445
2886.02 296.112 354.372
2966.18 296.651 354.731
3037.16 296.998 356.671
3037.16 296.998 356.671
3095.56 297.833 359.091
3184.98 302.302 359.001
3252.13 304.78 358.99
3287.97 305.896 358.91
3344.95 307.489 358.679
3385.23 306.11 358.5
3420.27 304.536 358.298
3456.25 303.871 358.057
3483.21 302.758 357.984
3536.71 300.277 358.461
3581.96 298.852 359.969
3613.4 301.141 3.01377
3668.04 309.741 3.07242
3723.16 318.224 2.7405
3782.78 325.027 2.41257
3845.64 329.204 2.2337
3909.53 333.383 1.93087
3951.06 335.767 1.72947
4049.88 337.687 1.1849
4079.04 337.517 1.06669
4140.87 340.464 1.06138
4224.21 340.781 0.0895871
4251.99 340.174 0.180527
4314.24 337.9 0.579749
4368.28 334.741 0.0293015
4388.23 333.317 0.108535
4438.1 331.611 0.187024
4457.09 335.04 0.0139745
4507.86 332.691 359.471
4559.91 330.456 359.463
4608.59 328.091 359.218
4654.19 324.941 359
4682.59 322.168 358.907
4739.3 318.357 359.995
4775.03 319.414 1.73368
4808.71 322.557 2.92582
4838.02 332.206 4.51904
4922.65 348.349 6.77366
4957.78 355.317 7.19469
4972.38 366.006 8.20377
5041.32 395.603 11.9302
5071.01 408.128 14.0481
5110.62 434.959 16.2408
5139.16 456.444 16.5331
5151.08 465.89 16.4852
5169.38 480.869 16.6488
5198.21 493.925 16.9973
5210.02 500.012 17.4251
5255.98 518.789 21.2365
5309.1 539.857 24.0242
5347.38 556.916 26.212
5367.16 567.878 28.4882
5408.7 591.574 32.3821
5420.39 611.84 35.4295
5437.7 636.044 37.36
5467.49 669.804 38.4103
5488.88 687.907 39.672
5519.25 713.337 41.2423
5551.41 740.835 43.2935
5586.01 771.928 45.9221
5624.55 811.089 48.3033
5657.36 850.977 49.9527
5687.87 887.534 50.8869
5729.27 953.295 54.8072
5752.51 1002.5 56.9956
5767.16 1031.95 58.3634
5778.83 1057 59.3312
5813.97 1121.12 63.1456
5841.3 1176.73 63.9599
5855.12 1203.62 63.9504
5888.49 1276.03 64.2439
5905.86 1312.04 65.7809
5919.79 1349.3 68.6928
5934.43 1389.79 68.8109
5950.17 1436.88 68.5659
5967.8 1484.58 68.2928
5986.14 1533.29 68.1312
6005.54 1580.14 68.0795
6020.95 1616.04 67.8885
6035.04 1652.28 67.757
6062.23 1721.56 67.5768
6073.22 1747.5 67.5192
6093.93 1798.5 67.2435
6110.4 1836.85 67.1274
6119.5 1855.64 67.0687
6128.39 1871.08 67.0424
6141.61 1895.01 66.9567
6148.06 1906.83 66.9503
6157.09 1923.53 66.9037
6166.3 1940.8 66.9166
6182.59 1968.15 67.0482
6202.99 2001.27 67.1626
6222.4 2033.52 67.5243
6235.2 2060.51 69.2591
6244.31 2085.48 70.7009
6255.97 2113.39 70.7399
6264.36 2140.28 71.4199
6272.53 2169.27 72.9362
6278.05 2200.42 73.4259
6284.96 2238.98 73.2752
6293.87 2279.53 73.0224
6308.11 2328.26 72.7957
6322.41 2378.18 72.558
6337.25 2427.96 72.3251
6351.02 2474.19 72.0132
6376.81 2556.61 71.8022
6388.69 2592.34 71.58
6402.29 2630.16 71.3343
6421.83 2685.68 71.2945
6433.44 2724.67 71.077
6444.74 2753.09 70.8341
6452.92 2774.78 70.6311
6461.99 2802.22 70.4867
6478.9 2853.12 70.345
6495.52 2899.87 70.2987
6506.96 2930.89 70.4927
6530.17 2988.23 70.9743
6552.53 3039.87 71.5805
6569.72 3084 72.1512
6579.71 3113.66 72.5884
6592.16 3149.21 72.9057
6605.89 3191.5 73.4932
6616.59 3233.09 73.7579
6628.35 3278.76 73.626
6642.23 3327.18 73.4532
6658.08 3376.7 73.2947
6675.87 3427.64 73.3156
6690.67 3469.46 73.2298
6704.45 3514.7 73.0695
6721.1 3557.44 72.5827
6738.77 3602.54 72.3366
6756.05 3649.9 72.1181
6774.49 3700.23 71.9418
6816.22 3796.1 71.6936
6830.48 3830.14 71.6102
6846.7 3867.35 71.3996
6863.35 3910.02 71.1508
6881.29 3951.94 70.8669
6900.04 3995.14 70.5806
6917.62 4038.59 70.3485
6961.19 4147.29 69.7602
6973.83 4179.87 69.5223
6996.91 4233.62 69.225
7007.35 4256.72 69.086
7029.18 4309.54 68.5513
7043.09 4346.86 68.295
7057.51 4386.5 68.0548
7079.35 4449.36 67.8328
7094.57 4494.65 67.5817
7107.8 4534.72 67.3818
7117.93 4560.8 67.1718
7134.86 4603.57 66.9887
7151.97 4639.77 66.9363
7168.61 4671.77 66.7307
7184.43 4700.81 66.537
7201.28 4733.19 66.4186
7219.27 4755.77 66.3653
7234.57 4787.08 66.0442
7248.61 4815.04 65.819
7261.18 4842.09 65.5306
7275.83 4873.39 64.5478
7287.76 4899.33 63.144
7300.26 4926.22 62.447
7330.51 4988.94 60.9609
7348.34 5025.01 59.4027
7365.89 5057.53 58.0843
7386.62 5096.71 54.6463
7441.37 5176.37 48.2126
7500.54 5229.93 44.0149
7529 5263.63 43.3151
7595.16 5311.37 40.2121
7653.02 5348.68 39.4304
7671.75 5370.11 39.401
7756.12 5424.17 34.6773
7810.54 5448.1 31.3128
7812.31 5450.3 27.1205
7838.71 5465.09 23.0701
7867.01 5480.24 19.2498
7888.39 5488.8 18.5477
7926.23 5500.3 17.8653
8028.11 5535.9 15.7301
8131.39 5568.03 12.062
8217.99 5585.13 7.22771
8294.55 5591.11 2.72323
8357.01 5593.35 0.369091
8410.43 5595.09 359.958
8473.7 5592.67 359.623
8532.55 5587.64 359.273
8595.23 5583.38 359.176
8652.06 5580.88 359.008
8704.93 5576.99 358.917
8754.76 5564.28 358.765
8799.74 5542.66 358.855
8830.24 5532.4 358.672
8891.86 5515.74 358.685
8952.26 5525.3 358.954
9007.39 5532.79 359.079
9032.91 5536.07 359.368
9094.62 5543.15 359.126
9126.43 5545.69 358.916
9168.69 5548.13 358.447
9271.32 5549.54 356.816
9356.39 5548.31 355.3
9405.9 5545.25 353.962
9491.93 5535.12 353.539
9550.05 5525.32 353.133
9615.17 5513.89 352.025
9658.56 5506.88 350.346
9700.77 5498.83 349.177
9756.38 5487.68 346.858
9799.19 5463.51 345.417
9839.23 5438.06 343.559
9893.58 5430.24 343.756
9967.03 5410.69 342.288
10037.8 5388.68 339.79
10105.7 5368.49 336.644
10164.1 5346.76 334.635
10259.6 5301.52 332.525
10289.1 5290.06 332.614
10243.5 5297.84 332.776
10253.3 5287.86 329.613
10287.1 5257.49 326.143
10383.3 5188.72 321.381
10398.6 5170.5 320.154
10465.8 5117.33 317.37
10484 5097.29 316.307
10664 4930.17 312.39
10735.7 4879.68 311.394
10764.3 4859.06 310.436
10833 4754.49 304.592
10849.1 4739.7 304.729
10891.8 4671.6 299.534
10904 4659.32 299.774
10943.6 4574.42 294.339
10968.9 4537.34 295.556
10982.3 4519.3 295.132
11017.7 4466.25 293.379
11052.5 4399.06 291.233
11052.5 4399.06 291.233
11109.5 4300.9 284.151
11123.3 4262.81 282.587
11137.6 4216.86 280.018
11156.9 4142.85 278.258
11166.9 4107.08 277.884
11175.6 4061.07 277.072
11183.1 3998.55 275.718
11189.4 3931.66 273.724
11194.1 3806.88 271.466
11190.3 3726.21 270.208
11186.4 3663.56 268.014
11182.2 3637.47 266.779
11174.4 3607.72 263.566
11164.2 3573.54 259.402
11140.7 3498.99 255.432
11121.9 3437.56 254.381
11108 3394.89 252.853
11106 3382.36 251.223
11097.4 3357.44 249.922
11076.2 3295.29 248.525
11053.3 3230.43 247.713
11041 3199.41 247.018
11003.4 3122.14 244.248
10981.2 3078.71 242.111
10948.9 3026.21 240.24
10918.4 2980.91 239.596
10854.2 2889.24 236.893
10801.2 2818.34 234.866
10773.9 2781.44 233.716
10749.2 2750.18 233.303
10695.5 2679.89 230.59
10650.8 2633.67 227.378
10614 2597.56 223.308
10582.1 2570.1 219.928
10553.1 2546.52 217.04
10524.4 2526.82 214.973
10513.4 2516.37 214.377
10473.5 2486.8 213.736
10432.3 2456.15 213.486
10389.1 2423.8 213.15
10367.1 2408.7 212.902
10336.6 2389.13 211.732
10300.7 2367.33 210.332
10262 2345.05 210.144
10192 2304.18 210.033
10150.1 2279.03 209.979
10131.2 2267.59 209.905
10101.8 2250.48 209.825
10087.4 2242.84 209.693
10064.2 2231.08 209.144
10032.7 2214.93 208.071
9995.18 2199.13 205.961
9951.27 2184.2 202.593
9852.32 2171.31 196.04
9807.46 2171.4 194.626
9711.87 2169.42 193.879
9636.43 2169.89 193.172
9573.47 2170.65 191.989
9517.83 2169.97 190.023
9483.1 2169.26 188.16
9446.65 2167.13 187.509
9414.01 2165.14 187.387
9389.71 2164.36 187.307
9368.49 2165.47 187.307
9367.47 2166.77 187.307
9372.85 2169.78 187.264
9371.83 2171.06 186.787
9359.38 2174.24 184.06
9342.76 2175.85 181.333
9319.11 2177.6 179.939
9283.84 2181.67 178.741
9256.09 2184.68 178.244
9186.88 2195.42 175.242
9124.82 2207.29 172.519
9071.81 2223.04 170.784
9023.19 2239.78 170.02
8977.8 2255.57 169.338
8930.25 2271.46 169.14
8885.04 2284.73 169.018
8858.22 2291.67 168.877
8830.43 2298.81 168.788
8808.34 2304.99 168.754
8770.2 2316.44 168.6
8747.94 2323.29 167.787
8704.58 2337.38 164.914
8680.17 2346.32 163.041
8652.05 2357.54 160.294
8624.54 2370.03 158.391
8595.73 2383.35 157.876
8516.64 2421.2 157.764
8499.68 2430.51 157.757
8479.77 2440.84 157.674
8455.33 2453.66 157.579
8429.18 2466.39 157.542
8399.95 2480.56 157.615
8364.88 2496.61 157.449
8322.74 2514.33 157.39
8236.41 2552.55 157.068
8166.14 2583.51 156.943
8136.89 2596.61 156.867
8111.38 2608.66 156.802
8083.55 2622.75 156.733
8021.46 2655.74 157.38
7993.01 2669.77 158.025
7922.21 2696.42 159.9
7854.46 2719.02 159.714
7808.26 2735.96 159.378
7808.26 2735.96 159.378
7695.7 2778.84 158.916
7602.02 2817.63 158.737
7563.79 2834.04 158.658
7485.45 2867.31 158.389
7438.66 2886.8 158.24
7356.77 2922.26 158.146
7292.26 2949.77 158.056
7233.03 2976.54 157.881
7202.61 2990.79 157.834
7116.33 3031.33 157.659
7072.44 3050.66 157.598
7020.95 3076.11 157.36
6962.44 3101.92 157.183
6851.8 3152.48 156.871
6771.77 3189.16 156.627
6710.4 3217.96 156.487
6650.69 3241.17 156.293
6602.36 3265.74 155.849
6564.33 3290.21 155.358
6507.22 3320.17 155.081
6462.47 3343.1 154.754
6381.93 3386.93 154.494
6315.53 3426.47 154.311
6249.17 3459.87 154.294
6214.4 3476.88 154.181
6171.22 3495.52 154.191
6123.87 3517.75 154.484
6073.1 3539.88 154.635
6024.33 3561.76 155.031
5969.54 3585.22 156.533
5911.95 3607.88 157.884
5855.57 3631.79 158.621
5796.85 3656.5 159.047
5729.18 3682.38 159.514
5655 3707.71 159.565
5578.62 3730.45 159.651
5504.07 3753.28 159.469
5391.36 3786.16 159.171
5353.08 3799.79 159.01
5283.92 3826.77 158.778
5239.26 3846.86 159.026
5204.12 3861.42 159.393
5171.97 3872.51 160.468
5156.8 3875.88 161.488
5134.6 3877.91 164.855
5079.86 3878.27 169.085
5053.46 3877.76 170.05
4995.13 3875.95 171.623
4944.4 3877.36 172.878
4896.06 3879.85 174.867
4843.9 3883.09 175.728
4790.83 3887.36 175.866
4741.18 3889.49 176.2
4698.12 3891.39 176.789
4656.08 3893.18 177.501
4634.46 3893.48 177.979
4569.34 3887.43 179.93
4530.09 3882.53 181.41
4497.78 3878.76 181.219
4415.6 3874.12 180.897
4346.71 3871.08 180.786
4316 3869.88 180.691
4248.22 3869.69 180.309
4217.15 3870.42 180.247
4144.31 3870.81 179.98
4084.27 3869.25 179.846
4041.47 3869.98 179.656
4003.94 3870.29 179.56
3969.29 3869.76 179.451
3935.96 3871.62 179.351
3906.36 3874.21 179.278
3892.16 3875.41 179.236
3873.24 3877.34 179.134
3831.43 3881.5 178.932
3798.08 3885.25 178.829
3768.76 3889.1 178.743
3754.28 3891.04 178.685
3718.16 3893.86 178.535
3696.56 3894.86 178.581
3675.74 3895.19 178.531
3658.46 3895.36 178.497
3645.97 3895.3 178.447
3638.72 3895.15 178.455
3636.28 3894.74 178.45
3641.46 3894.3 178.474
3644.96 3894.08 178.478
3648.21 3893.89 178.48
3653.65 3893.56 178.478
3655.71 3893.43 178.478
3658.45 3893.23 178.479
3659.24 3893.15 178.479
3659.75 3893.09 178.479
3660.14 3892.99 178.479
3660.14 3892.95 178.479
3660.07 3892.92 178.479
3659.83 3892.87 178.479
