# x y d a f
13484.6 1328.08 3493.05 -0.0829138 1
13082.8 1119.29 3213.6 -0.154212 1
13484.7 1328.31 3493.05 -0.0828506 2
13082.9 1119.4 3213.6 -0.154176 2
13777.2 1588.33 3651.82 -0.0127011 2
13486.5 1333.08 3493.05 -0.082016 3
13084.9 1123.84 3213.6 -0.153343 3
13778.9 1593.69 3651.82 -0.0117825 3
13485.8 1329.5 3493.05 -0.0828961 4
13084.1 1120.68 3213.6 -0.154202 4
13778.6 1590.14 3651.82 -0.0125865 4
13485.7 1329.42 3493.05 -0.082865 5
13083.8 1120.51 3213.6 -0.154195 5
13487.1 1333.46 3493.05 -0.0820135 6
13085.5 1124.17 3213.6 -0.153355 6
13779.5 1593.83 3651.82 -0.0118374 6
13085.3 1121.91 3213.6 -0.154163 7
13487 1330.6 3493.05 -0.0828976 7
13486.7 1330.79 3493.05 -0.0827905 8
13084.8 1121.69 3213.6 -0.15417 8
13779.2 1590.74 3651.82 -0.0126635 8
13486 1330 3493.05 -0.0829617 9
13084.3 1121.32 3213.6 -0.154233 9
13487.5 1334.31 3493.05 -0.0819401 10
13085.9 1125.04 3213.6 -0.153266 10
13779.9 1594.76 3651.82 -0.0117522 10
13488.1 1334.42 3493.05 -0.0820397 11
13086.5 1125.3 3213.6 -0.153331 11
13487.9 1334 3493.05 -0.0821524 12
13086.5 1125.32 3213.6 -0.153324 12
13780.5 1594.97 3651.82 -0.0118161 12
13488 1334.28 3493.05 -0.08214 13
13086.6 1125.57 3213.6 -0.153317 13
13780.6 1595.25 3651.82 -0.0118025 13
13486.1 1330.03 3493.05 -0.0831196 14
13084.4 1121.59 3213.6 -0.154334 14
13778.7 1589.97 3651.82 -0.0129699 14
13084 1121.62 3213.6 -0.154276 15
13778.3 1590.44 3651.82 -0.0128049 15
13485.6 1330.04 3493.05 -0.0830701 15
13487.6 1335.4 3493.05 -0.0817255 16
13085.9 1125.83 3213.6 -0.153116 16
13488.2 1335.16 3493.05 -0.0819038 17
13086.7 1126.11 3213.6 -0.153157 17
13780.7 1595.95 3651.82 -0.011636 17
13488.4 1332.36 3493.05 -0.0826878 18
13086.7 1124.18 3213.6 -0.15376 18
13781.4 1593.26 3651.82 -0.0123431 18
13487.6 1331.37 3493.05 -0.0828966 19
13085.9 1122.99 3213.6 -0.154059 19
13487 1331.09 3493.05 -0.0829193 20
13085 1122.11 3213.6 -0.154272 20
13779.4 1590.52 3651.82 -0.0129189 20
13487.7 1334.51 3493.05 -0.0821092 21
13086.2 1125.83 3213.6 -0.153271 21
13780.4 1595.3 3651.82 -0.0118291 21
13780.2 1594.6 3651.82 -0.0120327 22
13487.9 1334.48 3493.05 -0.0821543 22
13086.1 1125.24 3213.6 -0.153497 22
13488.3 1334.75 3493.05 -0.0821738 23
13086.6 1125.51 3213.6 -0.153518 23
13780.6 1594.81 3651.82 -0.0120669 23
13781.2 1595.52 3651.82 -0.0119744 24
13488.8 1335.23 3493.05 -0.0821351 24
13087.1 1126 3213.6 -0.15347 24
13780.7 1592.76 3651.82 -0.0125917 25
13487.8 1331.96 3493.05 -0.0829403 25
13086.1 1123.51 3213.6 -0.154134 25
13487.4 1332.01 3493.05 -0.0828547 26
13085.5 1123.06 3213.6 -0.154191 26
13779.8 1591.62 3651.82 -0.0128108 26
13488.5 1335.24 3493.05 -0.0821697 27
13086.9 1126.33 3213.6 -0.153412 27
13781.2 1596.19 3651.82 -0.0118422 27
13489.4 1336.12 3493.05 -0.0820873 28
13087.7 1127.01 3213.6 -0.153381 28
13781.9 1596.55 3651.82 -0.0118963 28
13970.9 1592.36 3825.72 -0.0123566 29
13489.3 1335.97 3493.05 -0.0821293 29
13087.7 1126.87 3213.6 -0.153424 29
13781.9 1596.33 3651.82 -0.012019 30
13489.5 1336.02 3493.05 -0.0821896 30
13087.9 1127.13 3213.6 -0.153429 30
13489.8 1336.56 3493.05 -0.0821157 31
13088 1127.24 3213.6 -0.153476 31
13782.4 1597.31 3651.82 -0.0118413 31
13488.9 1333.74 3493.05 -0.0828394 32
13087 1124.8 3213.6 -0.154173 32
13781.6 1594.15 3651.82 -0.0125984 32
13489.1 1336.08 3493.05 -0.0822821 33
13087.6 1127.29 3213.6 -0.153503 33
13781.7 1596.81 3651.82 -0.0120001 33
13489 1336.57 3493.05 -0.0821077 34
13087.1 1126.99 3213.6 -0.15355 34
13781.2 1596.38 3651.82 -0.0120693 34
13489.2 1336.53 3493.05 -0.0821756 35
13087.5 1127.29 3213.6 -0.15352 35
13781.9 1597.52 3651.82 -0.0118366 35
13489.5 1336.31 3493.05 -0.0823407 36
13088 1127.65 3213.6 -0.153527 36
13782 1596.97 3651.82 -0.0120689 36
13191.9 1357.13 3213.6 -0.0827535 37
13447.1 1597.52 3347.5 -0.0123623 37
12842.7 1161.93 2975.56 -0.153994 37
13442.1 1592.09 3347.5 -0.0134203 38
13188.7 1351.11 3213.6 -0.0842411 38
12841.4 1155.16 2975.56 -0.155986 38
13472.1 1602.51 3347.5 -0.00715641 39
13220.6 1356.7 3213.6 -0.0790731 39
12875.1 1155.76 2975.56 -0.151961 39
13658.2 1591.09 3493.05 -0.00615431 40
13250.3 1343.98 3213.6 -0.0787973 40
12797 1156.19 2869.29 -0.152905 40
13878.2 1594.48 3651.82 -0.000298019 41
13437.8 1329.44 3347.5 -0.0744378 41
12951.1 1129.31 2975.56 -0.150111 41
14368.9 1821.95 4017 0.0502251 41
13589.5 1349.77 3347.5 -0.054116 42
12993.4 1148.56 2869.29 -0.131584 42
14030.6 1631.53 3651.82 0.0217885 42
14523.1 1877.9 4017 0.0738317 42
13799.3 1351.35 3347.5 -0.0347349 43
13195.9 1130.44 2869.29 -0.11473 43
13209.3 1164.06 2869.29 -0.103217 44
13218.6 1170.02 2678 -0.084567 45
13378.8 1104.08 2678 -0.0839258 46
