# x y d a f
13127.8 1088.56 2770.35 -0.0750456 1
13606.7 1381.58 3090 0.0198358 1
13127.8 1088.41 2770.35 -0.075095 2
13606.7 1381.58 3090 0.0198358 2
13127.6 1087.27 2770.35 -0.0754809 3
13606.8 1380.74 3090 0.0195928 3
13130.5 1088.45 2770.35 -0.0749625 4
13609.4 1381.49 3090 0.0199115 4
13612.1 1387.92 3090 0.0219745 5
13134 1094 2770.35 -0.0728655 5
13136.4 1093.79 2770.35 -0.0727604 6
13614.7 1387.98 3090 0.0221426 6
13133.7 1087.59 2770.35 -0.0750573 7
13612.2 1379.85 3090 0.0196098 7
13130.6 1088.74 2770.35 -0.0750105 8
13609.6 1382.11 3090 0.019962 8
13130.5 1088.46 2770.35 -0.0751076 9
13609.3 1381.38 3090 0.0197552 9
13133.8 1094.45 2770.35 -0.0728181 10
13486.4 1387 2975.56 0.0224358 10
13130.4 1088.84 2770.35 -0.0750227 11
13609.3 1382.01 3090 0.0198971 11
13608 1381.73 3090 0.0197319 12
13129.1 1088.63 2770.35 -0.0752009 12
13128.6 1089.24 2770.35 -0.0750574 13
13607.5 1382.31 3090 0.0198391 13
13130.4 1088.41 2770.35 -0.0751236 14
13609.5 1382.05 3090 0.0199512 14
13129 1089.08 2770.35 -0.075053 15
13607.6 1381.51 3090 0.0196602 15
13128.4 1088.55 2770.35 -0.0752712 16
13607.2 1381.2 3090 0.0195364 16
13132.2 1094.65 2770.35 -0.0728669 17
13610.4 1388.61 3090 0.0219846 17
13136.1 1093.76 2770.35 -0.072778 18
13614.4 1387.97 3090 0.0221312 18
13133.3 1087.35 2770.35 -0.0751782 19
13612.3 1380.75 3090 0.0198357 19
13131.5 1087.7 2770.35 -0.0752609 20
13484.7 1379.46 2975.56 0.0200184 20
13130.2 1088.31 2770.35 -0.0752114 21
13609.1 1381.41 3090 0.0197229 21
13128.4 1088.96 2770.35 -0.0751734 22
13607.2 1381.72 3090 0.0196552 22
13130.4 1088.19 2770.35 -0.0751956 23
13483.7 1380.3 2975.56 0.020185 23
13482.4 1379.64 2975.56 0.0199001 24
13129.3 1088.09 2770.35 -0.0753268 24
13128.7 1088.62 2770.35 -0.0752164 25
13607.6 1381.64 3090 0.0196968 25
13128.3 1088.92 2770.35 -0.0751583 26
13481.2 1380.1 2975.56 0.0199387 26
13127.6 1088.85 2770.35 -0.0752129 27
13480.7 1380.35 2975.56 0.019985 27
13131.6 1093.81 2770.35 -0.073123 28
13609.8 1387.87 3090 0.0218006 28
13136.2 1088.51 2770.35 -0.074693 29
13489.1 1380.22 2975.56 0.0205164 29
13133.9 1087.42 2770.35 -0.0752895 30
13612.7 1380.23 3090 0.0195748 30
13132 1087.79 2770.35 -0.0753577 31
13610.8 1380.76 3090 0.0195617 31
13130.5 1088.24 2770.35 -0.0753563 32
13483.8 1380.28 2975.56 0.0200209 32
13133.7 1093.86 2770.35 -0.0731677 33
13612.2 1388.68 3090 0.0219796 33
13483.2 1379.93 2975.56 0.0199072 34
13130.1 1088.27 2770.35 -0.0753577 34
13129 1088.54 2770.35 -0.0753633 35
13482.4 1380.59 2975.56 0.0200176 35
13606.6 1381.68 3090 0.0195309 36
13127.8 1088.82 2770.35 -0.075357 36
13130.4 1088.54 2770.35 -0.0751447 37
13609.2 1381.34 3090 0.0196922 37
13482.7 1380.21 2975.56 0.020023 38
13129.4 1088.13 2770.35 -0.0753651 38
13129.4 1088.32 2770.35 -0.0753012 39
13608.4 1381.61 3090 0.0197015 39
13135.4 1092.97 2770.35 -0.0731303 40
13613.5 1386.75 3090 0.0217155 40
13134.3 1087.16 2770.35 -0.0751932 41
13613.2 1380.22 3090 0.0197266 41
13130.4 1087.78 2770.35 -0.0754155 42
13483.6 1379.67 2975.56 0.0199238 42
13130.6 1088.31 2770.35 -0.0752345 43
13483.7 1379.93 2975.56 0.020001 43
13128.1 1088.33 2770.35 -0.0754496 44
13481.3 1379.92 2975.56 0.0198049 44
13127 1088.79 2770.35 -0.0753579 45
13480.2 1380.44 2975.56 0.0199041 45
13126.9 1088.54 2770.35 -0.0754416 46
13605.8 1381.67 3090 0.0195377 46
13126.9 1088.68 2770.35 -0.0753745 47
13480.2 1380.47 2975.56 0.0199304 47
13127 1088.85 2770.35 -0.0752872 48
13480.1 1380.24 2975.56 0.0198877 48
13127 1088.37 2770.35 -0.0753846 49
13605.9 1381.31 3090 0.0195313 49
13134.6 1093.31 2770.35 -0.0729538 50
13612.7 1387.39 3090 0.0219568 50
13132.6 1086.91 2770.35 -0.0752854 51
13485.8 1378.69 2975.56 0.0200092 51
13484.3 1378.84 2975.56 0.0199075 52
13131.1 1087.03 2770.35 -0.0754064 52
13134.3 1092.84 2770.35 -0.0731802 53
13486.8 1385.06 2975.56 0.0220195 53
13136.2 1092.24 2770.35 -0.0731883 54
13488.8 1384.81 2975.56 0.022119 54
13136 1092.59 2770.35 -0.0731546 55
13488.5 1384.82 2975.56 0.0220478 55
13135.6 1093.19 2770.35 -0.0730569 56
13614 1387.71 3090 0.0219895 56
13135.6 1093.17 2770.35 -0.0730644 57
13613.8 1387.39 3090 0.0218987 57
13138.3 1092.56 2770.35 -0.073048 58
13490.9 1385.2 2975.56 0.0222639 58
13487.8 1378.67 2975.56 0.0199738 59
13134.6 1086.71 2770.35 -0.0753853 59
13132 1087.37 2770.35 -0.0754574 60
13485.4 1379.42 2975.56 0.0199379 60
13131.9 1088.22 2770.35 -0.0752318 61
13485.1 1380.03 2975.56 0.020065 61
13130.1 1088.45 2770.35 -0.0753411 62
13608.8 1381.11 3090 0.0194876 62
13132.9 1093.64 2770.35 -0.0733249 63
13485.5 1386.17 2975.56 0.0219898 63
13132.4 1087.62 2770.35 -0.0753622 64
13485.6 1379.39 2975.56 0.0199374 64
13135 1093.36 2770.35 -0.0732166 65
13613.3 1387.68 3090 0.0217979 65
12853.8 1100.14 2510.63 -0.0785135 66
13152.2 1361.55 2678 0.0161877 66
12770.9 1100.4 2434.55 -0.0809226 67
13147.8 1354.01 2678 0.0137563 67
13150.7 1369.5 2678 0.0194758 68
12855.2 1104.12 2510.63 -0.0766741 68
13483.6 1376.06 2975.56 0.0206413 69
13038.7 1089.53 2678 -0.0758336 69
13784.4 1398.65 3213.6 0.0285519 70
13277 1081.63 2869.29 -0.069632 70
13313.6 1097.87 2869.29 -0.0603438 71
13820.6 1421.69 3213.6 0.0383112 71
13595.9 1094.28 3090 -0.0525396 72
14180.6 1453.64 3493.05 0.0471531 72
13813.9 1042.54 3213.6 -0.0559365 73
14072.1 1061.99 3347.5 -0.0382441 74
14467.3 1039.86 3651.82 -0.0343837 75
13957.1 1132.64 3090 -0.00611582 76
12695.7 948.519 1217.27 0.10102 97
12678.6 954.703 1181.47 0.109585 98
12685.9 958.689 1164.35 0.116099 99
12780.8 950.613 1236 0.105641 100
12678.6 918.38 1043.38 0.0931809 104
12745.4 924.421 1030 0.083912 106
13003.2 1139.85 1275.24 0.224415 106
12733.4 933.588 991.853 0.0874699 107
12984.6 1146.3 1236 0.230637 107
12816.6 936.014 1016.96 0.0683299 108
13092.1 1165.35 1295.81 0.221681 108
13309.3 1366.84 1515.85 0.312678 108
12816.1 935.518 991.853 0.0591194 109
13093.8 1162.54 1275.24 0.215568 109
13301.5 1359.25 1487.78 0.307983 109
13448.2 1563.27 1639.59 0.390969 109
12795.1 943.49 912.956 0.050175 110
13084.8 1169.58 1217.27 0.215884 110
13289.4 1364.76 1434.64 0.312003 110
13448 1571.76 1606.8 0.396856 110
13500.4 1787.99 1673.75 0.491742 110
12873.9 942.664 967.953 0.0360585 111
13184.3 1184.25 1295.81 0.20657 111
13417.9 1397.36 1545 0.304864 111
13602.6 1626.24 1746.52 0.391211 111
13705.1 1884.18 1868.37 0.486671 111
12854.5 961.853 902.698 0.0355814 112
13144.9 1197.34 1217.27 0.21319 112
13366.9 1404.43 1460.73 0.314152 112
13556 1632.33 1673.75 0.402254 112
12792 928.3 836.876 0.000467562 113
13080.1 1150.3 1147.72 0.18631 113
13297.4 1345.55 1385.17 0.290473 113
13573.4 1798.51 1709.36 0.479791 113
12863.6 931.147 882.858 -0.00814789 114
13188.5 1174.68 1236 0.184216 114
13442.7 1393.62 1515.85 0.290737 114
13644.7 1632.51 1746.52 0.382955 114
13776.7 1911.28 1912.86 0.483061 114
12853 943.667 845.685 -0.00825713 115
13175 1185.32 1199.11 0.188478 115
13408.4 1398.83 1460.73 0.29733 115
13624.4 1640.85 1709.36 0.390166 115
13745.4 1914.15 1868.37 0.491712 115
13842.3 2221.45 2008.5 0.590556 115
12846.9 951.305 780.001 -0.0307668 116
13178.2 1192.57 1147.72 0.180727 116
13406.8 1406.16 1409.48 0.295942 116
13868.8 2247.49 2008.5 0.597046 116
12909.8 955.982 811.516 -0.0394382 117
13255.8 1214.3 1199.11 0.179958 117
13533.6 1451.88 1515.85 0.297049 117
13926.6 2029.79 2008.5 0.500574 117
14028.8 2368.7 2171.35 0.602921 117
12872.3 944.525 772.501 -0.0547162 118
13223.7 1196.83 1164.35 0.170527 118
13508.8 1431.83 1487.78 0.289343 118
13724.2 1687.23 1746.52 0.389455 118
13883.6 1993.17 1959.51 0.495121 118
13979.6 2321.08 2114.21 0.59813 118
12863.2 970.734 686.668 -0.0762982 119
13233.4 1220.07 1100.55 0.166579 119
13500.2 1451.56 1409.48 0.292612 119
13750.1 1719.18 1709.36 0.395669 119
13894.3 2020.73 1912.86 0.504426 119
12911.7 965.983 710.974 -0.093001 120
13301.2 1230.85 1147.72 0.159824 120
13569.2 1472.58 1460.73 0.289583 120
13840 1756.3 1785.34 0.394095 120
13998.7 2078.16 2008.5 0.504275 120
14145 2457.22 2231.67 0.610049 120
12889.4 963.743 663.968 -0.115452 121
13264 1222.16 1085.68 0.151242 121
13566.9 1468.02 1434.64 0.284357 121
13824.4 1747.51 1746.52 0.392078 121
14017.7 2085.8 2008.5 0.503636 121
14161.6 2467.45 2231.67 0.611091 121
13289.9 1245.23 1043.38 0.154623 122
13582.2 1491.94 1385.17 0.293364 122
13847.2 1776.78 1709.36 0.403468 122
14205.8 2520.77 2231.67 0.62563 122
13300.5 1246.29 991.853 0.140413 123
13575.4 1488.17 1317.05 0.287902 123
13838 1768.77 1639.59 0.401872 123
14034.6 2110.16 1912.86 0.518528 123
14151.3 2474.76 2114.21 0.629588 123
13255.9 1232.49 945.178 0.133009 124
13537.4 1467.97 1275.24 0.281442 124
13780.1 1735.16 1575.3 0.396826 124
13921.3 2037.56 1785.34 0.514908 124
14018.2 2369.28 1959.51 0.626422 124
13261.6 1239.13 923.449 0.130441 125
13525.5 1468.77 1236 0.28136 125
13748.8 1724.77 1515.85 0.397845 125
13908.8 2030.01 1746.52 0.516005 125
13998.2 2351.85 1912.86 0.627967 125
13304.7 1254.24 912.956 0.118978 126
13556.5 1484.57 1217.27 0.276571 126
13766.9 1737.41 1487.78 0.396761 126
13913.9 2035.76 1709.36 0.517469 126
13992.1 2347.71 1868.37 0.631136 126
13255.1 1247.73 854.682 0.112032 127
13481.9 1462.23 1131.55 0.271706 127
13678.7 1697.33 1385.17 0.392239 127
13859.8 2245.69 1709.36 0.627993 127
13742.2 2174.82 1575.3 0.634861 128
13806.7 2424.11 1709.36 0.719158 128
13217.6 1232.73 780.001 0.0827253 129
13455.1 1444.58 1071.2 0.254136 129
13660.1 1680.87 1339 0.381775 129
13788.5 1952.8 1545 0.507939 129
13836.4 2222.8 1673.75 0.625619 129
13438.9 1433.13 1030 0.241895 130
13640.3 1664.52 1295.81 0.373272 130
13778.9 1938.14 1515.85 0.502225 130
13848.5 2220.88 1673.75 0.621661 130
13884.8 2458.11 1785.34 0.708764 130
13210 1235.34 723.785 0.0612779 131
13445.7 1445.46 1016.96 0.244426 131
13656.3 1682.29 1295.81 0.377681 131
13765.3 1944.64 1487.78 0.50884 131
13826.8 2220.1 1639.59 0.628932 131
13888.4 2477.25 1785.34 0.716341 131
13277.4 1220.75 765.144 0.0284622 132
13535.5 1446.95 1085.68 0.220631 132
13761 1700.47 1385.17 0.359085 132
13920.5 2002.62 1639.59 0.492491 132
14003 2316.79 1825.91 0.615332 132
14087.9 2613.51 2008.5 0.703691 132
13256.8 1227.11 730.365 0.0247799 133
13507.1 1448.78 1043.38 0.221068 133
13728.8 1696.36 1339 0.360468 133
13871.1 1985.46 1575.3 0.495352 133
13940.6 2282.71 1746.52 0.618842 133
14012 2561.03 1912.86 0.707894 133
13777.7 1942 1460.73 0.497039 134
13856.4 2228.42 1639.59 0.620493 134
13944.8 2510.5 1825.91 0.710391 134
13431.3 1448.54 934.187 0.221576 135
13607.1 1669.1 1181.47 0.365408 135
13783.3 2189.94 1545 0.626928 135
13825.1 2423.46 1673.75 0.717643 135
13473.1 1438.97 945.178 0.194719 136
13686 1677.67 1236 0.345071 136
13811.5 1951 1460.73 0.487363 136
13881.1 2237.48 1639.59 0.615597 136
13467.5 1432.9 912.956 0.178744 137
13674.3 1668.52 1199.11 0.334929 137
13807.7 1942.59 1434.64 0.480099 137
13896.8 2240.07 1639.59 0.61018 137
13942.5 2490.04 1785.34 0.704058 137
13509.8 1455.51 912.956 0.161095 138
13727 1701.67 1217.27 0.324545 138
13915.1 2270.43 1639.59 0.608979 138
13985.7 2546.1 1825.91 0.705261 138
13474.3 1453.09 863.872 0.153175 139
13870 2241.45 1575.3 0.606993 139
13929.6 2500.78 1746.52 0.704162 139
13872.3 2468.86 1673.75 0.708507 140
13738.2 1953.22 1295.81 0.476793 141
13805.6 2227.76 1487.78 0.614953 141
13847 2466.39 1639.59 0.714183 141
13711.3 1708.48 1131.55 0.298738 142
13841.6 1990.98 1385.17 0.460603 142
13923.4 2293.69 1606.8 0.602365 142
14008.6 2585.36 1825.91 0.703247 142
13703.5 1690.57 1115.83 0.286373 143
13829.4 1965.22 1361.7 0.448147 143
13905.9 2260.88 1575.3 0.591858 143
13864.3 2248.5 1515.85 0.595562 144
13931.9 2513.8 1709.36 0.697691 144
14011.1 2556.93 1785.34 0.685095 145
13694.6 1687.86 1043.38 0.253926 146
13962.8 2516.66 1709.36 0.681391 146
13797.5 1963.27 1255.31 0.427132 147
13883.8 2258.13 1487.78 0.579049 147
13967.4 2536.88 1709.36 0.685198 147
13869.8 2268.77 1460.73 0.584808 148
13943.9 2540.55 1673.75 0.692225 148
13944.2 2539.37 1639.59 0.684623 149
13901.1 2520.13 1575.3 0.688388 150
13860.4 2254.16 1385.17 0.563236 151
13883.8 2009.77 1236 0.390474 152
13989.4 2334.4 1515.85 0.556664 152
14091.2 2646.94 1785.34 0.672206 152
13917.2 2051.22 1236 0.389393 153
14041.6 2394.39 1545 0.558801 153
14144.7 2719.04 1825.91 0.676671 153
13947.4 2068.27 1255.31 0.384139 154
14077.3 2421.74 1575.3 0.55572 154
14186.6 2757.72 1868.37 0.674741 154
13982.3 2083.18 1275.24 0.376951 155
14144.8 2466 1639.59 0.552002 155
13994.5 2094.23 1275.24 0.37385 156
14126.3 2462.93 1606.8 0.551787 156
14276.7 2842.04 1959.51 0.673528 156
14004.6 2110.24 1255.31 0.367937 157
14152.7 2490 1606.8 0.549427 157
14300.6 2871.99 1959.51 0.673467 157
14533 4817.81 3347.5 1.05757 157
13983.1 2102.33 1217.27 0.361829 158
14138.5 2483.18 1575.3 0.546868 158
14274.6 2855.56 1912.86 0.673219 158
14537.2 4838.25 3347.5 1.06 158
13995.9 2117.57 1199.11 0.354846 159
14139.3 2494.03 1545 0.544658 159
14299.8 2884.3 1912.86 0.672739 159
14553.6 4877.13 3347.5 1.06319 159
13999.7 2119.27 1181.47 0.348297 160
14131.4 2491.75 1515.85 0.542912 160
14279.7 2872.54 1868.37 0.673342 160
14489 4776.07 3213.6 1.06698 160
13988.3 2130.08 1147.72 0.350535 161
14126.2 2502.18 1487.78 0.546718 161
14262.4 2873.31 1825.91 0.678391 161
14217 4600.61 2869.29 1.11746 161
14491.8 4808.32 3213.6 1.07337 161
13988.2 2125.74 1131.55 0.341643 162
14142.7 2504.42 1487.78 0.539675 162
14279.2 2876.56 1825.91 0.67288 162
14188.1 4512.37 2770.35 1.11483 162
14513.8 4815.08 3213.6 1.06989 162
13987 2128.49 1115.83 0.33757 163
14131.6 2501.3 1460.73 0.538384 163
14258.5 2863.72 1785.34 0.672903 163
14195.4 4528.68 2770.35 1.11644 163
14521.1 4831.36 3213.6 1.07134 163
13990.5 2127.26 1100.55 0.328669 164
14124.1 2496.41 1434.64 0.534573 164
14240.8 2851 1746.52 0.671775 164
14154.7 4457.71 2678 1.11972 164
14462.2 4733.01 3090 1.07378 164
13964.8 2112.45 1071.2 0.32388 165
14083 2468.57 1385.17 0.532481 165
14213.7 2825.46 1709.36 0.670024 165
14112.4 4372.03 2591.62 1.11996 165
14403.1 4623.45 2975.56 1.0737 165
14215.4 2827.57 1673.75 0.668316 166
14023.7 2435.88 1255.31 0.52344 167
14234.6 4299.31 2591.62 1.07805 167
14026.1 2427.17 1236 0.514406 168
14125.7 2747.07 1515.85 0.661477 168
14005.3 4123.94 2295.43 1.12587 168
14242.4 4301.88 2591.62 1.07774 168
14138.4 2758.51 1515.85 0.661634 169
14245.5 4313.98 2591.62 1.08086 169
14030.9 2423.56 1199.11 0.504211 170
14135.1 2748.16 1487.78 0.656777 170
14016 4144.88 2295.43 1.13093 170
14254.6 4321.37 2591.62 1.08148 170
14032.5 2429.05 1181.47 0.503024 171
14150.3 2763.33 1487.78 0.657049 171
14259.6 4337.91 2591.62 1.08492 171
14050.9 2443.83 1181.47 0.501215 172
14165.9 2779.9 1487.78 0.657418 172
14027.3 4179.48 2295.43 1.13842 172
14054.5 2449.23 1164.35 0.49836 173
14160.8 2778.94 1460.73 0.656854 173
14036.7 4195.93 2295.43 1.14068 173
14056.7 2456.39 1147.72 0.496978 174
14176.3 2794.96 1460.73 0.656642 174
14043.8 4213.5 2295.43 1.14371 174
14282.8 4390.17 2591.62 1.0928 174
14188.4 2781.12 1460.73 0.644524 175
14051.7 4204.42 2295.43 1.13943 175
14337 4459.34 2678 1.08721 175
14090.4 2454.28 1147.72 0.476265 176
14204.7 2797.37 1460.73 0.643686 176
14057.2 4222.99 2295.43 1.14304 176
14342.8 4477.55 2678 1.09019 176
14112.6 2472.24 1147.72 0.473604 177
14223.3 2817.65 1460.73 0.643863 177
14064.8 4245.26 2295.43 1.14725 177
14350.2 4500.06 2678 1.09396 177
14109.7 2469.56 1115.83 0.46511 178
14225.4 2816.79 1434.64 0.639318 178
14076.8 4263.37 2295.43 1.14909 178
14363.1 4517.18 2678 1.09507 178
14142.1 2491.88 1131.55 0.462233 179
14240 2834.29 1434.64 0.639355 179
14083.3 4282.83 2295.43 1.1522 179
14369.6 4536.7 2678 1.0978 179
14148.7 2506.14 1115.83 0.463509 180
14258.8 2856.64 1434.64 0.641542 180
14062.7 4242.6 2231.67 1.15749 180
14376.9 4560.21 2678 1.10241 180
14197.8 2532.85 1147.72 0.45671 181
14298 2885.57 1460.73 0.636964 181
14108.1 4320.62 2295.43 1.15541 181
14440 4661.16 2770.35 1.10006 181
14211.9 2542.89 1164.35 0.456528 182
14318.7 2903.91 1487.78 0.636604 182
14136.7 4389.98 2362.94 1.15517 182
14437.9 4664.24 2770.35 1.10029 182
14192.7 2535.9 1147.72 0.456787 183
14293.2 2888.48 1460.73 0.636873 183
14103.9 4323.52 2295.43 1.15515 183
14436 4663.94 2770.35 1.09978 183
14189.4 2535.7 1147.72 0.456914 184
14312.4 2903.62 1487.78 0.636268 184
14099.7 4323.37 2295.43 1.1555 184
14431.5 4663.97 2770.35 1.10016 184
14207.5 2547.71 1164.35 0.458634 185
14313.3 2909.06 1487.78 0.638823 185
14127.5 4394.71 2362.94 1.15752 185
14428.1 4669.74 2770.35 1.10266 185
14191.2 2540.8 1147.72 0.45944 186
14313.3 2908.99 1487.78 0.638757 186
14097.1 4328.29 2295.43 1.15799 186
14428.1 4669.8 2770.35 1.10269 186
14186.9 2535.24 1147.72 0.456879 187
14309.8 2903.16 1487.78 0.636242 187
14097.2 4322.84 2295.43 1.15543 187
14429.2 4663.43 2770.35 1.1001 187
14183.8 2530.38 1147.72 0.454369 188
14307.7 2898.02 1487.78 0.633767 188
14098.2 4318.39 2295.43 1.1531 188
14431.1 4658.07 2770.35 1.09771 188
14177.8 2531.05 1147.72 0.456959 189
14300.8 2898.99 1487.78 0.636334 189
14087.9 4318.81 2295.43 1.1556 189
14419.7 4659.45 2770.35 1.10027 189
14180.1 2535.24 1147.72 0.459065 190
14302.1 2903.52 1487.78 0.63853 190
14085.7 4322.88 2295.43 1.15793 190
14416.9 4664.09 2770.35 1.10252 190
14182.4 2536.8 1147.72 0.459397 191
14304.3 2905.12 1487.78 0.638854 191
14117.9 4390.87 2362.94 1.15777 191
14418.6 4665.75 2770.35 1.10282 191
14198.6 2543.84 1164.35 0.45872 192
14304.2 2905.23 1487.78 0.638946 192
14117.9 4390.93 2362.94 1.1578 192
14418.4 4665.98 2770.35 1.10292 192
14194.4 2538.26 1164.35 0.456422 193
14301 2899.37 1487.78 0.636608 193
14118.5 4385.45 2362.94 1.15534 193
14419.7 4659.83 2770.35 1.10048 193
14173.4 2528.4 1147.72 0.456917 194
14296.4 2896.33 1487.78 0.636278 194
14083.8 4316.03 2295.43 1.15545 194
14415.6 4656.71 2770.35 1.10016 194
14169.6 2526.76 1147.72 0.456984 195
14292.6 2894.66 1487.78 0.636309 195
14079.8 4314.45 2295.43 1.15556 195
14411.6 4655.19 2770.35 1.10028 195
14167 2525.78 1147.72 0.456929 196
14267.2 2878.47 1460.73 0.63713 196
14077.2 4313.41 2295.43 1.15554 196
14409.1 4654.02 2770.35 1.1002 196
14181.8 2532.98 1164.35 0.456494 197
14288.1 2894.23 1487.78 0.636813 197
14074.5 4313.89 2295.43 1.15608 197
14406.2 4654.68 2770.35 1.10075 197
14164.1 2525.41 1147.72 0.456887 198
14287.1 2893.37 1487.78 0.636293 198
14074.1 4313.23 2295.43 1.15561 198
14406 4653.8 2770.35 1.10025 198
14164.2 2525.34 1147.72 0.456813 199
14264.4 2878.09 1460.73 0.637083 199
14074.2 4313.1 2295.43 1.15555 199
14406 4653.8 2770.35 1.10025 199
14211.7 2548.52 1199.11 0.455709 200
14332.3 2928.2 1545 0.636182 200
14169.1 4530.4 2510.63 1.15541 200
14505.7 4851.24 2975.56 1.10006 200
14375.7 5019.89 2975.56 1.16006 201
14835.4 5519.34 3651.82 1.10396 201
14374.4 2670.85 1385.17 0.480848 202
14484.5 3090.92 1746.52 0.660458 202
14353.4 5088 2975.56 1.17652 202
14811.5 5590.47 3651.82 1.11907 202
14183.6 2592.3 1181.47 0.499662 203
14300.6 2966.03 1515.85 0.674096 203
14324.8 4570.46 2591.62 1.12051 203
14151.2 2578.05 1147.72 0.502125 204
14235.6 2917 1434.64 0.675624 204
14294.7 4481.95 2510.63 1.11639 204
14151.7 2593 1147.72 0.516905 205
14253 2948.31 1460.73 0.688987 205
14352.6 4656.5 2678 1.12777 205
14112.6 2563.01 1100.55 0.515437 206
14216.2 2909.92 1409.48 0.68802 206
14356.6 4650.94 2678 1.127 206
14117.7 2558.59 1100.55 0.513384 207
14239.9 2922.16 1434.64 0.687023 207
14095 4470.18 2362.94 1.18763 207
14399.8 4740.51 2770.35 1.12814 207
14183.9 2598.92 1164.35 0.51877 208
14330.1 3004.19 1545 0.694784 208
14652.3 5331.11 3347.5 1.13775 208
14181.5 2590.37 1147.72 0.516671 209
14320.9 2987.17 1515.85 0.69391 209
14554.2 5090.33 3090 1.13722 209
14099.6 2546.14 1057.11 0.518457 210
14216.7 2907.66 1385.17 0.697733 210
14357.2 4692.32 2678 1.14111 210
14067.2 2519.61 1004.25 0.514592 211
14178.3 2864.81 1317.05 0.695362 211
14294.2 4526.51 2510.63 1.14015 211
14083.7 2522.03 1004.25 0.51044 212
14192.7 2868.6 1317.05 0.693629 212
14302.9 4530.93 2510.63 1.14131 212
14083.7 2508.17 979.757 0.499311 213
14196.3 2854.93 1295.81 0.686401 213
14319.3 4530.2 2510.63 1.13914 213
14089.2 2508.72 967.953 0.496656 214
14193.6 2850.18 1275.24 0.686594 214
14325.2 4538.43 2510.63 1.14154 214
14102.3 2518.37 956.43 0.497653 215
14213.5 2867.03 1275.24 0.689672 215
14330.3 4556.31 2510.63 1.14781 215
14215 2860.76 1255.31 0.686196 216
14309.3 4488.08 2434.55 1.14768 216
14197.9 2824.25 1199.11 0.672509 217
14328.2 4486.68 2434.55 1.14416 217
14200.1 2826.14 1181.47 0.671765 218
14050.5 4254.94 2060 1.21458 218
14334.8 4499.58 2434.55 1.14694 218
14208.9 2822.09 1164.35 0.66352 219
14060.7 4263.92 2060 1.2157 219
14346.6 4507.13 2434.55 1.14701 219
14219 2820.1 1147.72 0.655884 220
14050.5 4222.71 2008.5 1.21804 220
14358.4 4517.21 2434.55 1.1478 220
14225.7 2836.45 1131.55 0.661 221
14050.9 4249.06 2008.5 1.22797 221
14325 4476.34 2362.94 1.15771 221
14242 2843.25 1100.55 0.652839 222
14426.6 3166.97 1460.73 0.748918 222
14079.2 4278.42 2008.5 1.22974 222
14355.3 4504.01 2362.94 1.15817 222
14242.3 2834.62 1071.2 0.64355 223
14429.2 3159.93 1434.64 0.743348 223
14071.7 4241.3 1959.51 1.23147 223
14368.3 4515.52 2362.94 1.15829 223
14258.3 2857.49 1057.11 0.644173 224
14454 3192.87 1434.64 0.745663 224
14085.1 4273.94 1959.51 1.23756 224
14381.3 4548.89 2362.94 1.16374 224
14255.6 2843.85 1030 0.632884 225
14435.5 3163.08 1385.17 0.738074 225
14095.4 4280.95 1959.51 1.2367 225
14394 4553.75 2362.94 1.16172 225
14254.2 2833.27 1004.25 0.622381 226
14435 3154.16 1361.7 0.732313 226
14084.7 4242.9 1912.86 1.2384 226
14373.2 4496.64 2295.43 1.16218 226
14248.2 2831.47 979.757 0.619757 227
14431.9 3151.41 1339 0.730245 227
14088.6 4257.26 1912.86 1.24166 227
14377.5 4511.01 2295.43 1.16483 227
14252.7 2839.39 967.953 0.617153 228
14427.9 3152.81 1317.05 0.729749 228
14091.4 4274.28 1912.86 1.24558 228
14380.6 4528.04 2295.43 1.16802 228
14264.3 2841.5 956.43 0.604916 229
14099 4288.89 1912.86 1.24663 229
14390.2 4541.02 2295.43 1.1678 229
14263.6 2851.54 923.449 0.597876 230
14089.1 4277.43 1868.37 1.25338 230
14369.9 4513.6 2231.67 1.17333 230
14250.4 2822.01 892.668 0.580438 231
14419.9 3131.2 1236 0.708507 231
14080 4228.48 1825.91 1.2501 231
14379.7 4504.76 2231.67 1.16814 231
14256 2832.14 882.858 0.577004 232
14416.3 3136.94 1217.27 0.708763 232
14082.5 4246.52 1825.91 1.25388 232
14382.2 4523.05 2231.67 1.17129 232
14414.4 3141.54 1199.11 0.707586 233
14085.4 4263.98 1825.91 1.25733 233
14359.9 4482.72 2171.35 1.17457 233
14412.2 3146.35 1181.47 0.706256 234
14088.3 4281.19 1825.91 1.26039 234
14363.4 4499.87 2171.35 1.17693 234
14087.3 4276.18 1785.34 1.26655 235
14379.3 4534.68 2171.35 1.18026 235
14084.2 4277.56 1746.52 1.27184 236
14368.3 4519.55 2114.21 1.18353 236
14254 2841.02 750.842 0.517685 237
14086.3 4275.86 1746.52 1.27058 237
14372.2 4516.3 2114.21 1.18139 237
14074.3 4253.75 1709.36 1.27443 238
14373.5 4531.83 2114.21 1.18389 238
14082.1 4271.56 1709.36 1.2774 239
14381.9 4549.47 2114.21 1.18603 239
14090.9 4290.95 1709.36 1.28104 240
14391.5 4568.57 2114.21 1.18864 240
14086.7 4266.17 1673.75 1.2817 241
14380.9 4525.55 2060 1.18708 241
14413.3 3141.2 979.757 0.648066 242
14090.7 4281.76 1673.75 1.28434 242
14385.6 4540.95 2060 1.1889 242
14408.5 3141.19 956.43 0.644031 243
14083 4263.95 1639.59 1.28829 243
14368.9 4508.64 2008.5 1.19194 243
14412.2 3138.34 934.187 0.632114 244
14078.7 4247.03 1606.8 1.29103 244
14377.8 4523.55 2008.5 1.19231 244
14419.6 3147.61 923.449 0.627681 245
14083.4 4265.57 1606.8 1.29479 245
14383.1 4542.01 2008.5 1.19505 245
14425.7 3157.52 912.956 0.624263 246
14088.7 4283.77 1606.8 1.29789 246
14389.1 4560.17 2008.5 1.19732 246
14421.6 3138.09 873.262 0.602982 247
14088.7 4265.75 1575.3 1.29864 247
14384.2 4524.31 1959.51 1.19517 247
14085.3 4252.22 1545 1.3019 248
14372.4 4497.18 1912.86 1.19762 248
14420 3144.57 828.248 0.592319 249
14094.3 4273.05 1545 1.30546 249
14382.2 4518.06 1912.86 1.20019 249
14420.7 3138.66 803.401 0.577178 250
14092.5 4258.16 1515.85 1.30699 250
14392.2 4531.16 1912.86 1.1993 250
14095.9 4275.11 1515.85 1.31017 251
14378.6 4506 1868.37 1.20215 251
14098.4 4264.92 1487.78 1.31201 252
14390.9 4523.75 1868.37 1.20246 252
14097.2 4283.5 1487.78 1.31747 253
14373.3 4502.83 1825.91 1.20753 253
14095.4 4251.67 1460.73 1.31356 254
14384.4 4495.05 1825.91 1.20073 254
14096.6 4270.12 1460.73 1.31737 255
14386.2 4513.68 1825.91 1.20349 255
14090 4260.21 1434.64 1.32077 256
14373.1 4491.41 1785.34 1.20548 256
14636.8 3387.55 1004.25 0.60353 257
14084.9 4251.47 1409.48 1.32412 257
14376.5 4507.88 1785.34 1.20709 257
14112.9 4373.76 1487.78 1.3316 258
14417 4628.16 1868.37 1.21194 258
14115.2 4393.28 1487.78 1.33519 259
14421.7 4646.22 1868.37 1.21365 259
14098.1 4361.56 1434.64 1.34237 260
14407.1 4625.7 1825.91 1.21697 260
14095.3 4355.76 1409.48 1.34549 261
14397.7 4605.84 1785.34 1.21861 261
14098.1 4374.56 1409.48 1.34891 262
14401.6 4624.04 1785.34 1.22082 262
14095.2 4366.57 1385.17 1.35208 263
14407.3 4639.54 1785.34 1.22173 263
14086.4 4365.62 1361.7 1.36067 264
14395 4622.66 1746.52 1.22612 264
14099.3 4381.68 1339 1.36529 265
14405.9 4622.15 1709.36 1.22641 265
14090.8 4380.85 1317.05 1.37421 266
14403.7 4644.17 1709.36 1.23294 266
14104.7 4399.86 1317.05 1.37349 267
14407.6 4626.45 1673.75 1.23096 267
14096.8 4353.44 1236 1.38207 268
14398.1 4598.22 1606.8 1.23539 268
14092.2 4356.46 1236 1.38566 269
14395.9 4599.69 1606.8 1.23689 269
14400.2 4636.26 1606.8 1.24401 270
14397.3 4638.17 1606.8 1.24597 271
14402.9 4657.65 1606.8 1.24825 272
14385.4 4619.56 1545 1.25308 273
14404.3 4635.04 1545 1.24948 274
14400.7 4658.29 1545 1.25815 275
14397.5 4651.57 1515.85 1.26123 276
14411.2 4694.12 1515.85 1.26652 277
14399.6 4648.96 1434.64 1.2723 278
14395.5 4651.66 1434.64 1.27535 279
14398.8 4669.09 1434.64 1.27885 280
14418 4670.42 1409.48 1.27547 281
14413 4691.78 1409.48 1.28474 282
14386.6 4624.82 1339 1.2892 283
14390.9 4642.29 1339 1.29204 284
14397.2 4635.81 1317.05 1.29129 285
14387.4 4655.31 1317.05 1.30303 286
14390.6 4675.09 1317.05 1.30701 287
14372.3 4615.02 1236 1.31212 288
14378.1 4636.36 1236 1.31553 289
14377.8 4637.06 1217.27 1.31928 290
14377.2 4638.19 1199.11 1.32349 291
14397 4651.73 1199.11 1.31818 292
14387.3 4637.02 1181.47 1.32258 293
14376.9 4642.39 1164.35 1.33561 294
14373.3 4629.78 1131.55 1.34098 295
14373.7 4628.52 1115.83 1.34358 296
14372.5 4628.44 1100.55 1.34825 297
14371.5 4633.07 1085.68 1.3555 298
14367.1 4620.88 1057.11 1.36147 299
14368.4 4620.44 1043.38 1.36507 300
14375 4633.47 1030 1.37141 301
