# x y d a f
13054.8 1162.34 2591.62 -0.0715652 1
13054.8 1162.38 2591.62 -0.0715496 2
16505.7 1769.12 5738.58 0.0672284 2
13214.8 1405.1 2678 0.0174062 3
13054.7 1162.16 2591.62 -0.0716351 3
13395.8 1698.82 2770.35 0.11269 3
13054.8 1162.41 2591.62 -0.0715415 4
12836 1471.73 2295.43 0.0469663 4
16100.8 1745.85 5356.01 0.0679221 4
13214.5 1404.08 2678 0.0170505 5
13054.7 1162.16 2591.62 -0.0716351 5
13054.9 1162.64 2591.62 -0.071452 6
13214.4 1403.51 2678 0.0168528 7
13054.7 1162.1 2591.62 -0.0716582 7
13214.4 1403.65 2678 0.016903 8
13054.9 1162.63 2591.62 -0.071456 8
13054.8 1162.25 2591.62 -0.0716016 9
13214.7 1404.63 2678 0.0172444 10
13054.8 1162.36 2591.62 -0.0715571 10
13054.8 1162.24 2591.62 -0.0716028 11
13214.5 1403.94 2678 0.017003 12
13054.8 1162.49 2591.62 -0.0715092 12
16100.7 1745.54 5356.01 0.0678692 12
13214.5 1403.91 2678 0.016992 13
13054.9 1162.64 2591.62 -0.071452 13
13054.9 1162.66 2591.62 -0.0714473 14
13214.5 1404.15 2678 0.0170781 15
13054.8 1162.51 2591.62 -0.0715017 15
16100.7 1745.54 5356.01 0.0678692 15
13214.4 1403.51 2678 0.0168528 16
13054.8 1162.37 2591.62 -0.0715542 16
13054.8 1162.28 2591.62 -0.07159 17
13054.8 1162.4 2591.62 -0.0715421 18
13214.4 1403.53 2678 0.01686 19
13054.8 1162.27 2591.62 -0.0715941 19
13054.8 1162.51 2591.62 -0.0715011 20
16505.7 1769.09 5738.58 0.0672246 20
13214.5 1404.08 2678 0.0170533 21
13054.7 1162.08 2591.62 -0.0716663 21
13054.9 1162.67 2591.62 -0.0714439 22
16506 1770.02 5738.58 0.0673718 22
13054.8 1162.29 2591.62 -0.0715866 23
16505.2 1767.19 5738.58 0.0669224 23
13054.9 1162.68 2591.62 -0.0714398 24
16100.9 1746.08 5356.01 0.0679603 24
13054.8 1161.82 2591.62 -0.0717586 25
13054.8 1162.26 2591.62 -0.0715977 26
16505.8 1769.34 5738.58 0.0672628 26
13054.7 1162.12 2591.62 -0.0716511 27
13054.7 1162.14 2591.62 -0.0716424 28
16100.6 1744.99 5356.01 0.0677752 28
13054.8 1162.37 2591.62 -0.0715569 29
13054.8 1162.56 2591.62 -0.0714847 30
16100.7 1745.57 5356.01 0.0678733 30
13054.9 1162.66 2591.62 -0.0714478 31
12836.2 1472.47 2295.43 0.0472616 31
16100.9 1746.06 5356.01 0.0679566 31
13054.9 1162.61 2591.62 -0.0714634 32
13054.8 1162.56 2591.62 -0.0714854 33
16100.8 1745.81 5356.01 0.0679146 33
13214.3 1403.41 2678 0.016817 34
13054.8 1162.49 2591.62 -0.0715091 34
13054.8 1162.54 2591.62 -0.071493 35
13502.1 1710.3 2869.29 0.112517 35
12836.1 1472.35 2295.43 0.0472124 35
16506 1770.05 5738.58 0.0673757 35
13214.4 1403.53 2678 0.01686 36
13054.8 1162.39 2591.62 -0.0715496 36
13054.8 1162.51 2591.62 -0.0715016 37
13214.5 1403.15 2678 0.016725 38
13054.7 1161.57 2591.62 -0.0718557 38
13502 1709.96 2869.29 0.112414 39
13054.9 1162.65 2591.62 -0.0714521 39
13054.8 1162.37 2591.62 -0.0715541 40
12836.2 1472.43 2295.43 0.0472432 40
16100.8 1745.86 5356.01 0.0679222 40
13214.4 1403.56 2678 0.0168713 41
13054.8 1162.23 2591.62 -0.0716095 41
13054.8 1162.54 2591.62 -0.0714923 42
13214.7 1404.81 2678 0.0173058 42
13054.8 1162.54 2591.62 -0.0714935 43
12836.2 1472.6 2295.43 0.0473108 43
16100.9 1746.13 5356.01 0.067968 43
13054.8 1162.26 2591.62 -0.0715981 44
13214.4 1403.67 2678 0.0169104 45
13054.6 1161.65 2591.62 -0.0718286 45
12836.1 1472.11 2295.43 0.0471176 45
16100.6 1745.03 5356.01 0.0677822 45
13054.6 1161.73 2591.62 -0.0717969 46
13502.4 1711.47 2869.29 0.112874 46
16505.8 1769.38 5738.58 0.0672699 46
13214.5 1403.85 2678 0.0169718 47
13054.6 1161.73 2591.62 -0.0717975 47
16100.2 1743.86 5356.01 0.0675823 47
13054.6 1161.57 2591.62 -0.0718576 48
16099.9 1742.8 5356.01 0.0674019 48
13055 1163.09 2591.62 -0.0712856 49
13054.9 1162.19 2591.62 -0.0716194 50
13054.7 1161.63 2591.62 -0.0718308 51
12836.2 1471.77 2295.43 0.0469771 51
16506.2 1768.96 5738.58 0.0671971 51
13214.6 1404.32 2678 0.0171364 52
13054.7 1161.98 2591.62 -0.0717033 52
13215.3 1409.01 2678 0.0187739 53
13055.6 1166.72 2591.62 -0.0699279 53
13055.1 1161.9 2591.62 -0.0718159 54
16101.3 1744.5 5356.01 0.0676448 54
13055.3 1163.59 2591.62 -0.0712232 55
13055.2 1163.11 2591.62 -0.0713956 56
13502.5 1711.39 2869.29 0.112756 56
13053.9 1158.62 2591.62 -0.0731684 57
13052.9 1149.02 2591.62 -0.0763751 58
12973.6 1164.39 2510.63 -0.0729456 59
16087.8 1738.22 5356.01 0.0669546 59
13507.4 1727.61 2869.29 0.118902 60
12983.8 1178.91 2510.63 -0.0668493 60
13010.5 1226.27 2510.63 -0.0475109 61
13252 1468.67 2678 0.0410495 61
16144.6 1869.57 5356.01 0.089827 61
13048.8 1279.02 2510.63 -0.0262583 62
12745.5 1059.75 1164.35 0.154275 88
12765.2 1048.85 1164.35 0.146724 89
12781.5 1038.8 1164.35 0.140065 90
12785.2 1041.77 1147.72 0.144585 91
13089.1 1249 1409.48 0.245433 91
12754.9 1031.26 1100.55 0.140347 92
12981.3 1216.81 1295.81 0.244675 92
12774.3 1010.39 1100.55 0.121308 93
13039.9 1205.39 1339 0.2304 93
12783 1003.95 1085.68 0.11426 94
13034.8 1196.85 1317.05 0.227397 94
13289.1 1447.48 1545 0.333923 94
12736.6 1000.85 1016.96 0.113352 95
12989.7 1188.85 1255.31 0.229261 95
13685.3 1671.06 1912.86 0.372838 95
14000.3 1607.52 2231.67 0.301901 95
12708.2 1004.73 934.187 0.111908 96
12942.1 1187.13 1164.35 0.235845 96
13121.3 1401.44 1339 0.347958 96
12782.2 1022.81 979.757 0.114373 97
13057.2 1226.05 1255.31 0.241683 97
13262 1465.33 1460.73 0.355811 97
12762 1016.13 934.187 0.102224 98
13205.1 1436.11 1385.17 0.350307 98
12781.6 1037.69 902.698 0.104596 99
13031.1 1233.18 1164.35 0.241562 99
13260.7 1481.03 1409.48 0.363521 99
12811.8 1028.27 882.858 0.0718773 100
13075.2 1229.33 1164.35 0.220882 100
14396.8 2398.22 2591.62 0.519039 100
12786.9 1021.29 836.876 0.0557269 101
13062 1219.22 1131.55 0.209869 101
14328.8 2341.61 2510.63 0.513625 101
12800 1023.47 828.248 0.0460093 102
13096.2 1228.37 1147.72 0.205753 102
14486.3 2439.68 2678 0.516346 102
12790.5 1026.57 795.447 0.0374853 103
13085 1231.47 1115.83 0.204157 103
14489.4 2453.01 2678 0.519855 103
12809.8 1042.89 765.144 0.0272064 104
14306 2665.38 2510.63 0.617025 104
14590.2 2542.43 2770.35 0.52911 104
12820.4 1040.61 750.842 0.0104469 105
13152.7 1256.45 1115.83 0.193662 105
14696.1 2594.96 2869.29 0.526777 105
12822.3 1036.12 723.785 -0.0110107 106
13135 1251.81 1071.2 0.185771 106
14806.3 2657.94 2975.56 0.526911 106
12827.2 1038.61 698.61 -0.0249262 107
13135.3 1256 1043.38 0.182414 107
14493.8 2798.98 2678 0.621103 107
14927 2733.77 3090 0.529078 107
12846.2 1053.44 658.525 -0.040565 108
13152.4 1272.93 1004.25 0.181027 108
13499 1586.54 1409.48 0.348939 108
14939.2 1366.55 2770.35 0.100036 108
14606.6 2899.76 2770.35 0.630045 108
12871.7 1067.64 618.001 -0.0609248 109
13179.8 1289.62 967.953 0.177242 109
14649 2943.27 2770.35 0.638107 109
15005.1 2821.29 3090 0.544163 109
13142.4 1280.21 892.668 0.165402 110
14671.5 2963.74 2770.35 0.641812 110
15030.7 2835.7 3090 0.545383 110
13158.1 1286.77 892.668 0.15968 111
14686.8 2972.14 2770.35 0.640758 111
15046.2 2843.05 3090 0.544051 111
13117.4 1288.35 836.876 0.157438 112
14396.8 2771.52 2434.55 0.644735 112
14764.5 2683.53 2770.35 0.546012 112
13133.3 1295.23 836.876 0.150765 113
14468.6 2828.49 2510.63 0.64497 113
14771.2 2693.65 2770.35 0.546543 113
13151.8 1296.14 836.876 0.135679 114
13467.7 1596.04 1217.27 0.337118 114
14559.7 2872.12 2591.62 0.637244 114
14880.9 2737.22 2869.29 0.538694 114
13134.7 1299.26 803.401 0.129337 115
14429 2779.2 2434.55 0.637635 115
14800.1 2690.62 2770.35 0.537867 115
13104.1 1292.2 737.065 0.101572 116
15265.1 1484.61 2869.29 0.09224 116
14332.4 2679.56 2295.43 0.627912 116
14667.3 2583.52 2591.62 0.527147 116
13112.3 1289.23 723.785 0.0825893 117
13760.4 1789.35 1487.78 0.375131 117
14021.9 2734.44 2008.5 0.727245 117
14337 2681.97 2295.43 0.627004 117
14674.5 2586.95 2591.62 0.525611 117
13117.6 1298.71 710.974 0.0806451 118
13766.1 1814.18 1487.78 0.384858 118
14045.9 2797.82 2060 0.740839 118
14379 2754.12 2362.94 0.639609 118
14739.4 2666.46 2678 0.537327 118
13131.6 1302.79 704.738 0.0692558 119
13779.8 1826.31 1487.78 0.384565 119
14717.3 1386.67 2231.67 0.0582579 119
14047.4 2809 2060 0.744121 119
14442.8 2810.76 2434.55 0.641793 119
14826.2 2728.29 2770.35 0.539062 119
13138.1 1296.01 692.587 0.0480604 120
13496.2 1604.82 1131.55 0.297088 120
13825.8 1828.29 1515.85 0.371966 120
14741.2 1366.64 2231.67 0.0453423 120
14112.4 2836.23 2114.21 0.734658 120
14465 2795.84 2434.55 0.632102 120
14849.6 2709.84 2770.35 0.528783 120
13142.1 1304.32 680.848 0.0473284 121
13494.5 1612.37 1115.83 0.299531 121
13837.6 1841.78 1515.85 0.374913 121
14759.4 1382.92 2231.67 0.0481688 121
14115.1 2850.84 2114.21 0.739493 121
14468.6 2812.33 2434.55 0.636645 121
14854.2 2729.43 2770.35 0.533479 121
15152.2 2502.53 2975.56 0.418902 121
13134.5 1304.21 653.172 0.0343435 122
13483.3 1609.5 1085.68 0.29511 122
14122.1 2856.93 2114.21 0.740512 122
14477.3 2818.52 2434.55 0.636828 122
14865 2736.17 2770.35 0.533142 122
13499.6 1614.29 1085.68 0.290521 123
14124.6 2866.01 2114.21 0.743622 123
14481.8 2827.6 2434.55 0.638808 123
15080.1 2476.67 2869.29 0.418636 123
14872.3 2745.3 2770.35 0.534178 123
14146.2 2874.81 2114.21 0.742006 124
14570.6 2879.5 2510.63 0.634838 124
14900.9 2749.94 2770.35 0.529419 124
15211.9 2521.04 2975.56 0.412006 124
13497 1614.16 1030 0.275407 125
13816.9 1835.23 1409.48 0.361676 125
14149.1 2893.11 2114.21 0.747844 125
14574 2899.93 2510.63 0.640337 125
14992.2 2822.76 2869.29 0.534549 125
15219.7 2543.84 2975.56 0.416685 125
13504 1610.43 1016.96 0.264188 126
14169 2892.34 2114.21 0.742677 126
14595.2 2896.02 2510.63 0.634422 126
14927.7 2766.63 2770.35 0.528476 126
15242.9 2534.66 2975.56 0.40947 126
13484.6 1604.61 979.757 0.257788 127
13807.8 1822.66 1361.7 0.348845 127
13845 2844.15 1785.34 0.834051 127
14135.1 2861.17 2060 0.74343 127
15666 1549.46 2975.56 0.0657029 127
14542 2857 2434.55 0.634438 127
14940.6 2770.95 2770.35 0.526853 127
15159.9 2498.66 2869.29 0.408189 127
13468.7 1597.3 945.178 0.248631 128
13803.9 1816.26 1339 0.342051 128
13825.2 2819.04 1746.52 0.834571 128
14145.8 2865.19 2060 0.742297 128
14554.6 2858.91 2434.55 0.632074 128
15475 1532.57 2770.35 0.061228 128
14874.1 2726.73 2678 0.524442 128
15085.9 2460.4 2770.35 0.404792 128
13466.7 1597.29 923.449 0.241633 129
13800.6 1817.06 1317.05 0.339251 129
13829.6 2832.47 1746.52 0.839254 129
14679.9 1655.11 2060 0.13455 129
14151.3 2878.2 2060 0.745693 129
14561.9 2872.25 2434.55 0.634464 129
15608.9 1545.51 2869.29 0.0593779 129
14883.9 2741.05 2678 0.526309 129
15191.3 2511.84 2869.29 0.4052 129
13500.1 1612.92 923.449 0.234377 130
13810.9 1829.79 1295.81 0.337335 130
13815.3 2828.85 1709.36 0.846786 130
14775 1681.07 2114.21 0.132439 130
14904.6 1392.7 2114.21 0.00413741 130
14165.8 2904.46 2060 0.751327 130
15654.3 1566.67 2869.29 0.0588785 130
14579 2898.71 2434.55 0.638523 130
14904.7 2768 2678 0.529287 130
15217.1 2539.45 2869.29 0.407361 130
13487.9 1604.4 892.668 0.221519 131
13829.8 1827.17 1295.81 0.32694 131
13832.2 2830.65 1709.36 0.84241 131
14740.9 1664.08 2060 0.123031 131
14868.2 1380.89 2060 -0.00528975 131
14184.1 2903.03 2060 0.745882 131
14598.7 2894.11 2434.55 0.632265 131
15679.9 1548.97 2869.29 0.0497412 131
15006.6 2805.78 2770.35 0.521842 131
15239.2 2529.53 2869.29 0.399793 131
13481.1 1609.74 873.262 0.221816 132
13821.8 1831.26 1275.24 0.328015 132
13836.3 2843.52 1709.36 0.846538 132
14755.7 1676.23 2060 0.124193 132
14885.6 1392.23 2060 -0.00432906 132
14188.5 2916.54 2060 0.749474 132
14544.4 2866.76 2362.94 0.636098 132
15697.1 1563.55 2869.29 0.0513807 132
14932.2 2776.21 2678 0.525199 132
15248.3 2545.01 2869.29 0.402108 132
13480.4 1609.16 854.682 0.213399 133
13817.8 2824.69 1673.75 0.848752 133
14723.3 1673.39 2008.5 0.120661 133
14157.1 2889.03 2008.5 0.750586 133
14555.3 2873.66 2362.94 0.635425 133
15617 1559.12 2770.35 0.048044 133
14945.3 2782.61 2678 0.523895 133
15172.3 2514 2770.35 0.400916 133
13473.5 1609.95 828.248 0.206268 134
13818.9 1832.95 1236 0.320384 134
13823.4 2838.65 1673.75 0.853063 134
14163.8 2902.81 2008.5 0.753715 134
15646.1 1567.87 2770.35 0.0467379 134
14564 2887.41 2362.94 0.637436 134
14880.9 2754.78 2591.62 0.525808 134
15187.8 2527.01 2770.35 0.401117 134
13474.7 1610.76 811.516 0.198192 135
13799.6 1828.68 1199.11 0.317222 135
13828.1 2850.84 1673.75 0.856897 135
14169.6 2914.61 2008.5 0.756359 135
15673 1574.25 2770.35 0.0451525 135
14571.7 2899.15 2362.94 0.639055 135
14891 2766.84 2591.62 0.526801 135
15201 2539.59 2770.35 0.401705 135
13460.1 1610.4 780.001 0.191764 136
13798.3 1831.73 1181.47 0.314841 136
13807.6 2837.11 1639.59 0.861867 136
14174.6 2928.01 2008.5 0.759703 136
14578.6 2912.76 2362.94 0.641408 136
15699.1 1583.43 2770.35 0.0444397 136
14975.6 2823.25 2678 0.527997 136
15214 2553.12 2770.35 0.402562 136
13457.3 1610.38 757.925 0.181317 137
13799.9 1833.46 1164.35 0.309905 137
13818.9 2847.17 1639.59 0.862344 137
14149.5 2902.55 1959.51 0.759621 137
14537.2 2880.55 2295.43 0.640429 137
15625.5 1579.66 2678 0.040401 137
14916.9 2786.6 2591.62 0.525936 137
13468.3 1613.56 743.89 0.167452 138
13807.8 1836.58 1147.72 0.302284 138
13812.4 2834.35 1606.8 0.86249 138
14168 2913.86 1959.51 0.75799 138
14557.7 2889.96 2295.43 0.637688 138
15595.2 1906.5 2770.35 0.145414 138
14939.1 2795.01 2591.62 0.522703 138
15171.8 2530.41 2678 0.39611 138
13469 1609.62 723.785 0.150407 139
13797.2 1828.66 1115.83 0.292106 139
13828 2840.98 1606.8 0.859788 139
14149.2 2885.83 1912.86 0.754716 139
14576.9 2891.03 2295.43 0.632596 139
15524.7 1886.39 2678 0.138512 139
14960.3 2793.49 2591.62 0.516817 139
15194.6 2527.32 2678 0.389663 139
13460.4 1612.88 698.61 0.144717 140
13829.6 2856.87 1606.8 0.866172 140
14152 2902.1 1912.86 0.759841 140
14581.4 2908.45 2295.43 0.636732 140
14967.5 2812.16 2591.62 0.520311 140
15207.2 2544.02 2678 0.391562 140
13818.7 2844.42 1575.3 0.867774 141
14164.2 2914.07 1912.86 0.760241 141
14542.2 2882.87 2231.67 0.637152 141
14911.2 2784.03 2510.63 0.520166 141
13842.7 2884.03 1606.8 0.87312 142
14203.5 2960.1 1959.51 0.76344 142
14657 2972.73 2362.94 0.638061 142
15068.8 2877.99 2678 0.519981 142
15419.5 2637.36 2869.29 0.389208 142
13849.5 2900.38 1606.8 0.877427 143
14210.7 2977.25 1959.51 0.767166 143
14665.2 2990.9 2362.94 0.641216 143
15079.1 2896.19 2678 0.522346 143
15431.9 2657.17 2869.29 0.391623 143
13844 2878.96 1575.3 0.873331 144
14229.3 2977.12 1959.51 0.76111 144
14686.2 2986.6 2362.94 0.633971 144
15101.2 2889.9 2678 0.514997 144
15456.8 2645.83 2869.29 0.382902 144
13876.7 1855.02 1085.68 0.255236 145
13859.7 2885.67 1575.3 0.870434 145
14211.4 2948.79 1912.86 0.757393 145
14650.3 2948.47 2295.43 0.629243 145
15047.5 2846.02 2591.62 0.509093 145
15387.6 2605.22 2770.35 0.376568 145
13883 1850.92 1071.2 0.243978 146
13846.3 2873.19 1545 0.873083 146
14220.6 2959.27 1912.86 0.758257 146
14661.6 2958.02 2295.43 0.629012 146
15137.2 2895.8 2678 0.507678 146
15404.6 2612.72 2770.35 0.374821 146
13885.2 1859.84 1057.11 0.244208 147
13843.8 2893.79 1545 0.883291 147
14646.1 1925.69 1746.52 0.181358 147
14218.8 2981.71 1912.86 0.76709 147
14662 2982.49 2295.43 0.636506 147
15413.4 2640.87 2770.35 0.380799 147
15064.5 2882.04 2591.62 0.515057 147
13889.7 1858.51 1043.38 0.234335 148
13843.7 2876.29 1515.85 0.878219 148
14666.6 1921.73 1746.52 0.172227 148
14206.6 2953.65 1868.37 0.76135 148
14684.7 2981.33 2295.43 0.629541 148
15437.1 2633.2 2770.35 0.372914 148
15088 2877.53 2591.62 0.507605 148
13875.1 1864.49 991.853 0.226896 149
13828 2889.48 1487.78 0.893475 149
14181 2960.82 1825.91 0.773413 149
14643 2983.75 2231.67 0.639249 149
15895.3 1972.92 2770.35 0.114536 149
15033.6 2880.56 2510.63 0.515634 149
15376.2 2642.34 2678 0.379313 149
13895.2 1866.33 991.853 0.216718 150
13818.1 2879.3 1460.73 0.895613 150
14191.1 2970.88 1825.91 0.77352 150
15922.2 1973.65 2770.35 0.110569 150
14655.3 2992.51 2231.67 0.638177 150
15048.1 2888.77 2510.63 0.514013 150
15394.7 2647.95 2678 0.376456 150
13878.1 1857.53 956.43 0.203994 151
13833.5 2885.2 1460.73 0.891687 151
14208.6 2973.31 1825.91 0.768053 151
14675.3 2991.03 2231.67 0.631492 151
15070.4 2883.63 2510.63 0.506352 151
15418.3 2640.67 2678 0.368595 151
13828.2 2876.6 1434.64 0.892318 152
14191.5 2956.78 1785.34 0.768043 152
14640.1 2967.08 2171.35 0.630988 152
15086.1 2893.26 2510.63 0.504776 152
15436.1 2648.5 2678 0.366297 152
13881.2 1861.4 923.449 0.188953 153
13835.6 2888.54 1434.64 0.894646 153
14200.8 2967.29 1785.34 0.768553 153
14652 2976.44 2171.35 0.630157 153
15033.1 2866.8 2434.55 0.504 153
15371.9 2625.52 2591.62 0.364441 153
14267.5 2019.67 1317.05 0.240016 154
13830.5 2876.89 1409.48 0.893682 154
14215 2972.98 1785.34 0.765355 154
14668.7 2979.51 2171.35 0.625737 154
15052.5 2867.24 2434.55 0.498583 154
15394.2 2623.5 2591.62 0.358325 154
14266.1 2022.46 1295.81 0.235399 155
13822.3 2871.91 1385.17 0.897161 155
14195.8 2960.07 1746.52 0.767356 155
14633.8 2960.22 2114.21 0.626602 155
15067.5 2879.73 2434.55 0.497978 155
15413.2 2634.97 2591.62 0.356978 155
14283.3 2032.64 1275.24 0.228773 156
13823.7 2878.44 1361.7 0.903865 156
14187.5 2959.47 1709.36 0.771739 156
14657.1 2984.74 2114.21 0.628375 156
15031.3 2871.68 2362.94 0.49943 156
15448.3 2658.2 2591.62 0.356285 156
13825 2866.23 1339 0.901011 157
14206.5 2961.27 1709.36 0.766311 157
14678.7 2982.19 2114.21 0.621534 157
15394.3 2621.31 2510.63 0.348589 157
13829.6 2880.09 1339 0.906909 158
14185.9 2950.19 1673.75 0.770918 158
14641.7 2964.7 2060 0.624879 158
15065.8 2876.84 2362.94 0.492753 158
15408.3 2632.2 2510.63 0.349115 158
13824.2 2876.19 1317.05 0.911315 159
14196.7 2962.18 1673.75 0.772825 159
14654.4 2974.97 2060 0.625212 159
15080.4 2886.02 2362.94 0.492287 159
15425.5 2639.53 2510.63 0.34774 159
13820.6 2871.15 1295.81 0.914119 160
14208 2973.38 1673.75 0.774064 160
14666.5 2985.63 2060 0.625794 160
15093.6 2895.85 2362.94 0.492266 160
15440.2 2648.22 2510.63 0.347145 160
13818.7 2893.48 1295.81 0.927986 161
14622.8 2986.58 2008.5 0.63844 161
15033.2 2900.02 2295.43 0.504854 161
15369.9 2660.63 2434.55 0.359095 161
13813.1 2863.68 1236 0.925023 162
14195.7 2961.33 1606.8 0.77781 162
14627.1 2955.86 1959.51 0.624645 162
15081.8 2886.55 2295.43 0.487708 162
15421.6 2636.85 2434.55 0.339458 162
13822.9 2875.67 1217.27 0.931481 163
14196.9 2963.98 1575.3 0.780978 163
14654.5 2977.31 1959.51 0.62474 163
15054.6 2876.74 2231.67 0.486921 163
15384.5 2629.77 2362.94 0.337361 163
13816.1 2873.41 1181.47 0.941064 164
14194.9 2965.6 1545 0.784955 164
14640.3 2969.61 1912.86 0.625313 164
15028.2 2864.85 2171.35 0.485427 164
15418.2 2640 2362.94 0.332916 164
13805.1 2876.62 1164.35 0.952478 165
14173.6 2964.9 1515.85 0.795183 165
14641.4 2991.97 1912.86 0.633937 165
15031.3 2889.7 2171.35 0.493492 165
15424.7 2666.96 2362.94 0.340405 165
13803.8 2856.52 1115.83 0.951278 166
14188 2956.23 1487.78 0.787357 166
14643.9 2968.35 1868.37 0.622658 166
15022 2856.69 2114.21 0.479578 166
15402.2 2629.08 2295.43 0.324545 166
13793.7 2866.82 1100.55 0.9671 167
14168.6 2962.38 1460.73 0.800583 167
14611.2 2972.12 1825.91 0.634039 167
15027.2 2887.11 2114.21 0.489279 167
15412.6 2661.15 2295.43 0.33311 167
13801.5 2859.49 1071.2 0.965287 168
14179.8 2954.04 1434.64 0.793899 168
14644.8 2974.21 1825.91 0.623842 168
15062.9 2882.21 2114.21 0.47733 168
15385.5 2629.38 2231.67 0.320333 168
13799.2 2863.51 1043.38 0.976473 169
14179.7 2960.69 1409.48 0.799612 169
14632.9 2972.96 1785.34 0.626289 169
15038.7 2877.5 2060 0.477842 169
15415.6 2645.35 2231.67 0.318354 169
13805.7 2865.03 1030 0.97738 170
14179.2 2952.51 1385.17 0.797563 170
14620.1 2955.96 1746.52 0.622333 170
15060.1 2877.99 2060 0.471763 170
15377.1 2624.28 2171.35 0.312195 170
13798.7 2857.46 1004.25 0.983076 171
14173.4 2947.73 1361.7 0.799602 171
14633.7 2964.93 1746.52 0.621548 171
15028.2 2862.76 2008.5 0.470661 171
15395.1 2628.57 2171.35 0.309117 171
13803 2859.02 991.853 0.985314 172
14186.6 2958.04 1361.7 0.799507 172
14648 2973.66 1746.52 0.620394 172
15043.5 2870.14 2008.5 0.468886 172
15411.5 2634.49 2171.35 0.306857 172
13777.2 2849.8 967.953 1.00061 173
14146.4 2935.5 1317.05 0.809039 173
14613.3 2960.18 1709.36 0.625616 173
14998.8 2854.87 1959.51 0.472016 173
15359.2 2621.81 2114.21 0.308321 173
13781.1 2847.28 967.953 0.996368 174
14150.7 2931.38 1317.05 0.804761 174
14617.7 2953.94 1709.36 0.621247 174
15002.9 2846.96 1959.51 0.467643 174
15362.5 2611.99 2114.21 0.303767 174
13785.3 2861.21 979.757 0.999994 175
14146.7 2936.63 1317.05 0.809429 175
14612.7 2960.99 1709.36 0.626183 175
15041.9 2876.92 2008.5 0.472046 175
15414.2 2638.69 2171.35 0.30806 175
13785.8 2863.26 979.757 1.00066 176
14162.2 2954.34 1339 0.810118 176
14610.9 2963.54 1709.36 0.627959 176
15038.8 2879.26 2008.5 0.473728 176
15408.5 2641.9 2171.35 0.310106 176
13784.6 2864.73 979.757 1.00228 177
14160.7 2956.4 1339 0.811927 177
14609 2966.14 1709.36 0.629778 177
15036.6 2882.48 2008.5 0.475588 177
15406 2645.75 2171.35 0.312006 177
13784.1 2865.29 979.757 1.00286 178
14160.1 2957.13 1339 0.812548 178
14608.3 2967.11 1709.36 0.630455 178
15035.6 2883.88 2008.5 0.476405 178
15405.1 2647.02 2171.35 0.312643 178
13790.1 2860.89 979.757 0.996233 179
14166.8 2950.31 1339 0.805819 179
14615.4 2957.32 1709.36 0.623592 179
15042.7 2871 2008.5 0.469328 179
15352.5 2615.87 2114.21 0.306723 179
13790.3 2860.13 979.757 0.995681 180
14167.3 2949.32 1339 0.80507 180
14616.1 2956.28 1709.36 0.622868 180
15043.7 2869.91 2008.5 0.468647 180
15354.1 2614.27 2114.21 0.305837 180
13784.6 2863.55 979.757 1.00169 181
14161.2 2954.92 1339 0.810931 181
14610.1 2964.54 1709.36 0.628665 181
15038.4 2880.83 2008.5 0.474489 181
15350.6 2626.96 2114.21 0.311623 181
13783.8 2863.99 979.757 1.00247 182
14160.4 2955.67 1339 0.811724 182
14609.3 2965.74 1709.36 0.629511 182
15037.7 2882.21 2008.5 0.475226 182
15350.1 2628.68 2114.21 0.31241 182
13783.7 2864.1 979.757 1.00261 183
14160.2 2955.88 1339 0.811908 183
14609.1 2965.91 1709.36 0.629629 183
15037.4 2882.61 2008.5 0.475455 183
15408.2 2645.86 2171.35 0.311771 183
13783.7 2864.15 979.757 1.00266 184
14160.2 2955.88 1339 0.811911 184
14609.1 2965.94 1709.36 0.629648 184
15037.5 2882.58 2008.5 0.475434 184
15349.9 2629.02 2114.21 0.312579 184
13783.7 2864.08 979.757 1.00259 185
14160.3 2955.8 1339 0.811841 185
14609.2 2965.78 1709.36 0.629534 185
15037.6 2882.36 2008.5 0.475307 185
15350 2628.95 2114.21 0.31254 185
13783.7 2864.09 979.757 1.00261 186
14160.3 2955.77 1339 0.811819 186
14609.2 2965.81 1709.36 0.629557 186
15037.6 2882.4 2008.5 0.475329 186
15350 2628.92 2114.21 0.312526 186
13783.8 2863.96 979.757 1.00246 187
14160.3 2955.73 1339 0.811783 187
14609.2 2965.89 1709.36 0.629611 187
15037.6 2882.33 2008.5 0.475288 187
15350 2628.96 2114.21 0.312548 187
13783.8 2864.03 979.757 1.00254 188
14160.3 2955.71 1339 0.811767 188
14609.2 2965.79 1709.36 0.629543 188
15037.7 2882.29 2008.5 0.475267 188
15350 2628.89 2114.21 0.312513 188
13783.3 2864.33 979.757 1.00306 189
14159.7 2956.27 1339 0.812342 189
14608.7 2966.48 1709.36 0.630032 189
15037.1 2883.33 2008.5 0.475827 189
15408.2 2646.59 2171.35 0.312071 189
13788.4 2861.03 979.757 0.997545 190
14165.4 2950.84 1339 0.806776 190
14614.4 2958.61 1709.36 0.624505 190
15042.5 2872.95 2008.5 0.470221 190
15353.6 2617.91 2114.21 0.307427 190
13783.5 2864.21 979.757 1.00286 191
14160 2956.05 1339 0.812116 191
14608.8 2966.31 1709.36 0.629909 191
15037.2 2883.1 2008.5 0.475709 191
15349.9 2629.55 2114.21 0.312809 191
13783.3 2864.33 979.757 1.00306 192
14159.8 2956.23 1339 0.812307 192
14608.7 2966.57 1709.36 0.63009 192
15037.2 2883.29 2008.5 0.475803 192
15408.2 2646.58 2171.35 0.312065 192
13783.3 2864.33 979.757 1.00306 193
14159.8 2956.2 1339 0.812281 193
14608.7 2966.46 1709.36 0.630017 193
15037.1 2883.37 2008.5 0.475849 193
15349.9 2629.75 2114.21 0.31289 193
13783.3 2864.3 979.757 1.00306 194
14159.7 2956.23 1339 0.812319 194
14608.6 2966.59 1709.36 0.63011 194
15037.2 2883.32 2008.5 0.475818 194
15349.7 2630.07 2114.21 0.313046 194
13783.3 2864.28 979.757 1.00301 195
14159.8 2956.13 1339 0.81222 195
14608.8 2966.37 1709.36 0.629955 195
15037.4 2882.99 2008.5 0.475631 195
15349.9 2629.68 2114.21 0.312855 195
13788.4 2861.02 979.757 0.997529 196
14165.5 2950.75 1339 0.806704 196
14614.5 2958.53 1709.36 0.624447 196
15042.4 2873 2008.5 0.470249 196
15353.7 2617.79 2114.21 0.307366 196
13788.7 2860.82 979.757 0.997255 197
14165.7 2950.57 1339 0.806519 197
14614.7 2958.26 1709.36 0.624262 197
15042.7 2872.58 2008.5 0.470017 197
15412.1 2634.04 2171.35 0.306433 197
13788.7 2860.81 979.757 0.997241 198
14165.7 2950.57 1339 0.806519 198
14614.6 2958.32 1709.36 0.624303 198
15042.8 2872.39 2008.5 0.469909 198
15412.1 2634.12 2171.35 0.30647 198
13788.7 2860.77 979.757 0.997205 199
14165.7 2950.56 1339 0.806505 199
14614.7 2958.29 1709.36 0.624277 199
14997.6 2851.39 1959.51 0.47076 199
15353.8 2617.36 2114.21 0.307168 199
13788.7 2860.82 979.757 0.997259 200
14165.7 2950.54 1339 0.806491 200
14614.7 2958.26 1709.36 0.624256 200
14997.6 2851.42 1959.51 0.470779 200
15353.9 2617.33 2114.21 0.30715 200
13788.7 2860.8 979.757 0.997238 201
14165.7 2950.56 1339 0.806507 201
14614.6 2958.38 1709.36 0.624341 201
14997.6 2851.47 1959.51 0.470806 201
15353.8 2617.52 2114.21 0.307245 201
13788.5 2860.91 979.757 0.997426 202
14165.5 2950.74 1339 0.806688 202
14614.4 2958.59 1709.36 0.624493 202
15042.5 2872.89 2008.5 0.470185 202
15412.1 2634.35 2171.35 0.306563 202
13788.6 2860.76 979.757 0.997271 203
14149.6 2935.27 1317.05 0.807263 203
14614.6 2958.33 1709.36 0.624308 203
14997.6 2851.58 1959.51 0.470855 203
15353.9 2617.58 2114.21 0.307255 203
13788.8 2860.67 979.757 0.997109 204
14149.7 2935.11 1317.05 0.807101 204
14614.8 2958.1 1709.36 0.624146 204
14997.7 2851.28 1959.51 0.470692 204
15354 2617.23 2114.21 0.307093 204
13788.8 2860.67 979.757 0.997109 205
14149.7 2935.11 1317.05 0.807101 205
14614.8 2958.1 1709.36 0.624146 205
14997.7 2851.28 1959.51 0.470692 205
15354 2617.23 2114.21 0.307093 205
13788.8 2860.63 979.757 0.99707 206
14149.9 2934.92 1317.05 0.806939 206
14614.9 2957.97 1709.36 0.624058 206
14997.9 2850.98 1959.51 0.470511 206
15354.2 2616.85 2114.21 0.306899 206
13788.8 2860.63 979.757 0.99707 207
14149.9 2934.92 1317.05 0.806939 207
14614.9 2957.97 1709.36 0.624058 207
14997.9 2850.98 1959.51 0.470511 207
15354.2 2616.85 2114.21 0.306899 207
13788.8 2860.63 979.757 0.99707 208
14149.9 2934.92 1317.05 0.806939 208
14614.9 2957.97 1709.36 0.624058 208
14997.9 2850.98 1959.51 0.470511 208
15354.2 2616.85 2114.21 0.306899 208
13788.8 2860.63 979.757 0.99707 209
14149.9 2934.92 1317.05 0.806939 209
14614.9 2957.97 1709.36 0.624058 209
14997.9 2850.98 1959.51 0.470511 209
15354.2 2616.85 2114.21 0.306899 209
13788.8 2860.63 979.757 0.99707 210
14149.9 2934.92 1317.05 0.806939 210
14614.9 2957.97 1709.36 0.624058 210
14997.9 2850.98 1959.51 0.470511 210
15354.2 2616.85 2114.21 0.306899 210
