# x y d a f
13035 1140.34 1825.91 0.0257636 1
13448.6 1347.81 2231.67 0.111178 1
13738 1630.37 2510.63 0.205631 1
14007.6 1898.07 2770.35 0.275556 1
13035 1140.12 1825.91 0.0256478 2
13448.6 1347.2 2231.67 0.110914 2
13738.1 1629.99 2510.63 0.205485 2
14007.8 1897.79 2770.35 0.275454 2
13035 1139.08 1825.91 0.0250931 3
13448.7 1346.14 2231.67 0.110452 3
13738.4 1628.72 2510.63 0.204989 3
14008.2 1896.38 2770.35 0.274955 3
13035 1139.08 1825.91 0.0250919 4
13448.7 1346.27 2231.67 0.110508 4
13738.4 1628.58 2510.63 0.204938 4
14008.2 1896.2 2770.35 0.274894 4
13035 1139.88 1825.91 0.0255212 5
13448.7 1347.08 2231.67 0.11086 5
13738.2 1629.47 2510.63 0.205282 5
14007.9 1897.31 2770.35 0.275282 5
13035 1138.59 1825.91 0.0248322 6
13448.8 1345.49 2231.67 0.110168 6
13738.5 1627.92 2510.63 0.20468 6
14008.4 1895.68 2770.35 0.274704 6
13035 1138.47 1825.91 0.0247684 7
13448.8 1345.49 2231.67 0.110166 7
13738.5 1627.95 2510.63 0.20469 7
14008.5 1895.58 2770.35 0.274672 7
13035 1139.66 1825.91 0.0254052 8
13448.6 1346.71 2231.67 0.110699 8
13738.2 1629.44 2510.63 0.20527 8
14007.9 1896.99 2770.35 0.275176 8
13035 1139.58 1825.91 0.0253587 9
13448.6 1346.71 2231.67 0.1107 9
13738.2 1629.5 2510.63 0.205292 9
14007.9 1897.1 2770.35 0.275213 9
13035 1139.96 1825.91 0.0255645 10
13448.6 1347.38 2231.67 0.110993 10
13738.1 1629.93 2510.63 0.205463 10
14007.8 1897.78 2770.35 0.275449 10
13035 1139.68 1825.91 0.0254132 11
13448.6 1346.76 2231.67 0.110724 11
13738.2 1629.44 2510.63 0.205273 11
14007.9 1897.52 2770.35 0.275349 11
13035 1139.78 1825.91 0.0254684 12
13448.6 1346.96 2231.67 0.110808 12
13738.2 1629.5 2510.63 0.205292 12
14007.9 1897.17 2770.35 0.275237 12
13035 1140.15 1825.91 0.0256642 13
13448.6 1347.41 2231.67 0.111004 13
13738.1 1630 2510.63 0.205488 13
14007.7 1897.43 2770.35 0.275337 13
13035 1140.16 1825.91 0.025668 14
13388 1341.94 2171.35 0.11157 14
13738.1 1629.95 2510.63 0.205471 14
14007.7 1897.46 2770.35 0.275347 14
13035 1140.12 1825.91 0.0256496 15
13448.6 1347.4 2231.67 0.111 15
13738.1 1629.99 2510.63 0.205483 15
14007.7 1897.48 2770.35 0.275352 15
13035 1140.16 1825.91 0.025668 16
13388 1341.94 2171.35 0.11157 16
13738.1 1629.95 2510.63 0.205471 16
14007.7 1897.29 2770.35 0.27529 16
13035 1140.16 1825.91 0.0256674 17
13448.6 1347.21 2231.67 0.11092 17
13738.1 1629.87 2510.63 0.205439 17
14007.8 1897.75 2770.35 0.275439 17
13035 1140 1825.91 0.0255825 18
13448.6 1347.05 2231.67 0.110851 18
13738.1 1629.96 2510.63 0.205472 18
14007.7 1897.46 2770.35 0.275347 18
13035 1140.16 1825.91 0.0256674 19
13448.6 1347.21 2231.67 0.11092 19
13738.1 1629.87 2510.63 0.205439 19
14007.8 1897.75 2770.35 0.275439 19
13035 1140 1825.91 0.0255825 20
13448.6 1347.05 2231.67 0.110851 20
13738.1 1629.96 2510.63 0.205472 20
14007.7 1897.46 2770.35 0.275347 20
