# x y d a f
13179.4 932.321 3082.32 -0.124016 28
13190.4 953.682 3082.32 -0.117268 29
13190.4 953.682 3082.32 -0.117268 30
13190.4 953.682 3082.32 -0.117268 31
13190.4 953.682 3082.32 -0.117268 32
13190.4 953.682 3082.32 -0.117268 33
13190.4 953.682 3082.32 -0.117268 34
13190.4 953.682 3082.32 -0.117268 35
13190.4 953.682 3082.32 -0.117268 36
13190.4 953.682 3082.32 -0.117268 37
13190.4 953.682 3082.32 -0.117268 38
13190.4 953.682 3082.32 -0.117268 39
13210.5 993.036 3082.32 -0.104926 63
13210.5 993.036 3082.32 -0.104926 64
13210.5 993.036 3082.32 -0.104926 65
13210.5 993.036 3082.32 -0.104926 66
13210.5 993.036 3082.32 -0.104926 67
13210.5 993.036 3082.32 -0.104926 68
13210.5 993.036 3082.32 -0.104926 69
13210.5 993.036 3082.32 -0.104926 70
13210.5 993.036 3082.32 -0.104926 71
13210.5 993.036 3082.32 -0.104926 72
13081.8 1001.58 2963.77 -0.106473 100
13081.8 1001.58 2963.77 -0.106473 101
13081.8 1001.58 2963.77 -0.106473 102
13081.8 1001.58 2963.77 -0.106473 103
13081.8 1001.58 2963.77 -0.106473 104
13081.8 1001.58 2963.77 -0.106473 105
13081.8 1001.58 2963.77 -0.106473 106
12975.3 1034.58 2854 -0.0995786 107
12975.3 1034.58 2854 -0.0995786 108
12975.3 1034.58 2854 -0.0995786 109
12975.3 1034.58 2854 -0.0995786 110
12975.3 1034.58 2854 -0.0995786 111
12975.3 1034.58 2854 -0.0995786 112
12975.3 1034.58 2854 -0.0995786 113
12791.3 1301.24 2568.6 -0.0148966 167
12791.3 1301.24 2568.6 -0.0148966 168
12791.3 1301.24 2568.6 -0.0148966 169
12791.3 1301.24 2568.6 -0.0148966 170
12791.3 1301.24 2568.6 -0.0148966 171
12791.3 1301.24 2568.6 -0.0148966 172
12791.3 1301.24 2568.6 -0.0148966 173
12645.1 1197.79 2485.74 -0.0529235 174
12645.1 1197.79 2485.74 -0.0529235 175
12645.1 1197.79 2485.74 -0.0529235 176
12645.1 1197.79 2485.74 -0.0529235 177
12645.1 1197.79 2485.74 -0.0529235 178
12645.1 1197.79 2485.74 -0.0529235 179
12645.1 1197.79 2485.74 -0.0529235 180
12433.9 1115.56 2335.09 -0.0891843 181
12818.1 1353.86 2568.6 0.00309138 181
12433.9 1115.56 2335.09 -0.0891843 182
12818.1 1353.86 2568.6 0.00309138 182
12433.9 1115.56 2335.09 -0.0891843 183
12818.1 1353.86 2568.6 0.00309138 183
12433.9 1115.56 2335.09 -0.0891843 184
12818.1 1353.86 2568.6 0.00309138 184
12433.9 1115.56 2335.09 -0.0891843 185
12818.1 1353.86 2568.6 0.00309138 185
12433.9 1115.56 2335.09 -0.0891843 186
12818.1 1353.86 2568.6 0.00309138 186
12433.9 1115.56 2335.09 -0.0891843 187
12818.1 1353.86 2568.6 0.00309138 187
12111.9 1040.88 2082.65 -0.134774 188
12665 1236.55 2485.74 -0.0387036 188
12111.9 1040.88 2082.65 -0.134774 189
12665 1236.55 2485.74 -0.0387036 189
12111.9 1040.88 2082.65 -0.134774 190
12665 1236.55 2485.74 -0.0387036 190
12111.9 1040.88 2082.65 -0.134774 191
12665 1236.55 2485.74 -0.0387036 191
12111.9 1040.88 2082.65 -0.134774 192
12665 1236.55 2485.74 -0.0387036 192
12111.9 1040.88 2082.65 -0.134774 193
12665 1236.55 2485.74 -0.0387036 193
12111.9 1040.88 2082.65 -0.134774 194
12665 1236.55 2485.74 -0.0387036 194
12384.1 1018.87 2335.09 -0.128944 195
12762.8 1245.87 2568.6 -0.0341765 195
12384.1 1018.87 2335.09 -0.128944 196
12762.8 1245.87 2568.6 -0.0341765 196
12384.1 1018.87 2335.09 -0.128944 197
12762.8 1245.87 2568.6 -0.0341765 197
12384.1 1018.87 2335.09 -0.128944 198
12762.8 1245.87 2568.6 -0.0341765 198
12384.1 1018.87 2335.09 -0.128944 199
12762.8 1245.87 2568.6 -0.0341765 199
12384.1 1018.87 2335.09 -0.128944 200
12762.8 1245.87 2568.6 -0.0341765 200
12384.1 1018.87 2335.09 -0.128944 201
12762.8 1245.87 2568.6 -0.0341765 201
12178.7 910.441 2201.66 -0.186012 202
12178.7 910.441 2201.66 -0.186012 203
12178.7 910.441 2201.66 -0.186012 204
12178.7 910.441 2201.66 -0.186012 205
12178.7 910.441 2201.66 -0.186012 206
12178.7 910.441 2201.66 -0.186012 207
12178.7 910.441 2201.66 -0.186012 208
12178.7 910.441 2201.66 -0.186012 209
12178.7 910.441 2201.66 -0.186012 210
12399.1 887.902 2408.06 -0.178766 211
13102.8 1042.88 2963.77 -0.0931305 211
13425.2 1131.08 3210.75 -0.060041 211
14492.7 1362.33 4055.68 0.00380457 211
12399.1 887.902 2408.06 -0.178766 212
13102.8 1042.88 2963.77 -0.0931305 212
13425.2 1131.08 3210.75 -0.060041 212
14492.7 1362.33 4055.68 0.00380457 212
12399.1 887.902 2408.06 -0.178766 213
13102.8 1042.88 2963.77 -0.0931305 213
13425.2 1131.08 3210.75 -0.060041 213
14492.7 1362.33 4055.68 0.00380457 213
12399.1 887.902 2408.06 -0.178766 214
13102.8 1042.88 2963.77 -0.0931305 214
13425.2 1131.08 3210.75 -0.060041 214
14492.7 1362.33 4055.68 0.00380457 214
12399.1 887.902 2408.06 -0.178766 215
13102.8 1042.88 2963.77 -0.0931305 215
13425.2 1131.08 3210.75 -0.060041 215
14492.7 1362.33 4055.68 0.00380457 215
12399.1 887.902 2408.06 -0.178766 216
13102.8 1042.88 2963.77 -0.0931305 216
13425.2 1131.08 3210.75 -0.060041 216
14492.7 1362.33 4055.68 0.00380457 216
12399.1 887.902 2408.06 -0.178766 217
13102.8 1042.88 2963.77 -0.0931305 217
13425.2 1131.08 3210.75 -0.060041 217
14492.7 1362.33 4055.68 0.00380457 217
13124.1 825.004 3082.32 -0.158423 218
14040.2 1325.7 3669.43 -0.00456753 218
13124.1 825.004 3082.32 -0.158423 219
14040.2 1325.7 3669.43 -0.00456753 219
13124.1 825.004 3082.32 -0.158423 220
14040.2 1325.7 3669.43 -0.00456753 220
13124.1 825.004 3082.32 -0.158423 221
14040.2 1325.7 3669.43 -0.00456753 221
13124.1 825.004 3082.32 -0.158423 222
14040.2 1325.7 3669.43 -0.00456753 222
13124.1 825.004 3082.32 -0.158423 223
14040.2 1325.7 3669.43 -0.00456753 223
13124.1 825.004 3082.32 -0.158423 224
14040.2 1325.7 3669.43 -0.00456753 224
13124.1 825.004 3082.32 -0.158423 225
14040.2 1325.7 3669.43 -0.00456753 225
13124.1 825.004 3082.32 -0.158423 226
14040.2 1325.7 3669.43 -0.00456753 226
13703.3 1033.68 3502.64 -0.0809914 227
13703.3 1033.68 3502.64 -0.0809914 228
13703.3 1033.68 3502.64 -0.0809914 229
13703.3 1033.68 3502.64 -0.0809914 230
13703.3 1033.68 3502.64 -0.0809914 231
13703.3 1033.68 3502.64 -0.0809914 232
13703.3 1033.68 3502.64 -0.0809914 233
13703.3 1033.68 3502.64 -0.0809914 234
13703.3 1033.68 3502.64 -0.0809914 235
13432.7 839.16 3350.35 -0.141006 236
13432.7 839.16 3350.35 -0.141006 237
13432.7 839.16 3350.35 -0.141006 238
13432.7 839.16 3350.35 -0.141006 239
13432.7 839.16 3350.35 -0.141006 240
13432.7 839.16 3350.35 -0.141006 241
13432.7 839.16 3350.35 -0.141006 242
13074.9 728.398 3082.32 -0.190049 243
13074.9 728.398 3082.32 -0.190049 244
13074.9 728.398 3082.32 -0.190049 245
13074.9 728.398 3082.32 -0.190049 246
13074.9 728.398 3082.32 -0.190049 247
13074.9 728.398 3082.32 -0.190049 248
13074.9 728.398 3082.32 -0.190049 249
13074.9 728.398 3082.32 -0.190049 250
12843.1 776.807 2854 -0.188805 251
13288.4 223.494 3502.64 -0.317025 251
12843.1 776.807 2854 -0.188805 252
13288.4 223.494 3502.64 -0.317025 252
12843.1 776.807 2854 -0.188805 253
13288.4 223.494 3502.64 -0.317025 253
12843.1 776.807 2854 -0.188805 254
13288.4 223.494 3502.64 -0.317025 254
12843.1 776.807 2854 -0.188805 255
13288.4 223.494 3502.64 -0.317025 255
12843.1 776.807 2854 -0.188805 256
13288.4 223.494 3502.64 -0.317025 256
12600.3 734.488 2657.17 -0.219965 257
12945.5 194.063 3210.75 -0.358116 257
12600.3 734.488 2657.17 -0.219965 258
12945.5 194.063 3210.75 -0.358116 258
12600.3 734.488 2657.17 -0.219965 259
12945.5 194.063 3210.75 -0.358116 259
12600.3 734.488 2657.17 -0.219965 260
12945.5 194.063 3210.75 -0.358116 260
12600.3 734.488 2657.17 -0.219965 261
12945.5 194.063 3210.75 -0.358116 261
12600.3 734.488 2657.17 -0.219965 262
12945.5 194.063 3210.75 -0.358116 262
12600.3 734.488 2657.17 -0.219965 263
12945.5 194.063 3210.75 -0.358116 263
12334.6 762.092 2408.06 -0.232229 264
12677.3 212.229 2963.77 -0.383563 264
12334.6 762.092 2408.06 -0.232229 265
12677.3 212.229 2963.77 -0.383563 265
12334.6 762.092 2408.06 -0.232229 266
12677.3 212.229 2963.77 -0.383563 266
12334.6 762.092 2408.06 -0.232229 267
12677.3 212.229 2963.77 -0.383563 267
12334.6 762.092 2408.06 -0.232229 268
12677.3 212.229 2963.77 -0.383563 268
12334.6 762.092 2408.06 -0.232229 269
12677.3 212.229 2963.77 -0.383563 269
12334.6 762.092 2408.06 -0.232229 270
12677.3 212.229 2963.77 -0.383563 270
12334.6 762.092 2408.06 -0.232229 271
12677.3 212.229 2963.77 -0.383563 271
12334.6 762.092 2408.06 -0.232229 272
12677.3 212.229 2963.77 -0.383563 272
12137.9 688.751 2266.41 -0.281671 273
12137.9 688.751 2266.41 -0.281671 274
12137.9 688.751 2266.41 -0.281671 275
12137.9 688.751 2266.41 -0.281671 276
12137.9 688.751 2266.41 -0.281671 277
12137.9 688.751 2266.41 -0.281671 278
12137.9 688.751 2266.41 -0.281671 279
12137.9 688.751 2266.41 -0.281671 280
