# x y d a f
14107.4 2344.44 6180.01 -0.0231621 1
13678.7 1414.27 6180.01 -0.169388 1
13099.1 1211.07 5738.58 -0.219741 1
14107.4 2344.44 6180.01 -0.0231621 2
13229.9 1494.88 5738.58 -0.168756 2
13098.8 1210.49 5738.58 -0.219847 2
14666.9 2328.27 6695.01 -0.0235934 3
13098.5 1209.84 5738.58 -0.21996 3
13679.5 1415.81 6180.01 -0.169129 3
14106 2341.22 6180.01 -0.0236296 4
13098.9 1210.37 5738.58 -0.219857 4
13230.1 1495.1 5738.58 -0.168705 4
14666.9 2328.02 6695.01 -0.0236178 5
13099.1 1210.77 5738.58 -0.219778 5
13679.3 1415.24 6180.01 -0.16921 5
14847.7 2720.47 6695.01 0.0290824 6
14108.5 2346.74 6180.01 -0.0227976 6
13230 1494.94 5738.58 -0.16872 6
13099.2 1211 5738.58 -0.21973 6
14847.7 2719.92 6695.01 0.0290203 7
14107.2 2343.33 6180.01 -0.0232938 7
13230.5 1495.54 5738.58 -0.1686 7
13098.7 1209.53 5738.58 -0.219981 7
14107.7 2344.4 6180.01 -0.0231273 8
13099.5 1211.13 5738.58 -0.219681 8
13230.2 1494.8 5738.58 -0.168721 8
14667.2 2327.96 6695.01 -0.0236028 9
13679.4 1414.96 6180.01 -0.16923 9
13098.9 1209.87 5738.58 -0.219911 9
13099 1210.19 5738.58 -0.219858 10
13679.5 1415.28 6180.01 -0.169182 10
13230.3 1495.12 5738.58 -0.168674 11
13099.1 1210.4 5738.58 -0.219823 11
14107.4 2344.11 6180.01 -0.0231779 12
13678.9 1414.26 6180.01 -0.169353 12
13099 1210.42 5738.58 -0.219821 12
14106.7 2342.51 6180.01 -0.0234155 13
13679.9 1416.49 6180.01 -0.168986 13
13098.7 1209.92 5738.58 -0.219911 13
14106.9 2342.79 6180.01 -0.0233793 14
13679 1414.52 6180.01 -0.169314 14
13098.7 1209.85 5738.58 -0.219927 14
14106.3 2341.58 6180.01 -0.0235497 15
13098.6 1209.51 5738.58 -0.219981 15
13230.6 1496 5738.58 -0.168514 15
13679 1414.21 6180.01 -0.169358 16
13099.2 1210.65 5738.58 -0.219775 16
14106.4 2341.54 6180.01 -0.0235582 17
13679.5 1415.15 6180.01 -0.169202 17
13098.5 1209.27 5738.58 -0.220025 17
14106.7 2342.44 6180.01 -0.0234247 18
13679.3 1415.02 6180.01 -0.169225 18
13099.1 1210.56 5738.58 -0.219791 18
14668.2 2330.54 6695.01 -0.0232489 19
13679.4 1415.2 6180.01 -0.16919 19
13098.7 1209.85 5738.58 -0.219916 19
14108.7 2346.45 6180.01 -0.0228286 20
13229.9 1494.33 5738.58 -0.168812 20
13099 1210.46 5738.58 -0.219809 20
13098.7 1209.94 5738.58 -0.21991 21
13679.3 1415.34 6180.01 -0.169177 21
14670.4 2335.53 6695.01 -0.0225832 22
13678.7 1414.12 6180.01 -0.169391 22
13098.7 1210.28 5738.58 -0.219862 22
14106.3 2342 6180.01 -0.0235068 23
13679.3 1415.45 6180.01 -0.169171 23
13098.2 1209.18 5738.58 -0.220063 23
14669.2 2333.14 6695.01 -0.02291 24
13099.1 1211.11 5738.58 -0.219711 24
13679.4 1415.74 6180.01 -0.169123 24
14108.3 2346.05 6180.01 -0.0228905 25
13099.2 1210.96 5738.58 -0.219723 25
13679.1 1414.57 6180.01 -0.169302 25
14104.7 2338.1 6180.01 -0.0240773 26
13098.5 1209.34 5738.58 -0.220021 26
13230.1 1495.03 5738.58 -0.168695 26
14107.1 2343.5 6180.01 -0.0232771 27
13098.6 1209.72 5738.58 -0.219957 27
13679.1 1414.87 6180.01 -0.169261 27
14108.9 2347.88 6180.01 -0.0226258 28
13679.5 1415.99 6180.01 -0.169078 28
13098.7 1210.31 5738.58 -0.21985 28
14106.2 2342.45 6180.01 -0.0234368 29
13679 1415.15 6180.01 -0.169221 29
13098.6 1210.3 5738.58 -0.219859 29
13230.1 1495.21 5738.58 -0.16867 30
13098.7 1210.19 5738.58 -0.219872 30
14108 2345.5 6180.01 -0.022987 31
13098.5 1209.88 5738.58 -0.219936 31
13678.8 1414.34 6180.01 -0.169355 31
14104.9 2338.96 6180.01 -0.0239604 32
13098.4 1209.63 5738.58 -0.219981 32
13679.1 1415 6180.01 -0.169247 32
13679.3 1415.45 6180.01 -0.169173 33
13098.2 1209.28 5738.58 -0.220045 33
14108.1 2345.75 6180.01 -0.0229355 34
13230 1494.9 5738.58 -0.168717 34
13099 1210.48 5738.58 -0.219812 34
13098.6 1209.25 5738.58 -0.220025 35
14667.6 2329.11 6695.01 -0.0234461 35
13230.6 1495.82 5738.58 -0.168542 35
14108.2 2345.35 6180.01 -0.0229893 36
13230.3 1495.08 5738.58 -0.168674 36
13099.1 1210.36 5738.58 -0.219824 36
14106 2340.58 6180.01 -0.0236992 37
13230.2 1494.88 5738.58 -0.168711 37
13098.6 1209.24 5738.58 -0.220028 37
14668.4 2330.7 6695.01 -0.0232314 38
13679.1 1414.38 6180.01 -0.16933 38
13098.9 1209.93 5738.58 -0.219906 38
13679.3 1415 6180.01 -0.169231 39
13099.3 1211.02 5738.58 -0.219712 39
13679.5 1415.44 6180.01 -0.169163 40
13098.9 1210.27 5738.58 -0.219854 40
13230 1494.86 5738.58 -0.168727 41
13098.9 1210.41 5738.58 -0.219829 41
13098.8 1210.09 5738.58 -0.219878 42
14108 2345.47 6180.01 -0.022973 42
13679.5 1415.57 6180.01 -0.169134 42
14846.5 2717.54 6695.01 0.0287025 43
14668.3 2330.8 6695.01 -0.0232244 43
13679.5 1415.42 6180.01 -0.169167 43
13098.8 1210.02 5738.58 -0.219899 43
13098.9 1210.35 5738.58 -0.219839 44
13679.5 1415.81 6180.01 -0.169103 44
14108.3 2346.35 6180.01 -0.0228447 45
13230.1 1495.14 5738.58 -0.168673 45
13099 1210.68 5738.58 -0.219775 45
14106.3 2341.75 6180.01 -0.0235334 46
13098.6 1209.7 5738.58 -0.219955 46
13679.3 1415.13 6180.01 -0.169214 46
14274 2705.68 6180.01 0.029358 47
13679.1 1414.74 6180.01 -0.169282 47
13099.2 1211.23 5738.58 -0.219682 47
14107 2343.18 6180.01 -0.0233138 48
13679.7 1415.89 6180.01 -0.169081 48
13098.2 1208.78 5738.58 -0.220115 48
13679 1414.29 6180.01 -0.169345 49
13098.9 1210.11 5738.58 -0.219873 49
13098.5 1209.3 5738.58 -0.220028 50
14106.7 2342.17 6180.01 -0.0234739 50
13678.8 1413.79 6180.01 -0.169435 50
13678.7 1413.77 6180.01 -0.169446 51
13098.8 1210.28 5738.58 -0.21986 51
13098.8 1210.1 5738.58 -0.219883 52
14667.8 2329.71 6695.01 -0.0233736 52
13679.5 1415.61 6180.01 -0.169136 52
13098.7 1209.85 5738.58 -0.219928 53
13679.1 1414.59 6180.01 -0.169304 53
14665.6 2325.07 6695.01 -0.0240213 54
13679.4 1415.57 6180.01 -0.169151 54
13098.3 1209.34 5738.58 -0.220034 54
14667.7 2329.34 6695.01 -0.023441 55
13098.6 1209.89 5738.58 -0.21994 55
13679 1414.65 6180.01 -0.169309 55
13098.7 1210.35 5738.58 -0.219858 56
14668.6 2331.89 6695.01 -0.0230906 56
13679.4 1415.82 6180.01 -0.169119 56
14666.6 2328.03 6695.01 -0.0236118 57
13679.1 1415.3 6180.01 -0.169197 57
13098.4 1209.85 5738.58 -0.21994 57
13098.7 1209.78 5738.58 -0.219935 58
13679.4 1415.33 6180.01 -0.169175 58
13679.1 1414.66 6180.01 -0.169285 59
13098.9 1210.21 5738.58 -0.219858 59
14107.1 2343.15 6180.01 -0.0233093 60
13098.9 1209.77 5738.58 -0.219925 60
13679.6 1415.46 6180.01 -0.169143 60
13099.3 1210.64 5738.58 -0.219766 61
13679.4 1414.82 6180.01 -0.169247 61
14108.1 2344.91 6180.01 -0.0230577 62
13679.5 1415.18 6180.01 -0.169196 62
13098.8 1209.78 5738.58 -0.219931 62
14669 2332.11 6695.01 -0.0230309 63
13679.7 1415.76 6180.01 -0.169096 63
13099.3 1210.95 5738.58 -0.219713 63
14108.2 2345.11 6180.01 -0.0230205 64
13098.9 1209.83 5738.58 -0.219913 64
13679.4 1414.93 6180.01 -0.16923 64
14107.6 2345.08 6180.01 -0.0230355 65
13230 1495.07 5738.58 -0.168687 65
13099.1 1210.94 5738.58 -0.21973 65
14107.5 2344.76 6180.01 -0.0230828 66
13679.5 1415.82 6180.01 -0.1691 66
13098.5 1209.82 5738.58 -0.219934 66
13098.6 1209.66 5738.58 -0.21996 67
13679 1414.37 6180.01 -0.169335 67
14106.3 2341.7 6180.01 -0.023545 68
13098.5 1209.62 5738.58 -0.219971 68
13679.3 1415.33 6180.01 -0.169183 68
13229.6 1494.41 5738.58 -0.168811 69
13098.4 1209.73 5738.58 -0.219955 69
13678.8 1414.28 6180.01 -0.169358 70
13099.1 1211.06 5738.58 -0.219715 70
14105.2 2339.51 6180.01 -0.0238736 71
13098.1 1208.97 5738.58 -0.220094 71
13678.8 1414.33 6180.01 -0.16935 71
14107.1 2344.08 6180.01 -0.0231869 72
13679 1414.88 6180.01 -0.169257 72
13098.9 1210.68 5738.58 -0.21978 72
14668.9 2331.89 6695.01 -0.0230702 73
13229.8 1494.35 5738.58 -0.168809 73
13098.9 1210.47 5738.58 -0.219809 73
13679.3 1415.16 6180.01 -0.169208 74
13097.9 1208.4 5738.58 -0.220192 74
14091.2 2319.22 6180.01 -0.0273081 75
13079 1190.36 5738.58 -0.223845 75
13661 1394.76 6180.01 -0.172901 75
13669.8 1435.8 6180.01 -0.1661 76
13089.5 1228.1 5738.58 -0.216926 76
14097.3 2368.17 6180.01 -0.019461 77
13671.6 1435.97 6180.01 -0.165749 77
13091.7 1228.84 5738.58 -0.216436 77
14096.1 2361.01 6180.01 -0.0202521 78
13092.3 1225.52 5738.58 -0.216704 78
13673 1434.49 6180.01 -0.165691 78
14087.5 2316.41 6180.01 -0.0272829 79
13657.3 1392.02 6180.01 -0.17286 79
13075.8 1188.8 5738.58 -0.223587 79
13669.6 1431.47 6180.01 -0.165963 80
13090.4 1225.64 5738.58 -0.216434 80
13092 1223.31 5738.58 -0.216536 81
13671.8 1430.33 6180.01 -0.165858 81
14659.9 2320.98 6695.01 -0.0235136 82
13091.8 1202.72 5738.58 -0.21983 82
13672.9 1409.12 6180.01 -0.168939 82
14103.2 2337.66 6180.01 -0.0230062 83
13094 1202.39 5738.58 -0.219895 83
13674.2 1406.86 6180.01 -0.169316 83
14102.8 2332.42 6180.01 -0.0238759 84
13096.4 1202.96 5738.58 -0.219904 84
13227.8 1488.05 5738.58 -0.168687 84
14667.2 2324.65 6695.01 -0.0232384 85
13678 1408.96 6180.01 -0.169231 85
13096.9 1202.74 5738.58 -0.220119 85
14666.2 2323.27 6695.01 -0.0234955 86
13097.9 1205.01 5738.58 -0.219801 86
13678.1 1409.54 6180.01 -0.169222 86
13097.9 1205.22 5738.58 -0.219851 87
13678.9 1411.31 6180.01 -0.169011 87
14846.4 2715.11 6695.01 0.0289873 88
14670 2332.18 6695.01 -0.0224026 88
13229.2 1490.58 5738.58 -0.168672 88
13098.4 1206.68 5738.58 -0.219672 88
14106 2321.32 6180.01 -0.0261562 89
13676.7 1396.41 6180.01 -0.171738 89
13095 1191.43 5738.58 -0.222665 89
14107 2323.52 6180.01 -0.025828 90
13676 1394.86 6180.01 -0.171994 90
13095.3 1192.15 5738.58 -0.222533 90
14107.2 2323.14 6180.01 -0.0260886 91
13676.5 1395.54 6180.01 -0.172104 91
13096 1193.23 5738.58 -0.222582 91
14107.2 2324.08 6180.01 -0.026144 92
13096.2 1194.27 5738.58 -0.222634 92
13677.8 1398.8 6180.01 -0.171786 92
14108.6 2327.4 6180.01 -0.0258254 93
13228.7 1479.99 5738.58 -0.171453 93
13096.9 1195.9 5738.58 -0.222553 93
14108.9 2327.49 6180.01 -0.0259639 94
13678.4 1400.05 6180.01 -0.171939 94
13097.2 1196.26 5738.58 -0.222672 94
14109.2 2328.16 6180.01 -0.0260067 95
13098.1 1198.36 5738.58 -0.222463 95
13678.5 1400.47 6180.01 -0.172028 95
14109.8 2329.87 6180.01 -0.0260055 96
13678.8 1401.51 6180.01 -0.172136 96
13098.3 1199.29 5738.58 -0.222602 96
14110.6 2331.92 6180.01 -0.0258081 97
13098.4 1199.81 5738.58 -0.222641 97
13679.5 1403.26 6180.01 -0.171968 97
14109.4 2329.06 6180.01 -0.026334 98
13098.7 1200.42 5738.58 -0.222649 98
13230.9 1485.09 5738.58 -0.171443 98
13680.1 1404.42 6180.01 -0.171971 99
13099.2 1201.56 5738.58 -0.222537 99
14109.5 2329.95 6180.01 -0.0264257 100
13099.2 1201.56 5738.58 -0.222719 100
13680.7 1406.05 6180.01 -0.171869 100
14110.2 2331.61 6180.01 -0.0263001 101
14509.1 1967.9 6695.01 -0.0753328 101
13681.2 1407.09 6180.01 -0.17183 101
13099.4 1202.12 5738.58 -0.222766 101
13099.7 1202.45 5738.58 -0.222761 102
14112.4 2335.85 6180.01 -0.0257133 102
13681.2 1406.86 6180.01 -0.171918 102
14109.3 2328.85 6180.01 -0.0268457 103
13232.6 1488.78 5738.58 -0.17136 103
13100 1203.21 5738.58 -0.222727 103
13681.2 1406.86 6180.01 -0.172057 104
13100 1203.13 5738.58 -0.222791 104
14673.4 2321.21 6695.01 -0.02589 105
13232.7 1489.08 5738.58 -0.171393 105
13100.4 1204.14 5738.58 -0.222648 105
14112.5 2335.92 6180.01 -0.0258944 106
13681.4 1407.29 6180.01 -0.172056 106
13100.5 1204.17 5738.58 -0.22268 106
14110.1 2330.9 6180.01 -0.0266714 107
14852.9 2707.92 6695.01 0.0260403 107
13681.9 1408.45 6180.01 -0.171898 107
13100.5 1204.31 5738.58 -0.22269 107
14113.2 2337.48 6180.01 -0.0256905 108
13681.2 1406.9 6180.01 -0.172154 108
13100.7 1204.68 5738.58 -0.222621 108
14672.9 2320.13 6695.01 -0.0261398 109
13681.9 1408.6 6180.01 -0.171926 109
13100.3 1203.96 5738.58 -0.222813 109
14110.1 2330.67 6180.01 -0.0267896 110
13100.3 1203.92 5738.58 -0.22286 110
13681.7 1407.96 6180.01 -0.172069 110
14112.5 2336.21 6180.01 -0.0259811 111
13233 1489.92 5738.58 -0.171436 111
13100.8 1205.04 5738.58 -0.22268 111
14112.7 2336.69 6180.01 -0.0259326 112
13100.6 1204.78 5738.58 -0.222754 112
13233 1490.08 5738.58 -0.171433 112
14113.9 2339.22 6180.01 -0.0255669 113
13681.8 1408.33 6180.01 -0.172067 113
13100.7 1204.91 5738.58 -0.222745 113
14673.3 2320.65 6695.01 -0.0261769 114
13681.4 1407.39 6180.01 -0.172255 114
13100.4 1204.29 5738.58 -0.222893 114
14113.4 2337.77 6180.01 -0.0258146 115
13681.6 1407.85 6180.01 -0.172177 115
13101 1205.64 5738.58 -0.222647 115
14111.2 2333.73 6180.01 -0.0264234 116
13682.5 1410.15 6180.01 -0.171811 116
13100.6 1204.9 5738.58 -0.222795 116
14671.5 2317.21 6695.01 -0.0266671 117
13233.5 1490.85 5738.58 -0.171371 117
13100.9 1205.23 5738.58 -0.222747 117
14113 2337.27 6180.01 -0.0259114 118
13233.4 1490.77 5738.58 -0.171392 118
13101.3 1206.16 5738.58 -0.222586 118
14112.1 2333.62 6180.01 -0.0264632 119
13682 1407.66 6180.01 -0.172237 119
13100.6 1203.81 5738.58 -0.223012 119
14113.3 2338.33 6180.01 -0.025774 120
13681.9 1408.96 6180.01 -0.172048 120
13101.1 1206.09 5738.58 -0.222624 120
14672.1 2318.12 6695.01 -0.0265818 121
13681.6 1407.69 6180.01 -0.172271 121
13101.1 1205.82 5738.58 -0.222689 121
13100.9 1205.45 5738.58 -0.222758 122
14113.3 2338.09 6180.01 -0.0258266 122
13682.5 1410.04 6180.01 -0.171887 122
14674.9 2324.77 6695.01 -0.0256639 123
13681.7 1408.2 6180.01 -0.172191 123
13101.3 1206.24 5738.58 -0.222614 123
13100.8 1204.89 5738.58 -0.222864 124
14672.8 2319.63 6695.01 -0.0263781 124
13682.2 1408.97 6180.01 -0.172066 124
14112.8 2336.02 6180.01 -0.0261491 125
13682 1408.25 6180.01 -0.172192 125
13101.2 1205.51 5738.58 -0.22276 125
13101 1205.74 5738.58 -0.222735 126
14673.7 2322.46 6695.01 -0.0260029 126
13682.8 1410.86 6180.01 -0.171777 126
14110.7 2333.04 6180.01 -0.0266069 127
13101.2 1206.44 5738.58 -0.222614 127
13682.6 1410.58 6180.01 -0.17183 127
14854.2 2711.1 6695.01 0.0262351 128
13233.1 1490.42 5738.58 -0.171527 128
13101.5 1206.93 5738.58 -0.22252 128
14112.7 2336.79 6180.01 -0.0260491 129
13233.4 1490.92 5738.58 -0.171441 129
13101.1 1205.94 5738.58 -0.222705 129
14280.5 2698.24 6180.01 0.0265434 130
14672.7 2319.91 6695.01 -0.0263632 130
13232.9 1490.01 5738.58 -0.171606 130
13101.3 1206.51 5738.58 -0.222604 130
14112.5 2336.39 6180.01 -0.0261007 131
13101.8 1207.39 5738.58 -0.222433 131
13233.1 1490.38 5738.58 -0.171529 131
14281.1 2699.24 6180.01 0.0266975 132
14673.6 2321.71 6695.01 -0.0261044 132
13682.2 1409.09 6180.01 -0.172065 132
13101.4 1206.25 5738.58 -0.222636 132
14113.6 2338.51 6180.01 -0.0257842 133
13682.4 1409.53 6180.01 -0.171994 133
13101.2 1205.8 5738.58 -0.22272 133
14112.4 2335.88 6180.01 -0.026168 134
13682.4 1409.42 6180.01 -0.172004 134
13101.7 1206.73 5738.58 -0.222542 134
14111.7 2334.89 6180.01 -0.0263208 135
13683.1 1411.28 6180.01 -0.171705 135
13101.3 1206.18 5738.58 -0.222651 135
14113.8 2338.79 6180.01 -0.0257396 136
13233.4 1490.42 5738.58 -0.171517 136
13101.4 1206.06 5738.58 -0.222669 136
14112.2 2334.72 6180.01 -0.0263465 137
13101.2 1205.53 5738.58 -0.222763 137
13682.5 1409.32 6180.01 -0.172022 137
14674.9 2323.87 6695.01 -0.0258101 138
13233.1 1489.79 5738.58 -0.171634 138
13101.2 1205.69 5738.58 -0.222742 138
13101.4 1206.02 5738.58 -0.222682 139
13233.5 1490.74 5738.58 -0.171467 139
14113 2337.13 6180.01 -0.0259932 140
13233.7 1491.2 5738.58 -0.171387 140
13101.6 1206.55 5738.58 -0.222589 140
14673.4 2321.44 6695.01 -0.026147 141
13682.4 1409.49 6180.01 -0.172006 141
13101.4 1206.33 5738.58 -0.222631 141
14674.5 2323.58 6695.01 -0.0258511 142
13682.1 1408.81 6180.01 -0.172117 142
13101.5 1206.28 5738.58 -0.222637 142
14112.2 2335.81 6180.01 -0.026197 143
13101.4 1206.39 5738.58 -0.222627 143
13233.7 1491.46 5738.58 -0.171351 143
14280.7 2698.47 6180.01 0.0265774 144
14113.2 2337.52 6180.01 -0.0259438 144
13101.6 1206.66 5738.58 -0.222577 144
13233.3 1490.5 5738.58 -0.17152 144
13695.1 1416.74 6180.01 -0.16981 145
13113.7 1210.6 5738.58 -0.220745 145
14117.2 2330.49 6180.01 -0.0263693 146
13239 1487.08 5738.58 -0.171386 146
13106.9 1202.38 5738.58 -0.222595 146
13104.6 1202.54 5738.58 -0.222758 147
14117 2335.08 6180.01 -0.0258431 147
13685.5 1405.72 6180.01 -0.17212 147
14678.7 2321.9 6695.01 -0.0256609 148
13685.7 1406.03 6180.01 -0.172069 148
13104.8 1203.13 5738.58 -0.222652 148
14282.4 2693.85 6180.01 0.0262422 149
14116 2335.59 6180.01 -0.0258879 149
13683.7 1404.8 6180.01 -0.172398 149
13103.1 1202.69 5738.58 -0.222872 149
14113.9 2331.05 6180.01 -0.0265647 150
13102.8 1202.04 5738.58 -0.222991 150
13684.8 1407.34 6180.01 -0.171979 150
14673.6 2318.1 6695.01 -0.0263851 151
13682.8 1406.9 6180.01 -0.172168 151
13102.5 1205.2 5738.58 -0.222541 151
14112.1 2334.01 6180.01 -0.0262873 152
13682.7 1408.84 6180.01 -0.171924 152
13101.4 1205.05 5738.58 -0.222653 152
14112.6 2336.22 6180.01 -0.0260097 153
13681.5 1407.5 6180.01 -0.1722 153
13101.1 1205.58 5738.58 -0.222619 153
14112 2336.48 6180.01 -0.0260348 154
13232.7 1490.84 5738.58 -0.171384 154
13100.5 1205.96 5738.58 -0.222627 154
14672.3 2320.85 6695.01 -0.0261955 155
13681.4 1409.11 6180.01 -0.17203 155
13100.5 1206.03 5738.58 -0.222643 155
14111.4 2335.59 6180.01 -0.0261891 156
13100.4 1205.96 5738.58 -0.222655 156
13681.7 1409.81 6180.01 -0.171915 156
14112.4 2337.56 6180.01 -0.0258997 157
13681.5 1409.18 6180.01 -0.172022 157
13101 1206.89 5738.58 -0.22249 157
13100.2 1204.81 5738.58 -0.222874 158
14672.6 2320.05 6695.01 -0.026317 158
13681.8 1409.17 6180.01 -0.172028 158
14111.4 2335.17 6180.01 -0.0262642 159
13682.3 1410.51 6180.01 -0.171817 159
13100.5 1205.57 5738.58 -0.222746 159
14672.9 2320.2 6695.01 -0.0262944 160
13681.8 1408.6 6180.01 -0.172122 160
13101 1205.78 5738.58 -0.222697 160
13682.1 1409.29 6180.01 -0.17201 161
13101 1205.87 5738.58 -0.222682 161
14280.2 2698.09 6180.01 0.0265568 162
14112.7 2337.12 6180.01 -0.0259691 162
13682.3 1409.7 6180.01 -0.171943 162
13101.4 1206.59 5738.58 -0.22255 162
14673.6 2321.79 6695.01 -0.0260666 163
13682.6 1409.94 6180.01 -0.171894 163
13100.9 1205.27 5738.58 -0.222782 163
14110.6 2331.74 6180.01 -0.0267661 164
13233.7 1491.12 5738.58 -0.171363 164
13100.7 1204.72 5738.58 -0.222883 164
14674.9 2324.38 6695.01 -0.0257197 165
13233.3 1490.35 5738.58 -0.171508 165
13101 1205.41 5738.58 -0.222766 165
14853.2 2709.44 6695.01 0.026033 166
14673.5 2322.03 6695.01 -0.02605 166
13682.5 1410.1 6180.01 -0.171889 166
13100.9 1205.56 5738.58 -0.222754 166
13682.2 1409.24 6180.01 -0.172022 167
13101.5 1206.48 5738.58 -0.222575 167
14111.7 2334.39 6180.01 -0.0263787 168
13682.7 1410.2 6180.01 -0.171863 168
13101.2 1205.86 5738.58 -0.222688 168
14111.5 2351.77 6180.01 -0.0236619 169
13684.6 1425.55 6180.01 -0.169284 169
13104.2 1220.83 5738.58 -0.219906 169
13103 1219.09 5738.58 -0.220051 170
14672.6 2339.61 6695.01 -0.0233775 170
13683.7 1424.42 6180.01 -0.169317 170
14109.7 2349.19 6180.01 -0.0236411 171
13682.9 1423.2 6180.01 -0.169226 171
13102.1 1217.59 5738.58 -0.220004 171
14110.7 2351.49 6180.01 -0.0232989 172
13102.1 1217.5 5738.58 -0.22002 172
13682.8 1422.89 6180.01 -0.169278 172
14849.7 2725.49 6695.01 0.0287795 173
14109.3 2349.03 6180.01 -0.0235487 173
13101.5 1216.58 5738.58 -0.22005 173
13682.7 1423.21 6180.01 -0.169101 173
14670.1 2334.88 6695.01 -0.0235795 174
13681.9 1421.02 6180.01 -0.169339 174
13101.9 1217.19 5738.58 -0.219803 174
14275.2 2708.48 6180.01 0.0289028 175
14670 2334.74 6695.01 -0.0235109 175
13232.8 1501.3 5738.58 -0.16865 175
13101.1 1215.7 5738.58 -0.219958 175
14669.4 2333.42 6695.01 -0.0236913 176
13681.2 1419.76 6180.01 -0.169441 176
13101.6 1216.78 5738.58 -0.219761 176
14109.8 2349.67 6180.01 -0.0230842 177
14849.1 2723.36 6695.01 0.0288229 177
13681 1419.2 6180.01 -0.169347 177
13100.7 1214.72 5738.58 -0.21993 177
14109.8 2349.83 6180.01 -0.0229939 178
13231.8 1499.3 5738.58 -0.168728 178
13100.4 1214.29 5738.58 -0.219931 178
14106.8 2343.31 6180.01 -0.0238363 179
13099.8 1212.75 5738.58 -0.220053 179
13680.4 1418.12 6180.01 -0.169313 179
13680.5 1418.28 6180.01 -0.16923 180
13100 1213.24 5738.58 -0.219903 180
14847.8 2720.85 6695.01 0.0287509 181
14108.8 2347.64 6180.01 -0.0230951 181
13680.3 1417.79 6180.01 -0.16926 181
13099.5 1212.14 5738.58 -0.220047 181
13680.3 1417.7 6180.01 -0.169275 182
13100.2 1213.58 5738.58 -0.219786 182
14669.4 2333.28 6695.01 -0.023249 183
13680.2 1417.49 6180.01 -0.169263 183
13099.8 1212.74 5738.58 -0.219886 183
14109 2347.77 6180.01 -0.022954 184
13231.1 1497.51 5738.58 -0.168632 184
13100 1213.01 5738.58 -0.21974 184
13680.2 1417.18 6180.01 -0.169187 185
13099.4 1211.59 5738.58 -0.219955 185
14108.6 2346.76 6180.01 -0.023044 186
13099.5 1211.86 5738.58 -0.219875 186
13230.7 1496.56 5738.58 -0.168727 186
14105.7 2340.38 6180.01 -0.0239729 187
13099.4 1211.63 5738.58 -0.219888 187
13679.5 1415.81 6180.01 -0.169358 187
14668.4 2331 6695.01 -0.0233961 188
13679.4 1415.72 6180.01 -0.169352 188
13099.3 1211.59 5738.58 -0.219873 188
14107.9 2345.59 6180.01 -0.0231343 189
13230.7 1496.92 5738.58 -0.168564 189
13098.7 1210.49 5738.58 -0.220022 189
14668.1 2330.78 6695.01 -0.0233858 190
13230.2 1495.75 5738.58 -0.168772 190
13099.1 1211.32 5738.58 -0.21987 190
14105.8 2340.84 6180.01 -0.0238211 191
13230.1 1495.41 5738.58 -0.168804 191
13098.7 1210.29 5738.58 -0.220029 191
14106.9 2343.15 6180.01 -0.0234575 192
13099.4 1211.85 5738.58 -0.219724 192
13679 1414.84 6180.01 -0.169405 192
14668.1 2330.32 6695.01 -0.0233954 193
13230.5 1496.25 5738.58 -0.168614 193
13098.4 1209.61 5738.58 -0.22011 193
13679.3 1415.45 6180.01 -0.16927 194
13099 1211.01 5738.58 -0.219838 194
14107 2343.54 6180.01 -0.0233489 195
13679.2 1415.23 6180.01 -0.169286 195
13099.1 1211.21 5738.58 -0.219779 195
13679.4 1415.86 6180.01 -0.169182 196
13098.5 1209.95 5738.58 -0.220009 196
14667.7 2329.97 6695.01 -0.0234016 197
13098.6 1210.28 5738.58 -0.219933 197
13679.9 1416.92 6180.01 -0.168993 197
14107.2 2344.23 6180.01 -0.0232329 198
13230.1 1495.67 5738.58 -0.168662 198
13098.7 1210.59 5738.58 -0.219876 198
14106.4 2342.28 6180.01 -0.0235147 199
13098.3 1209.63 5738.58 -0.22004 199
13230 1495.3 5738.58 -0.168718 199
14108.3 2346.09 6180.01 -0.0229376 200
13678.5 1413.71 6180.01 -0.169499 200
13098.7 1210.24 5738.58 -0.219915 200
14846.6 2717.62 6695.01 0.0286769 201
14667.2 2328.48 6695.01 -0.0235798 201
13230.2 1495.51 5738.58 -0.168654 201
13098.3 1209.33 5738.58 -0.220068 201
14108.2 2345.91 6180.01 -0.0229408 202
13229.6 1494.29 5738.58 -0.168856 202
13098.9 1210.63 5738.58 -0.219817 202
14105.5 2340 6180.01 -0.0238211 203
13679.1 1414.84 6180.01 -0.169288 203
13098.4 1209.46 5738.58 -0.220029 203
13098.2 1209.14 5738.58 -0.220075 204
14667.2 2328.28 6695.01 -0.0235851 204
13679.2 1415.04 6180.01 -0.169244 204
14108.1 2345.5 6180.01 -0.0229846 205
13230 1495.04 5738.58 -0.168701 205
13098.6 1209.9 5738.58 -0.219927 205
14845.9 2716.14 6695.01 0.0285147 206
14106.7 2342.55 6180.01 -0.0234183 206
13098.5 1209.59 5738.58 -0.219978 206
13679.3 1415.26 6180.01 -0.169193 206
14107.9 2345.12 6180.01 -0.0230394 207
13678.4 1413.47 6180.01 -0.169492 207
13098.3 1209.39 5738.58 -0.220016 207
14846 2716.77 6695.01 0.0285967 208
14666.4 2327.02 6695.01 -0.0237487 208
13679.1 1415.26 6180.01 -0.169197 208
13098.4 1209.9 5738.58 -0.219925 208
14107.5 2344.57 6180.01 -0.0231143 209
13678.8 1414.28 6180.01 -0.169351 209
13098.6 1210.14 5738.58 -0.219874 209
14107.3 2343.91 6180.01 -0.0232158 210
13097.7 1208.17 5738.58 -0.220233 210
13678.5 1413.75 6180.01 -0.16944 210
14668.9 2332.15 6695.01 -0.0230358 211
13229.4 1494.08 5738.58 -0.168859 211
13098.5 1209.86 5738.58 -0.219922 211
14846.4 2717.89 6695.01 0.028756 212
14107.1 2343.98 6180.01 -0.0231944 212
13230 1495.41 5738.58 -0.168619 212
13098.5 1210.07 5738.58 -0.219879 212
14107.5 2344.35 6180.01 -0.0231342 213
13098.5 1209.74 5738.58 -0.21993 213
13678.8 1414.22 6180.01 -0.169346 213
14108 2345.59 6180.01 -0.0229503 214
13098.3 1209.39 5738.58 -0.219996 214
13678.8 1414.43 6180.01 -0.169314 214
14106.5 2342.19 6180.01 -0.0234528 215
13679.4 1415.55 6180.01 -0.169125 215
13098 1208.74 5738.58 -0.220108 215
14273.4 2704.13 6180.01 0.0291478 216
14668.8 2331.69 6695.01 -0.0230928 216
13678.7 1413.98 6180.01 -0.169388 216
13098.5 1209.83 5738.58 -0.219914 216
14107.1 2343.48 6180.01 -0.0232616 217
13679.3 1415.49 6180.01 -0.169136 217
13098.1 1209 5738.58 -0.220063 217
14105.7 2340.6 6180.01 -0.0236906 218
13679.1 1415.16 6180.01 -0.169191 218
13098 1208.99 5738.58 -0.220066 218
14669.8 2334.24 6695.01 -0.0227375 219
13678.7 1414.23 6180.01 -0.169343 219
13098.4 1209.75 5738.58 -0.219926 219
14666.9 2327.83 6695.01 -0.0236155 220
13679.7 1416.4 6180.01 -0.168982 220
13098.4 1209.78 5738.58 -0.219917 220
13098.3 1209.46 5738.58 -0.219974 221
13678.7 1414.14 6180.01 -0.169353 221
14108.2 2345.92 6180.01 -0.0228914 222
13098.7 1210.25 5738.58 -0.219826 222
13229.5 1494.15 5738.58 -0.168821 222
14106.3 2341.7 6180.01 -0.0235153 223
13230 1495.05 5738.58 -0.168658 223
13098.4 1209.5 5738.58 -0.219958 223
14107.8 2344.95 6180.01 -0.0230291 224
13229.7 1494.45 5738.58 -0.168761 224
13098.5 1209.67 5738.58 -0.219924 224
13097.9 1208.4 5738.58 -0.220159 225
13229.7 1494.33 5738.58 -0.168787 225
14107.5 2344.31 6180.01 -0.0231269 226
13678.5 1413.53 6180.01 -0.169446 226
13098.3 1209.43 5738.58 -0.21997 226
14846.4 2717.15 6695.01 0.028677 227
14106.6 2342.42 6180.01 -0.023404 227
13679.2 1415.01 6180.01 -0.169197 227
13098.1 1208.87 5738.58 -0.220068 227
13678.9 1414.35 6180.01 -0.169305 228
13098.5 1209.71 5738.58 -0.219912 228
14104.8 2338.33 6180.01 -0.0240097 229
13679.2 1415.04 6180.01 -0.16919 229
13098.3 1209.37 5738.58 -0.219974 229
14846.1 2716.46 6695.01 0.0285903 230
13098.1 1208.82 5738.58 -0.22007 230
13678.8 1414.03 6180.01 -0.169354 230
14669 2332.01 6695.01 -0.0230245 231
13229.4 1493.58 5738.58 -0.168907 231
13098.7 1209.93 5738.58 -0.219868 231
14668.5 2331.3 6695.01 -0.023126 232
13679 1414.61 6180.01 -0.169263 232
13098.7 1210.13 5738.58 -0.219837 232
13098.4 1209.33 5738.58 -0.21998 233
13679.2 1415.05 6180.01 -0.169188 233
14106.5 2342.91 6180.01 -0.0233253 234
13098.4 1209.63 5738.58 -0.219926 234
13679.3 1415.69 6180.01 -0.169084 234
13098.2 1209.04 5738.58 -0.220032 235
13679 1414.68 6180.01 -0.16925 235
13098 1208.49 5738.58 -0.220132 236
14667.9 2329.73 6695.01 -0.0233398 236
13679.1 1414.78 6180.01 -0.169232 236
13098 1208.83 5738.58 -0.220078 237
14668 2330.09 6695.01 -0.0232963 237
13679.1 1415.02 6180.01 -0.169199 237
14107.7 2344.66 6180.01 -0.0230776 238
13098.5 1209.76 5738.58 -0.219914 238
13678.6 1413.92 6180.01 -0.169384 238
14105.1 2339.32 6180.01 -0.0238705 239
13098.3 1209.41 5738.58 -0.219975 239
13678.7 1414.12 6180.01 -0.16935 239
13098.4 1209.57 5738.58 -0.21995 240
13229.9 1494.93 5738.58 -0.168683 240
13187.3 2325.01 5356.01 -0.0299724 241
12071.7 1402.91 4725.89 -0.227167 241
12179.6 1638.39 4725.89 -0.175717 241
12208.1 2350.58 4463.34 -0.0299863 242
12004.6 1892.46 4463.34 -0.128692 242
16585.3 607.262 8034.01 -0.18143 254
16156.3 1131.08 7303.65 -0.121151 255
14809.9 898.084 6180.01 -0.182449 255
13778.9 1429.15 5021.26 -0.119546 256
13068.9 1223.93 4463.34 -0.181473 256
13037.3 1700.6 4017 -0.0577099 257
12729.5 1482.92 3825.72 -0.115556 257
12443.5 1271.28 3651.82 -0.179361 257
12258.9 1928.71 3213.6 -0.00645394 258
12638.4 1704.15 3651.82 -0.0626306 258
12373.9 1503.4 3493.05 -0.121122 258
12126.1 1307.72 3347.5 -0.185301 258
12267.6 1722.37 3213.6 -0.0512247 259
12420.9 1484.41 3347.5 -0.105602 260
12196.7 1285.67 3213.6 -0.171963 260
12178.5 1286.43 2975.56 -0.159988 261
13970.7 1339.31 4463.34 -0.0823679 262
13412.9 1088.97 4017 -0.153937 262
15290 1255.3 5738.58 -0.0782161 263
14130.5 996.221 4725.89 -0.150151 263
16236.4 745.445 6695.01 -0.138697 264
15525.4 1435.26 5021.26 -0.00503186 269
15426.8 1415.57 4725.89 0.00850554 270
14284.5 1068.21 3825.72 -0.0734872 270
13374.2 1138.51 2869.29 -0.0612926 271
14019.6 1411.21 3347.5 0.0217664 271
13458 1122.55 2869.29 -0.0549978 272
14104.5 1402.18 3347.5 0.028731 272
13655.9 1114.37 2975.56 -0.0452236 273
14191.8 1410.19 3347.5 0.0395189 273
13502.3 1105.57 2770.35 -0.0412345 274
13667.4 1111.6 2869.29 -0.0308428 275
14076.4 1124.46 3090 -0.00712789 277
12730 1010.06 1181.47 0.132823 302
12676.3 976.279 1115.83 0.114441 303
12765.3 986.521 1181.47 0.116651 304
12620.2 968.85 979.757 0.121178 306
12734.4 967.61 1071.2 0.107465 307
12764.7 967.151 1016.96 0.090645 309
12707.9 951.006 934.187 0.0731939 310
12975 1122.72 1199.11 0.192425 310
12806.2 938.63 1004.25 0.0470035 311
12811.8 954.594 979.757 0.0527935 312
13100 1144.46 1275.24 0.183447 312
13332.6 1351.73 1515.85 0.283638 312
13517.4 1574.11 1709.36 0.370718 312
13624.1 1826.68 1825.91 0.466375 312
12795.9 966.927 934.187 0.0552308 313
13086.8 1155.07 1236 0.18818 313
13299.6 1356.82 1460.73 0.290473 313
13465.8 1569.93 1639.59 0.378646 313
13558.3 1809.76 1746.52 0.47495 313
12755.9 974.989 828.248 0.0395859 314
13042 1156.01 1131.55 0.183188 314
13387.7 1546.84 1515.85 0.381872 314
12840.9 974.738 873.262 0.0220056 315
13161.4 1175.78 1217.27 0.175543 315
13405.3 1395.7 1487.78 0.287537 315
13722.2 1904.98 1868.37 0.483753 315
12845.8 991.814 819.797 0.0110931 316
13181 1192.17 1181.47 0.171473 316
13404.3 1407.06 1434.64 0.287646 316
13609.8 1645.58 1673.75 0.384034 316
13722.8 1913.49 1825.91 0.487934 316
13812.2 2212.53 1959.51 0.588316 316
12843.5 1006.08 787.648 0.0107848 317
13159 1203.34 1131.55 0.175651 317
13404 1422.03 1409.48 0.293228 317
13597.7 1657.34 1639.59 0.391104 317
13781.4 2210.88 1912.86 0.597143 317
12878 989.606 795.447 -0.023278 318
13233.8 1197.17 1181.47 0.152893 318
13477.8 1424.07 1460.73 0.276402 318
13722.7 1684.5 1746.52 0.376723 318
13885.8 1990.4 1959.51 0.483268 318
13936.3 2287.21 2060 0.587267 318
12882.3 1019.03 743.89 -0.0314864 319
13236.6 1227.05 1131.55 0.15493 319
13499.8 1459.63 1434.64 0.282239 319
13728.9 1718.55 1709.36 0.385602 319
13877.2 2019.3 1912.86 0.494304 319
14013.3 2371.38 2114.21 0.598737 319
12893.5 1011.72 710.974 -0.0682809 320
13262.3 1226.58 1115.83 0.138239 320
13563.2 1472.87 1460.73 0.27241 320
13798.8 1742.64 1746.52 0.380329 320
13996.3 2078.12 2008.5 0.4916 320
14090.9 2421.88 2171.35 0.599279 320
13229.1 1217.56 1057.11 0.12826 321
13513.2 1455.97 1385.17 0.267976 321
13785.1 1732.98 1709.36 0.377633 321
13970.1 2061.42 1959.51 0.491327 321
14056.2 2396.07 2114.21 0.600412 321
13291.5 1238.26 1043.38 0.120935 322
13583.7 1488.44 1385.17 0.269908 322
13849.6 1773.72 1709.36 0.38482 322
14027.6 2108.95 1959.51 0.502063 322
14210.3 2519.98 2231.67 0.613093 322
13282.4 1242.99 1016.96 0.117826 323
13600.1 1497.72 1385.17 0.26859 323
13864.8 1784.88 1709.36 0.384995 323
14041.4 2122.3 1959.51 0.50351 323
14222.6 2534.82 2231.67 0.615203 323
13272.1 1249.08 991.853 0.115024 324
13569.1 1497.34 1339 0.268633 324
13843.7 1784.45 1673.75 0.385941 324
14009.8 2113.69 1912.86 0.505434 324
14178.6 2513.48 2171.35 0.61779 324
13260.8 1242.17 945.178 0.0886761 325
13521.5 1477.37 1255.31 0.251231 325
13754.6 1738.83 1545 0.373034 325
13923.9 2051.62 1785.34 0.494606 325
14020.3 2382.92 1959.51 0.60922 325
14103.3 2687.72 2114.21 0.693667 325
13266.4 1255.85 934.187 0.0907162 326
13535.8 1494.33 1255.31 0.254764 326
13766.2 1757.57 1545 0.377516 326
14025.3 2403.31 1959.51 0.615035 326
13231.9 1255.39 863.872 0.0750621 327
13479.5 1482.02 1164.35 0.246688 327
13689.9 1728.56 1434.64 0.372923 327
13923.9 2332.01 1825.91 0.61528 327
13207.2 1253.89 819.797 0.0658592 328
13450.9 1473.81 1115.83 0.241112 328
13683.3 1723.22 1409.48 0.368992 328
13806.8 2001.47 1606.8 0.496305 328
13901.4 2311.21 1785.34 0.613925 328
13955.9 2576.43 1912.86 0.700553 328
13208.7 1258.96 803.401 0.0641536 329
13465.7 1483.83 1115.83 0.243214 329
13671.2 1728.83 1385.17 0.374501 329
13813.3 2016.74 1606.8 0.502658 329
13903.1 2327.56 1785.34 0.621538 329
13953.8 2592.69 1912.86 0.708778 329
13210.5 1262.79 787.648 0.0609876 330
13466 1488.72 1100.55 0.244091 330
13683.8 1739.2 1385.17 0.376955 330
13852.1 2043.75 1639.59 0.505884 330
13943.7 2364.24 1825.91 0.625959 330
13995.2 2637.46 1959.51 0.713788 330
13294.1 1254.63 836.876 0.0351026 331
13575.6 1501.58 1181.47 0.22798 331
13835.4 1781.71 1515.85 0.365071 331
14010.3 2112.33 1785.34 0.497592 331
14126 2474.45 2008.5 0.619899 331
14195.1 2785.22 2171.35 0.708619 331
13288.8 1252.07 811.516 0.0242017 332
13578.1 1499.29 1164.35 0.222325 332
13826.6 1775.62 1487.78 0.362348 332
14026 2117.27 1785.34 0.496307 332
14207.4 2791.29 2171.35 0.709118 332
14139.9 2479.96 2008.5 0.619622 332
13288.7 1260.11 795.447 0.0253785 333
13576.1 1507.31 1147.72 0.225922 333
13838.8 1789.28 1487.78 0.366788 333
14000.2 2115.29 1746.52 0.502407 333
14260.2 2850.77 2231.67 0.715141 333
14145.8 2497.36 2008.5 0.625831 333
13560.5 1506.25 1115.83 0.225063 334
13827.9 1787.03 1460.73 0.367195 334
14013.4 2123.02 1746.52 0.50321 334
14115.4 2477.32 1959.51 0.628019 334
13596.3 1506.51 1131.55 0.216336 335
13847.5 1785.92 1460.73 0.361797 335
14032.5 2123.13 1746.52 0.499488 335
14176 2507.21 2008.5 0.624828 335
14239.3 2820.23 2171.35 0.71563 335
13571.7 1487.08 1085.68 0.202498 336
13843.4 1768.62 1434.64 0.352023 336
14052.9 2116.61 1746.52 0.492356 336
14196.2 2503.22 2008.5 0.619933 336
14360.5 2905.3 2295.43 0.71193 336
13598.1 1493.68 1085.68 0.200994 337
13891.8 1788.49 1460.73 0.354025 337
14108.1 2150.97 1785.34 0.497149 337
14256.9 2554.66 2060 0.626552 337
14374.8 2928.06 2295.43 0.719108 337
13629.2 1499.2 1100.55 0.198748 338
13906.8 1794.28 1460.73 0.354602 338
14122.4 2158.43 1785.34 0.498608 338
14270.2 2564 2060 0.628699 338
13645.5 1500.92 1100.55 0.195821 339
13922.9 1797.39 1460.73 0.353272 339
14138.2 2162.89 1785.34 0.498212 339
14286.1 2569.64 2060 0.628785 339
13648.4 1502.95 1085.68 0.19541 340
13940.2 1803.27 1460.73 0.353612 340
14154.8 2170.5 1785.34 0.499488 340
14302 2578.98 2060 0.630662 340
13637 1497.85 1057.11 0.191719 341
13930.9 1799.75 1434.64 0.354367 341
14168.7 2180.1 1785.34 0.502351 341
14360.4 2625.7 2114.21 0.634591 341
13639.4 1500.08 1030 0.187764 342
13934.8 1804.25 1409.48 0.355537 342
14159.9 2180.8 1746.52 0.506833 342
14338.8 2617.93 2060 0.640839 342
13631.4 1498.76 1004.25 0.18437 343
13929.6 1800.8 1385.17 0.354004 343
14144.5 2169.69 1709.36 0.506691 343
14313.2 2595.11 2008.5 0.641488 343
13612 1493.12 967.953 0.180141 344
13901.6 1789.82 1339 0.353834 344
14127.1 2160.43 1673.75 0.508499 344
14284.9 2576.3 1959.51 0.644689 344
13630.8 1497.74 956.43 0.175633 345
13909.6 1793.59 1317.05 0.354055 345
14124 2158.75 1639.59 0.51102 345
14271.6 2565.93 1912.86 0.648625 345
14407.8 2960.62 2171.35 0.744688 345
13634.6 1502.22 945.178 0.174516 346
13923.9 1802.19 1317.05 0.35487 346
14137.4 2169.83 1639.59 0.513177 346
14323.5 2607.86 1959.51 0.650925 346
14468.8 3017.95 2231.67 0.74677 346
13628.6 1502.32 923.449 0.171516 347
13919.2 1800.48 1295.81 0.354007 347
14152.2 2176.92 1639.59 0.513321 347
14298.4 2588.73 1912.86 0.652683 347
14482.2 3030.62 2231.67 0.74891 347
13599.5 1490.06 873.262 0.163182 348
13881.9 1781.13 1236 0.352 348
14085.2 2135.64 1545 0.514862 348
14206.4 2516.68 1785.34 0.656054 348
14358.9 2912.27 2060 0.751835 348
13616.2 1493.62 873.262 0.1635 349
13896.3 1788.58 1236 0.355579 349
14097 2146.58 1545 0.52033 349
14249.9 2555.16 1825.91 0.661754 349
14409.2 2967.67 2114.21 0.758077 349
13643.8 1497.9 882.858 0.159649 350
13951 1806.46 1275.24 0.353932 350
14169.4 2183.92 1606.8 0.520017 350
14340.2 2619.85 1912.86 0.662299 350
14520.4 3067.24 2231.67 0.759312 350
13639.6 1499.81 863.872 0.15719 351
13964.7 1816.3 1275.24 0.356 351
14211 2215.77 1639.59 0.52462 351
14390.4 2672.06 1959.51 0.668659 351
13611.4 1496.37 819.797 0.156944 352
13891.2 1791.48 1181.47 0.359535 352
14115.4 2162.67 1515.85 0.528772 352
14225.6 2545.77 1746.52 0.673904 352
14365.8 2937.66 2008.5 0.770501 352
13616.2 1486.88 803.401 0.149438 353
13896.5 1780.37 1164.35 0.355549 353
14112.5 2144.87 1487.78 0.526519 353
14248.4 2543.25 1746.52 0.672074 353
13634.9 1482.44 803.401 0.147179 354
13930.3 1784.57 1181.47 0.356232 354
14179.9 2174.62 1545 0.528444 354
14330.2 2599.08 1825.91 0.675078 354
14487.9 3024.31 2114.21 0.772842 354
13706.2 1485.84 854.682 0.146353 355
14076 1834.48 1317.05 0.360812 355
14374.3 2291.21 1746.52 0.537098 355
14632.5 2851.5 2171.35 0.684987 355
13713.3 1481.1 845.685 0.146362 356
14054.3 1820.8 1275.24 0.363969 356
14362.2 2276.53 1709.36 0.540171 356
14564.2 2787.82 2060 0.688433 356
13738.8 1489.69 854.682 0.155893 357
14108.4 1849.43 1317.05 0.375295 357
13758.8 1503.61 863.872 0.169614 358
13773.7 1506.2 863.872 0.168596 359
14673.6 2512.81 2008.5 0.571253 359
13659.1 1503.28 723.785 0.176288 360
13992.2 1835.22 1131.55 0.403198 360
13636.7 1508.19 686.668 0.173801 361
13937.9 1819.87 1057.11 0.403703 361
14173.7 2213.4 1385.17 0.582477 361
13565.4 1501.39 599.553 0.166981 362
13816.6 1774.85 912.956 0.403574 362
14004.9 2110.05 1181.47 0.585065 362
13565.2 1507 582.175 0.157591 363
13803 1774.69 882.858 0.40143 363
13972.7 2093.56 1131.55 0.585398 363
13560.4 1510.41 561.819 0.147255 364
13798.9 1775.35 863.872 0.396681 364
13956.5 2085.76 1100.55 0.584646 364
13558.3 1516.68 542.839 0.137869 365
13796.8 1779.1 845.685 0.392911 365
13956.2 2087.78 1085.68 0.582844 365
13762.8 1767.93 795.447 0.38769 366
13915 2065.08 1030 0.582741 366
13553.9 1521.16 502.126 0.104673 367
13791.9 1785.99 811.516 0.384754 367
13948.2 2094.61 1057.11 0.584469 367
14062.6 2442.21 1275.24 0.741375 367
13786.3 1778.26 787.648 0.369609 368
13941.5 2079.84 1030 0.572961 368
14048 2412.71 1236 0.731909 368
13755.7 1774.27 723.785 0.356671 369
13907.6 2067.69 967.953 0.571269 369
13987.2 2371.04 1147.72 0.736386 369
13800.7 1797.8 757.925 0.353479 370
13957.4 2109.51 1016.96 0.57402 370
14060.1 2449.7 1236 0.741495 370
13791.8 1789.32 730.365 0.335678 371
13953.8 2095.99 991.853 0.560191 371
14050.1 2422.11 1199.11 0.729602 371
13748.7 1786.6 653.172 0.324044 372
13905.4 2080.38 912.956 0.560909 372
13993.3 2390.07 1115.83 0.73665 372
13785.3 1811.47 663.968 0.316162 373
13949.1 2124.75 945.178 0.564871 373
14037 2453.93 1164.35 0.747173 373
13769.7 1810.08 632.599 0.306879 374
13943.8 2121.22 923.449 0.558672 374
14036 2449.53 1147.72 0.742916 374
13962.5 2099.91 902.698 0.518774 375
14059.1 2426.46 1131.55 0.71269 375
14130.8 2704.62 1317.05 0.824293 375
13777 1809.24 586.424 0.259163 376
13947.7 2121.63 882.858 0.5393 376
14038.1 2450.53 1115.83 0.736482 376
14113.3 2740.07 1317.05 0.848818 376
13934.7 2101.7 845.685 0.522239 377
14024 2417.9 1071.2 0.722404 377
14105.3 2703.11 1275.24 0.836064 377
13778.4 1817.34 554.07 0.239295 378
13927.4 2115.12 828.248 0.532703 378
14024.8 2442.02 1071.2 0.735679 378
14100.4 2727.65 1275.24 0.850225 378
13952 2121.58 836.876 0.518693 379
14059.5 2465.74 1100.55 0.729065 379
14154.2 2781.27 1339 0.846724 379
13941.2 2119.38 795.447 0.509283 380
14046.2 2456.73 1057.11 0.726744 380
14125.7 2751.66 1275.24 0.847333 380
13988.8 2134.83 828.248 0.491216 381
14098 2486.63 1100.55 0.714223 381
13977.3 2142.2 803.401 0.496524 382
14091.6 2497.35 1085.68 0.722029 382
14174.4 2806.41 1317.05 0.846259 382
14068.7 2458.86 1030 0.70677 383
14166.4 2770.24 1275.24 0.832677 383
14056 2452.3 1004.25 0.707291 384
14142.8 2751.42 1236 0.835499 384
13964.7 2121.43 750.842 0.466159 385
14073 2469.58 1030 0.709216 385
14178.2 2797.85 1295.81 0.839029 385
13952.3 2104.97 730.365 0.454527 386
14063.9 2456.45 1016.96 0.705435 386
13975 2123.37 757.925 0.462576 387
14076 2482.48 1043.38 0.71635 387
14177.4 2819.88 1317.05 0.849869 387
14003.5 2133.67 787.648 0.458445 388
14122.6 2516.34 1100.55 0.711961 388
14227.8 2868.96 1385.17 0.846157 388
14017.5 2140.57 803.401 0.458457 389
14134.7 2526.35 1115.83 0.711662 389
14008 2140.46 795.447 0.46328 390
14120.8 2519.69 1100.55 0.715161 390
14226.6 2872.62 1385.17 0.848421 390
14001.7 2135.41 787.648 0.461258 391
14111 2508.13 1085.68 0.713127 391
14212.9 2852.53 1361.7 0.846374 391
13994.9 2131.67 780.001 0.460832 392
14111.7 2507.25 1085.68 0.712184 392
14213.7 2851.41 1361.7 0.845432 392
14000.2 2138.81 787.648 0.465644 393
14107.2 2512.31 1085.68 0.718113 393
14207 2857.05 1361.7 0.851431 393
14002.1 2135.01 787.648 0.460587 394
14110.8 2508.02 1085.68 0.713171 394
14000.2 2138.91 787.648 0.465749 395
14107 2512.46 1085.68 0.718314 395
14000.2 2138.88 787.648 0.46571 396
14106.9 2512.51 1085.68 0.718367 396
14002.1 2135.1 787.648 0.460707 397
14110.7 2508.15 1085.68 0.713325 397
14228.7 2869.81 1385.17 0.846086 397
14002.1 2135.01 787.648 0.460588 398
14110.8 2508 1085.68 0.713152 398
14002.2 2134.96 787.648 0.460509 399
14110.8 2508.02 1085.68 0.713174 399
14002.1 2135.01 787.648 0.460583 400
14110.8 2508.06 1085.68 0.713212 400
14002.2 2135 787.648 0.460565 401
14110.8 2508.02 1085.68 0.713167 401
14002.1 2135.14 787.648 0.460762 402
14110.7 2508.15 1085.68 0.713324 402
14212.1 2852.37 1361.7 0.846668 402
14002.1 2135.03 787.648 0.460605 403
14110.8 2508.07 1085.68 0.713231 403
14002.1 2135.02 787.648 0.460597 404
14110.8 2508.09 1085.68 0.713253 404
14212.3 2852.24 1361.7 0.846544 404
14002.1 2135.06 787.648 0.460634 405
14110.7 2508.21 1085.68 0.713391 405
14002.1 2135.06 787.648 0.460652 406
14110.8 2508.08 1085.68 0.713239 406
14228.8 2869.69 1385.17 0.845984 406
14002.1 2135.16 787.648 0.460782 407
14110.7 2508.15 1085.68 0.713329 407
14212.1 2852.34 1361.7 0.846667 407
14002.1 2135.15 787.648 0.460767 408
14110.7 2508.18 1085.68 0.713368 408
14002.1 2135.14 787.648 0.460756 409
14110.7 2508.17 1085.68 0.713349 409
14212.1 2852.34 1361.7 0.846664 409
14002.2 2134.98 787.648 0.460534 410
14110.8 2508.07 1085.68 0.713236 410
14002.1 2135.12 787.648 0.460717 411
14110.7 2508.2 1085.68 0.71338 411
14212.1 2852.3 1361.7 0.846633 411
14002.1 2135.09 787.648 0.460683 412
14110.7 2508.18 1085.68 0.71336 412
14002.1 2135.09 787.648 0.460683 413
14110.7 2508.18 1085.68 0.713369 413
14228.6 2869.84 1385.17 0.84614 413
14002.1 2135.13 787.648 0.460739 414
14110.7 2508.21 1085.68 0.713396 414
14002.1 2135.11 787.648 0.460714 415
14110.7 2508.17 1085.68 0.713354 415
14212.1 2852.35 1361.7 0.846675 415
14002.1 2135.1 787.648 0.460696 416
14110.7 2508.19 1085.68 0.713376 416
14002.1 2135.1 787.648 0.460689 417
14110.7 2508.18 1085.68 0.713359 417
14212.1 2852.35 1361.7 0.846677 417
14002.1 2135.09 787.648 0.460675 418
14110.7 2508.14 1085.68 0.713321 418
14212.1 2852.31 1361.7 0.846644 418
14002.2 2134.99 787.648 0.460543 419
14110.8 2508.02 1085.68 0.71318 419
14228.9 2869.54 1385.17 0.845869 419
14002.2 2134.95 787.648 0.460493 420
14110.8 2508.02 1085.68 0.713184 420
14212.3 2852.14 1361.7 0.846471 420
14002.1 2135.07 787.648 0.460656 421
14110.7 2508.17 1085.68 0.713351 421
14212.1 2852.38 1361.7 0.846697 421
14002.2 2135.05 787.648 0.460621 422
14110.7 2508.19 1085.68 0.713372 422
14002.2 2135.04 787.648 0.460613 423
14110.7 2508.12 1085.68 0.713297 423
14212.1 2852.35 1361.7 0.846673 423
14002.1 2135.06 787.648 0.460636 424
14110.7 2508.12 1085.68 0.713304 424
14002.1 2135.12 787.648 0.460711 425
14110.6 2508.21 1085.68 0.713404 425
14212 2852.44 1361.7 0.846766 425
14002.2 2135.05 787.648 0.460623 426
14110.7 2508.12 1085.68 0.713299 426
14212.2 2852.26 1361.7 0.846602 426
14000.3 2138.76 787.648 0.465528 427
14107 2512.4 1085.68 0.718252 427
14206.7 2857.12 1361.7 0.851613 427
14002.1 2135.22 787.648 0.460843 428
14110.6 2508.27 1085.68 0.713487 428
14211.9 2852.54 1361.7 0.846883 428
14002.2 2135.03 787.648 0.460597 429
14110.7 2508.13 1085.68 0.713313 429
14002.1 2135.08 787.648 0.460667 430
14110.6 2508.21 1085.68 0.713404 430
14212.1 2852.37 1361.7 0.846705 430
14002.1 2135.08 787.648 0.460666 431
14110.7 2508.14 1085.68 0.713334 431
14002.2 2135.04 787.648 0.46061 432
14110.7 2508.12 1085.68 0.713302 432
14002.2 2135.03 787.648 0.460595 433
14110.7 2508.12 1085.68 0.713303 433
14212.1 2852.31 1361.7 0.846644 433
14002.2 2135.04 787.648 0.460605 434
14110.7 2508.15 1085.68 0.71333 434
14212.2 2852.3 1361.7 0.84663 434
14002.2 2134.92 787.648 0.460441 435
14110.8 2507.97 1085.68 0.713133 435
14212.3 2852.22 1361.7 0.846535 435
14002.2 2135.04 787.648 0.460615 436
14110.7 2508.08 1085.68 0.71326 436
14212.2 2852.22 1361.7 0.846569 436
14002.2 2135.01 787.648 0.460566 437
14110.7 2508.08 1085.68 0.713256 437
14002.2 2134.97 787.648 0.46051 438
14110.7 2508.08 1085.68 0.713256 438
14212.2 2852.27 1361.7 0.846606 438
14002.2 2135.07 787.648 0.46065 439
14110.7 2508.13 1085.68 0.713315 439
14212.1 2852.39 1361.7 0.846726 439
14002.2 2135.01 787.648 0.460562 440
14110.7 2508.08 1085.68 0.71326 440
14212.1 2852.35 1361.7 0.846672 440
14002.2 2134.99 787.648 0.460544 441
14110.7 2508.13 1085.68 0.713313 441
14002.2 2135 787.648 0.460558 442
14110.7 2508.09 1085.68 0.713272 442
14212.2 2852.22 1361.7 0.846568 442
14002.2 2135 787.648 0.460551 443
14110.7 2508.09 1085.68 0.713265 443
14212.2 2852.24 1361.7 0.846582 443
14002.2 2134.89 787.648 0.460406 444
14110.9 2507.93 1085.68 0.713093 444
14212.4 2852.08 1361.7 0.846429 444
14002.2 2134.96 787.648 0.460499 445
14110.8 2508.05 1085.68 0.71323 445
14212.1 2852.35 1361.7 0.846672 445
14002.2 2135.01 787.648 0.46057 446
14110.7 2508.09 1085.68 0.71327 446
14002.2 2134.99 787.648 0.460544 447
14110.8 2508.07 1085.68 0.71325 447
14212.2 2852.21 1361.7 0.846561 447
14002.2 2135.02 787.648 0.460576 448
14110.8 2508.06 1085.68 0.713241 448
14228.8 2869.62 1385.17 0.845962 448
14002.2 2134.98 787.648 0.46052 449
14110.8 2508.03 1085.68 0.71321 449
14212.2 2852.27 1361.7 0.846607 449
14002.2 2135.02 787.648 0.460577 450
14110.7 2508.15 1085.68 0.713334 450
14228.7 2869.74 1385.17 0.846058 450
14002.2 2135.05 787.648 0.460614 451
14110.7 2508.19 1085.68 0.713385 451
14212 2852.46 1361.7 0.846777 451
14002.1 2135.08 787.648 0.460662 452
14110.7 2508.15 1085.68 0.713343 452
14002.2 2134.97 787.648 0.460508 453
14110.8 2508.06 1085.68 0.713235 453
14212.2 2852.27 1361.7 0.846609 453
14002.2 2134.97 787.648 0.460507 454
14110.8 2508.06 1085.68 0.713237 454
14212.2 2852.21 1361.7 0.846564 454
14002.5 2134.32 787.648 0.459653 455
14111.4 2507.32 1085.68 0.712387 455
14213.1 2851.4 1361.7 0.845722 455
14002.6 2134.1 787.648 0.459355 456
14111.6 2507.04 1085.68 0.712068 456
14002.5 2134.3 787.648 0.459624 457
14111.4 2507.3 1085.68 0.712358 457
14213.2 2851.35 1361.7 0.845677 457
14002.5 2134.3 787.648 0.459622 458
14111.4 2507.3 1085.68 0.71236 458
14213.2 2851.36 1361.7 0.845678 458
14002.5 2134.31 787.648 0.45964 459
14111.4 2507.29 1085.68 0.712345 459
14213.2 2851.37 1361.7 0.845688 459
14002.5 2134.3 787.648 0.459618 460
14111.4 2507.29 1085.68 0.712353 460
14213.1 2851.39 1361.7 0.845711 460
14002.5 2134.33 787.648 0.459665 461
14111.4 2507.32 1085.68 0.712379 461
14213.2 2851.36 1361.7 0.845682 461
14002.5 2134.3 787.648 0.459628 462
14111.4 2507.28 1085.68 0.71234 462
14213.2 2851.37 1361.7 0.84569 462
14002.6 2134.27 787.648 0.459581 463
14111.4 2507.26 1085.68 0.712314 463
14213.2 2851.36 1361.7 0.845683 463
14002.5 2134.33 787.648 0.45966 464
14111.4 2507.27 1085.68 0.712329 464
14213.1 2851.42 1361.7 0.845734 464
14002.5 2134.32 787.648 0.459646 465
14111.4 2507.33 1085.68 0.712391 465
14213.1 2851.49 1361.7 0.845788 465
14002.5 2134.3 787.648 0.459626 466
14111.4 2507.3 1085.68 0.712362 466
14213.2 2851.33 1361.7 0.845658 466
14002.6 2134.1 787.648 0.459359 467
14111.6 2507.08 1085.68 0.712103 467
14213.4 2851.15 1361.7 0.845455 467
14002.5 2134.3 787.648 0.459627 468
14111.4 2507.28 1085.68 0.712338 468
14229.8 2868.74 1385.17 0.845069 468
14002.5 2134.31 787.648 0.459644 469
14111.4 2507.3 1085.68 0.712364 469
14213.2 2851.3 1361.7 0.845637 469
14002.5 2134.3 787.648 0.459622 470
14111.4 2507.27 1085.68 0.712333 470
14213.2 2851.34 1361.7 0.845669 470
14002.6 2134.28 787.648 0.459591 471
14111.4 2507.27 1085.68 0.712324 471
14213.2 2851.35 1361.7 0.845677 471
14002.5 2134.32 787.648 0.459654 472
14111.4 2507.3 1085.68 0.71236 472
14213.1 2851.43 1361.7 0.845742 472
14002.6 2134.28 787.648 0.459598 473
14111.5 2507.24 1085.68 0.7123 473
14213.1 2851.39 1361.7 0.845708 473
14002.6 2134.29 787.648 0.459606 474
14111.4 2507.3 1085.68 0.712356 474
14213.2 2851.32 1361.7 0.845654 474
14002.6 2134.25 787.648 0.459554 475
14111.5 2507.14 1085.68 0.712193 475
14213.2 2851.27 1361.7 0.845612 475
14002.6 2134.16 787.648 0.459424 476
14111.5 2507.12 1085.68 0.712165 476
14213.3 2851.19 1361.7 0.845543 476
14002.7 2134.13 787.648 0.459386 477
14111.6 2507.05 1085.68 0.712094 477
14213.4 2851.05 1361.7 0.845429 477
14002.7 2134.12 787.648 0.459376 478
14111.5 2507.17 1085.68 0.71222 478
14229.9 2868.61 1385.17 0.844959 478
14002.6 2134.28 787.648 0.459595 479
14111.5 2507.23 1085.68 0.712287 479
14229.8 2868.72 1385.17 0.845047 479
14002.5 2134.34 787.648 0.459675 480
14111.4 2507.31 1085.68 0.712375 480
14213.2 2851.36 1361.7 0.845685 480
14002.6 2134.22 787.648 0.459512 481
14111.5 2507.22 1085.68 0.712276 481
14213.2 2851.27 1361.7 0.845613 481
14002.7 2134.12 787.648 0.459368 482
14111.5 2507.12 1085.68 0.71217 482
14213.3 2851.09 1361.7 0.845467 482
14002.6 2134.17 787.648 0.459439 483
14111.5 2507.13 1085.68 0.712179 483
14002.7 2134.1 787.648 0.459346 484
14111.6 2507.09 1085.68 0.712141 484
14002.7 2134.05 787.648 0.459278 485
14111.6 2507.06 1085.68 0.712102 485
14213.4 2851.07 1361.7 0.845444 485
14002.7 2134.12 787.648 0.459376 486
14111.5 2507.11 1085.68 0.712157 486
14229.9 2868.6 1385.17 0.844953 486
14002.6 2134.14 787.648 0.459393 487
14111.5 2507.13 1085.68 0.71218 487
14213.4 2851.07 1361.7 0.845444 487
14002.6 2134.2 787.648 0.459481 488
14111.5 2507.13 1085.68 0.712184 488
14002.6 2134.19 787.648 0.459464 489
14111.5 2507.16 1085.68 0.712207 489
14213.3 2851.19 1361.7 0.845541 489
14002.6 2134.15 787.648 0.459418 490
14111.5 2507.12 1085.68 0.712172 490
14213.3 2851.14 1361.7 0.845498 490
14002.6 2134.15 787.648 0.459409 491
14111.5 2507.16 1085.68 0.712212 491
14213.3 2851.14 1361.7 0.845498 491
14002.7 2134.11 787.648 0.459354 492
14111.5 2507.13 1085.68 0.712181 492
14213.3 2851.2 1361.7 0.845545 492
14002.6 2134.16 787.648 0.459424 493
14111.5 2507.13 1085.68 0.712181 493
14213.4 2851.08 1361.7 0.845452 493
14002.6 2134.17 787.648 0.459447 494
14111.6 2507.1 1085.68 0.71215 494
14213.4 2851.11 1361.7 0.845473 494
14002.7 2134.1 787.648 0.459346 495
14111.6 2507.09 1085.68 0.712133 495
14213.4 2851.1 1361.7 0.845466 495
14002.7 2134.12 787.648 0.459378 496
14111.5 2507.13 1085.68 0.712178 496
14213.3 2851.24 1361.7 0.845578 496
14002.7 2134.12 787.648 0.459378 497
14111.5 2507.12 1085.68 0.712172 497
14213.4 2851.08 1361.7 0.845451 497
14002.6 2134.14 787.648 0.459394 498
14111.5 2507.11 1085.68 0.712155 498
14213.3 2851.15 1361.7 0.845506 498
14002.7 2134.12 787.648 0.459369 499
14111.5 2507.13 1085.68 0.71218 499
14213.3 2851.15 1361.7 0.845506 499
14002.7 2134.12 787.648 0.459378 500
14111.6 2507.1 1085.68 0.712148 500
14213.3 2851.23 1361.7 0.845568 500
14002.7 2134.1 787.648 0.459345 501
14111.6 2507.06 1085.68 0.712108 501
14230 2868.47 1385.17 0.844851 501
14002.6 2134.19 787.648 0.459473 502
14111.5 2507.16 1085.68 0.712209 502
14213.3 2851.16 1361.7 0.845516 502
14002.7 2134.11 787.648 0.459354 503
14111.6 2507.1 1085.68 0.712149 503
14213.4 2851.09 1361.7 0.845458 503
14002.7 2134.11 787.648 0.459363 504
14111.6 2507.09 1085.68 0.712135 504
14002.7 2134.12 787.648 0.45937 505
14111.5 2507.11 1085.68 0.712156 505
14213.4 2851.06 1361.7 0.845437 505
14002.7 2134.12 787.648 0.459378 506
14111.5 2507.12 1085.68 0.712165 506
14213.3 2851.11 1361.7 0.845477 506
14002.7 2134.13 787.648 0.459385 507
14111.5 2507.13 1085.68 0.712181 507
14002.7 2134.12 787.648 0.459378 508
14111.5 2507.11 1085.68 0.712157 508
14213.4 2851.07 1361.7 0.845444 508
14002.7 2134.11 787.648 0.459363 509
14111.6 2507.09 1085.68 0.71214 509
14213.3 2851.15 1361.7 0.845506 509
14002.7 2134.1 787.648 0.459347 510
14111.6 2507.07 1085.68 0.712118 510
14002.7 2134.1 787.648 0.459338 511
14111.6 2507.09 1085.68 0.712133 511
14213.4 2851.05 1361.7 0.845429 511
14002.7 2134.08 787.648 0.459315 512
14111.6 2507.08 1085.68 0.712124 512
14002.7 2134.1 787.648 0.459345 513
14111.6 2507.09 1085.68 0.712134 513
14213.4 2851.06 1361.7 0.845437 513
14002.6 2134.16 787.648 0.459434 514
14111.6 2507.09 1085.68 0.712138 514
14213.3 2851.13 1361.7 0.845494 514
14002.7 2134.11 787.648 0.459355 515
14111.6 2507.05 1085.68 0.7121 515
14002.6 2134.14 787.648 0.459394 516
14111.6 2507.09 1085.68 0.712135 516
14230 2868.45 1385.17 0.844837 516
14002.7 2134.12 787.648 0.459378 517
14111.6 2507.1 1085.68 0.712148 517
14002.7 2134.11 787.648 0.459363 518
14111.6 2507.08 1085.68 0.712125 518
14213.4 2851.09 1361.7 0.845459 518
14002.7 2134.13 787.648 0.459386 519
14111.6 2507.09 1085.68 0.712142 519
14213.4 2851.03 1361.7 0.845414 519
14002.7 2134.11 787.648 0.459363 520
14111.6 2507.09 1085.68 0.712133 520
14213.4 2851.05 1361.7 0.84543 520
14002.7 2134.09 787.648 0.459326 521
14111.6 2507.09 1085.68 0.712134 521
14002.7 2134.1 787.648 0.459339 522
14111.6 2507.06 1085.68 0.71211 522
14213.4 2851.06 1361.7 0.845437 522
14002.7 2134.1 787.648 0.459347 523
14111.6 2507.1 1085.68 0.71215 523
14213.4 2851.08 1361.7 0.845452 523
14002.7 2134.1 787.648 0.459348 524
14111.6 2507.1 1085.68 0.712154 524
14213.3 2851.2 1361.7 0.84555 524
14002.6 2134.14 787.648 0.459394 525
14111.6 2507.09 1085.68 0.712133 525
14213.4 2851.03 1361.7 0.845415 525
14002.7 2134.07 787.648 0.459308 526
14111.6 2507.06 1085.68 0.712111 526
14213.3 2851.13 1361.7 0.845491 526
14002.7 2134.08 787.648 0.45931 527
14111.6 2507.05 1085.68 0.712093 527
14002.7 2134.11 787.648 0.459355 528
14111.6 2507.03 1085.68 0.712078 528
13987.9 2615.75 1043.38 0.856556 528
14002.7 2134.13 787.648 0.459388 529
14111.6 2507.07 1085.68 0.712117 529
14213.4 2851.04 1361.7 0.845423 529
14002.6 2134.15 787.648 0.45941 530
14111.6 2507.07 1085.68 0.712118 530
14213.4 2851.08 1361.7 0.845452 530
14002.7 2134.08 787.648 0.459315 531
14111.5 2507.13 1085.68 0.712177 531
14002.6 2134.14 787.648 0.459402 532
14111.6 2507.09 1085.68 0.712133 532
14213.3 2851.13 1361.7 0.845491 532
14002.6 2134.14 787.648 0.459402 533
14111.6 2507.09 1085.68 0.712133 533
14213.3 2851.13 1361.7 0.845491 533
14002.7 2134.02 787.648 0.459232 534
14111.6 2506.99 1085.68 0.712031 534
14213.3 2851.12 1361.7 0.845484 534
14002.7 2134.02 787.648 0.459232 535
14111.6 2506.99 1085.68 0.712031 535
14213.3 2851.12 1361.7 0.845484 535
14002.7 2134.02 787.648 0.459232 536
14111.6 2506.99 1085.68 0.712031 536
14213.3 2851.12 1361.7 0.845484 536
14002.7 2134.02 787.648 0.459232 537
14111.6 2506.99 1085.68 0.712031 537
14213.3 2851.12 1361.7 0.845484 537
14002.7 2134.02 787.648 0.459232 538
14111.6 2506.99 1085.68 0.712031 538
14213.3 2851.12 1361.7 0.845484 538
