# x y
16475.2 3040.25
19260.7 -169.056
14622.2 1173.14
19488.9 -2664.01
11907.4 4205.77
14924.2 1357.99
11763.2 4056.81
14491.8 2052.01
11829.3 4328.72
14426.3 1973.52
13857.6 1915.93
11617.5 3681.59
11168 4218.29
11771.3 3764
12067.4 3272.9
14898.5 52.9863
14402.3 167.255
11708.9 3069.31
11251.8 4131.5
12319.7 2866.15
11646.8 3692.36
14493.1 478.101
11885.3 3755.83
11448.8 3957.89
11374.7 2538.99
11967.7 3756.11
13510 1126.09
11983 3740.17
11980.1 3763.24
11457.1 4164
11923.5 -212.092
11516.6 -759.741
12366.9 3322.98
11931.9 2916.29
13859.7 1558.87
12128.7 3336.75
13822.8 1247.67
11250.8 3744.02
34678.9 -75684
9439.65 -873.454
9214.35 -848.231
9041.91 -1149.83
8893.46 -1531.87
