# x y d a f
13247.6 6204.18 4725.89 0.0956509 240
13247.6 6204.18 4725.89 0.0956509 241
13552.8 5286.48 4725.89 -0.0850597 242
13642.7 5083.68 4725.89 -0.11597 243
13753.3 4416.85 4725.89 -0.23343 244
13812.4 4202.98 4725.89 -0.267963 245
13880.9 4131.73 4725.89 -0.27632 246
14105.8 4310.78 4725.89 -0.226922 247
14396.7 4942.51 4725.89 -0.0945996 248
14505.9 5217.22 4725.89 -0.0415681 249
14708.9 5355.09 4725.89 -0.0220899 250
14793.9 5302.28 4725.89 -0.0364573 251
14911.1 4572.29 4725.89 -0.187181 252
14890.4 4055.78 4725.89 -0.290504 253
14795.6 3456.73 4725.89 -0.411746 254
14534.4 2604.71 4725.89 -0.580912 255
14445 2324.84 4725.89 -0.632995 256
14427.4 2154 4725.89 -0.658143 257
14562 2012.79 4725.89 -0.660427 258
14647.8 2003.38 4725.89 -0.649852 259
14681.4 1879.83 4725.89 -0.667314 260
14678.3 1563.35 4725.89 -0.719468 261
14605 1334.02 4725.89 -0.765122 262
14461.3 1057.06 4725.89 -0.826163 263
14114 625.898 4725.89 -0.936786 264
13545.4 96.8954 4725.89 -1.09198 265
13087.2 -275.592 4725.89 -1.20625 266
12754.7 -537.809 4725.89 -1.2834 267
12205.6 -304.332 4725.89 -0.536254 425
12629 44.8638 4725.89 -0.436302 426
12772.1 98.5023 4725.89 -0.417495 427
12936.9 -40.3024 4725.89 -0.436298 428
12962.2 -220.095 4725.89 -0.469009 429
13314.9 -566.768 4725.89 -0.497823 433
13529.2 -354.457 4725.89 -0.443369 434
13571.6 -304.392 4725.89 -0.432078 435
13608.2 -264.715 4725.89 -0.423009 436
13605.4 -277.206 4725.89 -0.426524 437
13575.8 -299.537 4725.89 -0.433537 438
13562.2 -281.953 4725.89 -0.431465 439
13551.9 -277.394 4725.89 -0.431406 440
13542 -273.525 4725.89 -0.431429 441
13526 -266.929 4725.89 -0.431376 442
13526 -266.929 4725.89 -0.431376 443
13515.8 -262.453 4725.89 -0.431309 444
13494.1 -275.956 4725.89 -0.435548 445
13502.6 -257.832 4725.89 -0.431427 446
13487.2 -270.759 4725.89 -0.435077 447
13498.1 -255.663 4725.89 -0.431382 448
13478 -269.61 4725.89 -0.43564 449
13492.8 -254.336 4725.89 -0.431619 450
13498.9 -255.174 4725.89 -0.431386 451
13503.4 -256.628 4725.89 -0.431381 452
13509.2 -258.883 4725.89 -0.431467 453
13509.2 -258.883 4725.89 -0.431467 454
13512 -259.832 4725.89 -0.431477 455
13512.6 -260.045 4725.89 -0.431481 456
13512.8 -260.124 4725.89 -0.431482 457
13513 -259.707 4725.89 -0.431394 458
13513 -259.707 4725.89 -0.431394 459
13513 -259.707 4725.89 -0.431394 460
13513 -259.707 4725.89 -0.431394 461
13513 -259.707 4725.89 -0.431394 462
13513 -259.707 4725.89 -0.431394 463
