# x y d a f
13266.4 1306.06 1131.55 0.19277 1
13613.5 1670.52 1606.8 0.368506 1
13948.6 2128.72 2114.21 0.510648 1
14238.2 2609.76 2591.62 0.6151 1
14444.3 3048.88 2975.56 0.692542 1
13266.4 1306.06 1131.55 0.19277 2
13613.5 1670.52 1606.8 0.368506 2
13948.6 2128.72 2114.21 0.510648 2
14238.2 2609.76 2591.62 0.6151 2
14444.3 3048.88 2975.56 0.692542 2
13266.4 1306.06 1131.55 0.19277 3
13613.5 1670.52 1606.8 0.368506 3
13948.6 2128.72 2114.21 0.510648 3
14238.2 2609.76 2591.62 0.6151 3
14444.3 3048.88 2975.56 0.692542 3
13266.4 1306.01 1131.55 0.192724 4
13613.5 1670.56 1606.8 0.368531 4
13948.6 2128.73 2114.21 0.510656 4
14238.2 2609.79 2591.62 0.615116 4
14444.2 3049.03 2975.56 0.692599 4
13265.4 1308.06 1131.55 0.194529 5
13612.1 1673.26 1606.8 0.370341 5
13947 2131.74 2114.21 0.512216 5
14236.4 2613.32 2591.62 0.616586 5
14442.1 3053.18 2975.56 0.694067 5
13265.4 1308.06 1131.55 0.194529 6
13612.1 1673.26 1606.8 0.370341 6
13947 2131.74 2114.21 0.512216 6
14236.4 2613.32 2591.62 0.616586 6
14442.1 3053.18 2975.56 0.694067 6
13265.2 1308.28 1131.55 0.194716 7
13612.5 1672.46 1606.8 0.369808 7
14236.4 2613.2 2591.62 0.616536 7
14442.3 3052.84 2975.56 0.693946 7
13263 1305.24 1131.55 0.193158 8
13610.7 1669.14 1606.8 0.368422 8
13946.4 2127.16 2114.21 0.510401 8
14236.5 2608.39 2591.62 0.614858 8
14443 3047.81 2975.56 0.692309 8
13263.1 1305.18 1131.55 0.193105 9
13610.6 1669.3 1606.8 0.368526 9
13946.5 2127.01 2114.21 0.510326 9
14236.5 2608.29 2591.62 0.614816 9
14443 3047.81 2975.56 0.692309 9
13263 1305.21 1131.55 0.193131 10
13610.6 1669.29 1606.8 0.368522 10
13946.4 2127.1 2114.21 0.510369 10
14236.5 2608.37 2591.62 0.61485 10
14443 3047.7 2975.56 0.692271 10
13258.9 1299.86 1131.55 0.18986 11
13607.8 1662.5 1606.8 0.365045 11
13945.1 2119.24 2114.21 0.50695 11
14236.8 2599.61 2591.62 0.611473 11
14444.8 3038.24 2975.56 0.688894 11
13258.3 1303.76 1131.55 0.193125 12
13606 1667.53 1606.8 0.36831 12
13941.8 2125.37 2114.21 0.510215 12
14231.9 2606.69 2591.62 0.614738 12
14438.5 3045.99 2975.56 0.692159 12
13255.5 1298.37 1131.55 0.189571 13
13604.2 1661.41 1606.8 0.365097 13
13941.5 2118.2 2114.21 0.507019 13
14233.2 2598.47 2591.62 0.611483 13
14441.2 3037.1 2975.56 0.688905 13
13255.5 1298.26 1131.55 0.189476 14
13604.2 1661.38 1606.8 0.365075 14
13941.4 2118.38 2114.21 0.507112 14
14233.2 2598.38 2591.62 0.611446 14
14441.3 3036.95 2975.56 0.688852 14
13252.8 1297.37 1131.55 0.189364 15
13601.5 1660.45 1606.8 0.364963 15
13938.7 2117.42 2114.21 0.507 15
14230.6 2597.38 2591.62 0.611334 15
14438.7 3035.93 2975.56 0.688741 15
13252.8 1297.37 1131.55 0.189364 16
13601.5 1660.45 1606.8 0.364963 16
13938.7 2117.42 2114.21 0.507 16
14230.6 2597.38 2591.62 0.611334 16
14438.7 3035.93 2975.56 0.688741 16
12462.8 1738.75 710.974 1.00487 17
13967.8 1878.06 1959.51 0.398525 17
14314.3 2323.79 2510.63 0.504789 17
12395.6 1786.86 710.974 1.11033 18
13922.5 2107.58 2008.5 0.503626 18
14387.7 3005.62 2975.56 0.689435 18
12395.6 1786.92 710.974 1.11043 19
13922.3 2107.84 2008.5 0.503792 19
14387.5 3005.87 2975.56 0.689552 19
12397.1 1794.09 710.974 1.1146 20
12718.1 2162.72 1199.11 1.01604 20
13922.5 2121.24 2008.5 0.507896 20
14383.8 3021.39 2975.56 0.693761 20
12400.8 1798.99 710.974 1.1141 21
12722 2167.45 1199.11 1.01553 21
13926.4 2125.36 2008.5 0.507391 21
14388.1 3025.28 2975.56 0.693256 21
12405.3 1806.53 710.974 1.11349 22
13930.8 2132.07 2008.5 0.506893 22
14393.3 3031.51 2975.56 0.692627 22
12405.2 1806.63 710.974 1.11367 23
13930.6 2132.22 2008.5 0.506989 23
14392.9 3031.95 2975.56 0.692834 23
12406.3 1809.09 710.974 1.11333 24
13931.8 2134.24 2008.5 0.506685 24
14394.4 3033.73 2975.56 0.692482 24
12406.3 1809.09 710.974 1.11333 25
13931.8 2134.24 2008.5 0.506685 25
14394.4 3033.73 2975.56 0.692482 25
12412 1786.24 698.61 1.09384 26
12713.6 2096.83 1131.55 0.989446 26
12661.8 2267.01 1217.27 1.09295 27
13516.6 1702.4 1409.48 0.395424 27
13850.3 2145.28 1959.51 0.530311 27
14090.1 2574.89 2434.55 0.629407 27
14292.1 2985.07 2869.29 0.701995 27
12698.1 2183.91 1181.47 1.03688 28
14431.9 2851.05 2869.29 0.636431 28
12601.3 2252.47 1181.47 1.14413 29
14074.6 2688.21 2434.55 0.672032 29
12616.8 2254.13 1181.47 1.14507 30
14089.4 2690.99 2434.55 0.672972 30
12629.2 2252.67 1181.47 1.14507 31
13845.8 2225.83 1912.86 0.574973 31
14101.9 2688.19 2434.55 0.672601 31
12638.6 2249.34 1181.47 1.14507 32
13855.5 2222.28 1912.86 0.574824 32
14111.5 2684.71 2434.55 0.67252 32
12638.8 2249.23 1181.47 1.14493 33
13855.9 2221.96 1912.86 0.57459 33
14111.8 2684.52 2434.55 0.672401 33
12639.1 2248.93 1181.47 1.14456 34
13856.8 2221.24 1912.86 0.574055 34
14112.7 2683.77 2434.55 0.67194 34
12745.4 2556.41 1487.78 1.16892 35
13130.2 1471.4 967.953 0.362932 37
13436.6 1880.22 1460.73 0.543721 37
13691.9 2364.45 1959.51 0.684675 37
14010.1 3276.15 2770.35 0.861095 37
15139 5010 4725.89 0.91652 37
13194.1 1347.33 979.757 0.234736 38
13537.1 1712.19 1460.73 0.416615 38
13893.9 2184.79 2008.5 0.55688 38
14358.2 3090.24 2869.29 0.733515 38
13194.3 1346.99 979.757 0.234379 39
13562.9 1721.61 1487.78 0.415426 39
13894.1 2184.35 2008.5 0.556627 39
14358.5 3089.67 2869.29 0.733296 39
13207.9 1340.05 979.757 0.227154 40
13553.6 1702.2 1460.73 0.408962 40
13913.8 2172.08 2008.5 0.549265 40
14384.7 3074.01 2869.29 0.725986 40
13213.3 1326.51 979.757 0.217355 41
13561.9 1685.84 1460.73 0.399603 41
13926.3 2152.46 2008.5 0.540029 41
14164.7 2594.03 2434.55 0.642525 41
14405 3049.92 2869.29 0.716826 41
15691.9 4540.49 4725.89 0.773259 41
13167 1290.46 923.449 0.195862 42
13535.4 1676.8 1434.64 0.403029 42
13909.6 2179.66 2008.5 0.556969 42
14197.2 2689.63 2510.63 0.665676 42
14446.3 3192.1 2975.56 0.743497 42
13118.9 1291.54 845.685 0.191663 43
13442.1 1687.85 1317.05 0.433277 43
13754.1 2185.14 1825.91 0.603773 43
13961.7 2659.17 2231.67 0.720229 43
14129.8 3109.95 2591.62 0.802413 43
15349.4 4803.72 4463.34 0.864325 43
13330.4 1572.64 1164.35 0.386 44
13600 2008.2 1606.8 0.568765 44
13781 2419.39 1959.51 0.690478 44
13898 2779.1 2231.67 0.775816 44
13441 1558.3 1164.35 0.326923 45
13729.2 1979.89 1606.8 0.51277 45
13968.7 2408.75 2008.5 0.635392 45
14111.3 2774.42 2295.43 0.721605 45
13441 1558.3 1164.35 0.326923 46
13729.2 1979.89 1606.8 0.51277 46
13968.7 2408.75 2008.5 0.635392 46
14111.3 2774.42 2295.43 0.721605 46
13513 1573.73 1236 0.320334 47
13856.2 2038.22 1746.52 0.506395 47
14107.1 2496.74 2171.35 0.630382 47
14349 2963.43 2591.62 0.716073 47
15672.8 4529.5 4463.34 0.781541 47
13498 1548.36 1147.72 0.293103 48
13805.1 1971.12 1606.8 0.484911 48
14048.3 2394.67 2008.5 0.610507 48
14248.4 2798.45 2362.94 0.697343 48
15286.1 4021.09 3825.72 0.763752 48
13493.6 1483.53 1057.11 0.22838 49
13828.3 1908.95 1545 0.442337 49
14124.5 2357.4 2008.5 0.577077 49
14323.2 2757.16 2362.94 0.669039 49
15521.7 4069.32 4017 0.736654 49
14004.3 2284.29 1868.37 0.579306 50
14268.3 2715.79 2295.43 0.669708 50
13741.3 1778.72 1409.48 0.38731 51
14042.6 2206.3 1868.37 0.534478 51
14256.7 2594.66 2231.67 0.631807 51
15438.7 3804.3 3825.72 0.701465 51
13741.3 1778.72 1409.48 0.38731 52
14042.6 2206.3 1868.37 0.534478 52
14256.7 2594.66 2231.67 0.631807 52
15438.7 3804.3 3825.72 0.701465 52
13799.7 1937.43 1255.31 0.436478 53
14057.2 2375.96 1709.36 0.601217 53
14267.6 2796.65 2114.21 0.705796 53
14654.2 4741.54 3493.05 1.02351 53
15297.8 4036.35 3651.82 0.778668 53
13803.7 1860.46 1085.68 0.348471 54
14060.5 2296.24 1545 0.551439 54
14276 2712.82 1959.51 0.671881 54
14482.2 4616.01 3213.6 1.05684 54
15562.5 4132.52 3825.72 0.751212 54
14842.3 4865.89 3651.82 1.00945 54
13881.1 1975.15 1085.68 0.378055 55
14124.8 2418.33 1545 0.581023 55
14327.9 2841.1 1959.51 0.701465 55
14477.8 4749.56 3213.6 1.08643 55
15571.9 4298.23 3825.72 0.780796 55
14830.3 5009.98 3651.82 1.03903 55
13881.1 1975.15 1085.68 0.378055 56
14124.8 2418.33 1545 0.581023 56
14327.9 2841.1 1959.51 0.701465 56
14477.8 4749.56 3213.6 1.08643 56
15571.9 4298.23 3825.72 0.780796 56
14830.3 5009.98 3651.82 1.03903 56
14001.8 2097.23 1255.31 0.429762 57
14229.2 2493.72 1673.75 0.584342 57
14570.2 4416.34 3090 1.0163 57
15536.9 3785.46 3493.05 0.684887 57
14924.9 4614.45 3493.05 0.963553 57
14033.1 2223.37 1181.47 0.466039 58
14223.9 2610.24 1575.3 0.626328 58
14113.6 4334.78 2591.62 1.14686 58
14480.2 4494.26 2975.56 1.06405 58
14804.6 4685.84 3347.5 1.01073 58
15438.4 3921.9 3347.5 0.729704 58
14108 2393.81 1181.47 0.509424 59
14281.8 2788.6 1575.3 0.669712 59
14096.9 4506.73 2591.62 1.19025 59
14456.2 4681.96 2975.56 1.10744 59
14771.9 4887.43 3347.5 1.05411 59
15438.2 4151.69 3347.5 0.773089 59
14043.3 2201.24 1004.25 0.387323 60
14261.3 2601.65 1434.64 0.580487 60
14113.9 4253.89 2434.55 1.14977 60
14510.7 4463.45 2869.29 1.05986 60
14824.1 4630.37 3213.6 1.00315 60
14299.4 2738.12 1199.11 0.553391 61
13887 4089.82 1912.86 1.2434 61
14124.7 4391.04 2295.43 1.19233 61
14494.2 4570.69 2678 1.09428 61
14840.3 4811.88 3090 1.03285 61
13908.8 4069.62 1912.86 1.23065 62
14154.5 4363.48 2295.43 1.17715 62
14532.8 4535.04 2678 1.07628 62
14886.8 4768.96 3090 1.01346 62
13926.5 4210.42 1912.86 1.25828 63
14168.3 4507.01 2295.43 1.20236 63
14592.8 4769.12 2770.35 1.09813 63
14900.9 4926.4 3090 1.03445 63
13895.9 4122.23 1825.91 1.25926 64
14142.9 4444.87 2231.67 1.20291 64
13883.1 4157.66 1709.36 1.29154 65
14110.2 4426.03 2060 1.22586 65
14520.9 4684.16 2510.63 1.11039 65
14849.2 4888.65 2869.29 1.04108 65
13883.1 4157.66 1709.36 1.29154 66
14110.2 4426.03 2060 1.22586 66
14520.9 4684.16 2510.63 1.11039 66
14849.2 4888.65 2869.29 1.04108 66
14416.9 3236.61 1100.55 0.641323 67
13899.4 4162.93 1575.3 1.30111 67
14121.6 4420.06 1912.86 1.22925 67
14499.9 4625.4 2295.43 1.10735 67
14838.6 4857.69 2678 1.03442 67
14456.8 3377.72 1100.55 0.658875 68
13923.1 4294.81 1575.3 1.31866 68
14140.7 4555.81 1912.86 1.2468 68
14515.4 4767.75 2295.43 1.12491 68
14849.9 5005.95 2678 1.05197 68
13731.2 3737.82 1004.25 1.36009 69
13992.8 4144.54 1487.78 1.25264 69
14248.6 4431.91 1868.37 1.17404 69
14640.6 4609.49 2231.67 1.04548 69
14988.1 4812.19 2591.62 0.970097 69
13699.3 3892.24 1016.96 1.43499 70
13935.9 4331.4 1515.85 1.32646 70
14178 4651.89 1912.86 1.2474 70
14602.5 4934.09 2362.94 1.11749 70
14920 5120.59 2678 1.04274 70
13720.1 3991.56 1030 1.44615 71
13957.1 4448.78 1545 1.33761 71
14187.5 4743.19 1912.86 1.25916 71
14608.4 5030.14 2362.94 1.12931 71
14971.5 5299.34 2770.35 1.05366 71
13716.4 4008.62 1043.38 1.4511 72
13958.3 4482.36 1575.3 1.34151 72
14196.1 4791.39 1959.51 1.2624 72
14632.6 5098.31 2434.55 1.13222 72
14097.3 3855.86 1085.68 1.09439 72
14441.2 3680.2 1043.38 0.744989 73
13770.2 4506.23 1460.73 1.45883 73
13993.7 4849.21 1868.37 1.36664 73
14387.4 5124.32 2295.43 1.22698 73
14718.8 5382.02 2678 1.1445 73
14510.9 3648.57 1043.38 0.697206 74
13880.1 4505.7 1460.73 1.41105 74
14119.8 4837.61 1868.37 1.31886 74
14526.2 5093.6 2295.43 1.1792 74
14869.5 5335.18 2678 1.09672 74
14510.9 3648.57 1043.38 0.697206 75
13880.1 4505.7 1460.73 1.41105 75
14119.8 4837.61 1868.37 1.31886 75
14526.2 5093.6 2295.43 1.1792 75
14869.5 5335.18 2678 1.09672 75
14621.4 3783.66 1217.27 0.733611 76
14781 6035.74 3213.6 1.22234 76
15280.5 6445.88 3825.72 1.13789 76
14424.5 3672.29 1030 0.792095 77
13981.7 4869.16 1785.34 1.4056 77
14380.1 5141.07 2231.67 1.25792 77
14734.4 5442.06 2678 1.16966 77
14412.5 3649.36 1004.25 0.785033 78
13989.6 4863.95 1785.34 1.40127 78
14389.7 5134.73 2231.67 1.25323 78
14745.9 5434.51 2678 1.16479 78
14448 3569.77 967.953 0.736917 79
14089.3 4744.63 1709.36 1.35472 79
14498.2 5019.03 2171.35 1.20607 79
14814.2 5209.11 2510.63 1.11846 79
14434.7 3537.75 934.187 0.722314 80
14103.8 4734.15 1709.36 1.34613 80
14493.9 4951.61 2114.21 1.19711 80
14799.8 5125.6 2434.55 1.1091 80
14139.1 4529.28 1575.3 1.30953 81
14563.9 4762.61 2008.5 1.14117 81
14908.2 4955.73 2362.94 1.04489 81
14119.5 4332.67 1385.17 1.3003 83
14540.6 4541.46 1785.34 1.10926 83
14879.6 4717.53 2114.21 1.00505 83
14075.9 4250 1199.11 1.33843 84
14491.2 4462.97 1575.3 1.11814 84
14838.2 4666.88 1912.86 1.00492 84
14067.6 4215.3 1164.35 1.3385 85
14503.7 4456.69 1575.3 1.1095 85
14857 4657.44 1912.86 0.994288 85
14067.6 4215.3 1164.35 1.3385 86
14503.7 4456.69 1575.3 1.1095 86
14857 4657.44 1912.86 0.994288 86
14022.4 4196.97 787.648 1.45956 87
14447.9 4474.16 1199.11 1.14079 87
14799.1 4709.67 1545 1.00449 87
14000.7 4097.13 686.668 1.47331 88
14422.7 4362.32 1085.68 1.11997 88
14777.3 4599.82 1434.64 0.977866 88
14000.7 4097.13 686.668 1.47331 89
14422.7 4362.32 1085.68 1.11997 89
14777.3 4599.82 1434.64 0.977866 89
14429 4287.72 854.682 1.05076 90
14804.7 4531.94 1217.27 0.896159 90
14448.2 4473.69 675.127 1.05619 91
14797.1 4724.2 1016.96 0.898166 91
14436.9 4379.92 582.175 1.0008 92
14500 4671.92 582.175 1.0116 93
