# x y d a f
12522.7 828.673 1409.48 -0.0957595 8
13054 1115.41 1825.91 0.0711112 8
12522.6 828.649 1409.48 -0.0957672 9
13053.8 1115.21 1825.91 0.0710188 9
12522.5 828.642 1409.48 -0.0957517 10
13053.8 1115.27 1825.91 0.0710657 10
12522.5 828.558 1409.48 -0.095752 11
13053.7 1115.12 1825.91 0.0710296 11
12528.6 833.078 1409.48 -0.0919346 12
13058.7 1121.58 1825.91 0.0748063 12
12525.8 827.998 1409.48 -0.0957109 13
13057 1114.59 1825.91 0.071075 13
12530.8 832.709 1409.48 -0.0919589 14
13061 1121.27 1825.91 0.0748172 14
12526.7 828.082 1409.48 -0.0956766 15
13057.9 1114.57 1825.91 0.0710487 15
12528.5 827.954 1409.48 -0.0956277 16
13059.7 1114.53 1825.91 0.0711291 16
12526.6 828.247 1409.48 -0.0957356 17
13057.8 1114.72 1825.91 0.0709997 17
12525.2 828.628 1409.48 -0.0957078 18
13056.5 1115.34 1825.91 0.0711323 18
12524.1 828.883 1409.48 -0.0956955 19
13055.3 1115.44 1825.91 0.07107 19
12528.7 833.538 1409.48 -0.0919719 20
13058.9 1122.1 1825.91 0.0748056 20
12525.4 828.51 1409.48 -0.0957704 21
13056.6 1115.16 1825.91 0.0710588 21
12524.4 828.737 1409.48 -0.0957503 22
13055.6 1115.15 1825.91 0.070962 22
12523.7 828.857 1409.48 -0.095756 23
13054.8 1115.29 1825.91 0.0709673 23
12522.8 828.943 1409.48 -0.0957612 24
13054 1115.27 1825.91 0.0709145 24
12522.6 828.994 1409.48 -0.0957169 25
13053.8 1115.57 1825.91 0.0710608 25
12522.5 828.946 1409.48 -0.0957243 26
13053.8 1115.62 1825.91 0.0711029 26
12522.5 828.935 1409.48 -0.0956523 27
13053.8 1115.48 1825.91 0.0710953 27
12522.5 828.771 1409.48 -0.0957195 28
13053.8 1115.3 1825.91 0.0710389 28
12522.7 828.641 1409.48 -0.0957226 29
13053.9 1115.32 1825.91 0.0711103 29
12522.8 828.723 1409.48 -0.0956273 30
13053.9 1115.01 1825.91 0.0709853 30
12522.8 828.447 1409.48 -0.0957518 31
13054 1115.05 1825.91 0.0710493 31
12522.8 828.462 1409.48 -0.0957149 32
13054 1114.95 1825.91 0.0710195 32
12522.9 828.461 1409.48 -0.0956746 33
13054.1 1114.88 1825.91 0.0710195 33
12522.9 828.397 1409.48 -0.0956882 34
13054.1 1114.9 1825.91 0.0710474 34
12522.9 828.288 1409.48 -0.0957516 35
13054.1 1115.05 1825.91 0.0711262 35
12522.9 828.314 1409.48 -0.0957233 36
13054.1 1114.92 1825.91 0.0710725 36
12522.9 828.415 1409.48 -0.0956451 37
13054.1 1114.9 1825.91 0.0710674 37
12522.9 828.373 1409.48 -0.0956598 38
13054.1 1114.93 1825.91 0.0710928 38
12522.8 828.261 1409.48 -0.0957306 39
13054 1114.72 1825.91 0.0709975 39
12522.8 828.282 1409.48 -0.0957114 40
13054.1 1114.95 1825.91 0.0711134 40
12522.8 828.279 1409.48 -0.095704 41
13054.1 1114.84 1825.91 0.0710655 41
12522.9 828.337 1409.48 -0.0956598 42
13054.1 1114.84 1825.91 0.0710674 42
12522.9 828.344 1409.48 -0.0956513 43
13054.1 1114.82 1825.91 0.0710597 43
12522.8 828.285 1409.48 -0.0956882 44
13054.1 1114.95 1825.91 0.0711241 44
12522.9 828.354 1409.48 -0.0956377 45
13054.1 1114.85 1825.91 0.0710797 45
12522.8 828.216 1409.48 -0.0957301 46
13054 1114.73 1825.91 0.0710258 46
12522.9 828.341 1409.48 -0.0956417 47
13054.1 1114.95 1825.91 0.0711313 47
12528.9 832.751 1409.48 -0.0919037 48
13059 1121.12 1825.91 0.0747605 48
12527.1 827.686 1409.48 -0.0955378 49
13058.3 1114.18 1825.91 0.0711557 49
12526 827.805 1409.48 -0.0956622 50
13057.2 1114.25 1825.91 0.0710373 50
12524.4 828.175 1409.48 -0.0956944 51
13055.6 1114.7 1825.91 0.0710524 51
12523.7 828.311 1409.48 -0.0957104 52
13054.9 1114.75 1825.91 0.0710033 52
12522.9 828.457 1409.48 -0.095734 53
13054.1 1114.9 1825.91 0.0709886 53
12522.7 828.536 1409.48 -0.0957041 54
13054 1115.07 1825.91 0.0710499 54
12522.6 828.546 1409.48 -0.095705 55
13053.9 1115.14 1825.91 0.071082 55
12522.5 828.498 1409.48 -0.0957193 56
13053.8 1115.1 1825.91 0.0710736 56
12522.6 828.52 1409.48 -0.0956863 57
13053.8 1115 1825.91 0.0710403 57
12522.7 828.542 1409.48 -0.0956295 58
13053.8 1114.9 1825.91 0.0710194 58
12522.7 828.421 1409.48 -0.0956929 59
13054 1115.15 1825.91 0.0711532 59
12522.7 828.382 1409.48 -0.0957008 60
13054 1114.96 1825.91 0.0710761 60
12522.8 828.376 1409.48 -0.0956746 61
13054 1114.87 1825.91 0.0710529 61
12522.8 828.331 1409.48 -0.0956933 62
13054 1114.81 1825.91 0.0710308 62
12522.8 828.279 1409.48 -0.0957188 63
13054 1114.64 1825.91 0.0709568 63
12522.9 828.356 1409.48 -0.0956514 64
13054.1 1114.79 1825.91 0.0710407 64
12522.9 828.38 1409.48 -0.0956293 65
13054 1114.73 1825.91 0.0710169 65
12522.8 828.244 1409.48 -0.0957222 66
13054 1114.77 1825.91 0.071034 66
12522.8 828.153 1409.48 -0.0957731 67
13054.1 1114.83 1825.91 0.0710706 67
12522.9 828.315 1409.48 -0.0956598 68
13054 1114.66 1825.91 0.0709897 68
12522.8 828.178 1409.48 -0.095751 69
13054 1114.71 1825.91 0.0710191 69
12522.8 828.184 1409.48 -0.0957437 70
13054.1 1114.89 1825.91 0.0711061 70
12522.8 828.293 1409.48 -0.0956672 71
13054 1114.74 1825.91 0.0710341 71
12522.8 828.156 1409.48 -0.0957595 72
13054 1114.64 1825.91 0.0709908 72
12522.8 828.156 1409.48 -0.0957584 73
13054 1114.63 1825.91 0.0709862 73
12522.8 828.164 1409.48 -0.095751 74
13054 1114.66 1825.91 0.0710028 74
12522.8 828.244 1409.48 -0.0956955 75
13054 1114.74 1825.91 0.0710407 75
12522.8 828.273 1409.48 -0.0956734 76
13054.1 1114.84 1825.91 0.0710907 76
12522.8 828.304 1409.48 -0.0956513 77
13054 1114.78 1825.91 0.0710597 77
12522.8 828.253 1409.48 -0.0956853 78
13054 1114.78 1825.91 0.071064 78
12522.8 828.187 1409.48 -0.0957289 79
13054 1114.74 1825.91 0.0710439 79
12522.8 828.292 1409.48 -0.0956564 80
13054 1114.62 1825.91 0.0709862 80
12522.8 828.313 1409.48 -0.0956417 81
13054 1114.64 1825.91 0.0709975 81
12528.8 832.765 1409.48 -0.0919049 82
13058.9 1121.17 1825.91 0.0747798 82
12525.9 827.828 1409.48 -0.0956463 83
13057.1 1114.24 1825.91 0.0710342 83
12525 828.038 1409.48 -0.0956725 84
13056.1 1114.42 1825.91 0.0709983 84
12524.2 828.172 1409.48 -0.0957154 85
13055.4 1114.53 1825.91 0.070958 85
12523.2 828.484 1409.48 -0.0956694 86
13054.4 1114.82 1825.91 0.0709819 86
12522.9 828.481 1409.48 -0.095713 87
13054.1 1114.89 1825.91 0.0709841 87
12522.7 828.536 1409.48 -0.0956967 88
13054 1115.18 1825.91 0.0711122 88
12522.6 828.642 1409.48 -0.0956226 89
13053.7 1114.91 1825.91 0.0709824 89
12522.6 828.498 1409.48 -0.0957079 90
13053.8 1114.97 1825.91 0.0710191 90
12522.6 828.434 1409.48 -0.0957145 91
13053.8 1114.93 1825.91 0.071026 91
12522.7 828.421 1409.48 -0.0957031 92
13053.8 1114.81 1825.91 0.0709839 92
12522.7 828.356 1409.48 -0.0957115 93
13054 1114.94 1825.91 0.071071 93
12522.7 828.373 1409.48 -0.0956996 94
13054 1114.95 1825.91 0.0710772 94
12528.7 832.845 1409.48 -0.0919344 95
13058.8 1121.18 1825.91 0.0747221 95
12527 827.717 1409.48 -0.0955927 96
13058.2 1114.35 1825.91 0.0711824 96
12525.9 827.808 1409.48 -0.0957211 97
13057.1 1114.29 1825.91 0.0710149 97
12525 828.046 1409.48 -0.0957195 98
13056.2 1114.54 1825.91 0.071021 98
12524.2 828.276 1409.48 -0.0956887 99
13055.4 1114.82 1825.91 0.0710666 99
12523.7 828.541 1409.48 -0.0956004 100
13054.9 1114.93 1825.91 0.0710549 100
12523.2 828.486 1409.48 -0.0957016 101
13054.5 1115.09 1825.91 0.0710885 101
12522.7 828.513 1409.48 -0.0957392 102
13053.9 1115.03 1825.91 0.0710179 102
12522.6 828.608 1409.48 -0.0956679 103
13053.8 1115.17 1825.91 0.0710895 103
12522.6 828.518 1409.48 -0.0957296 104
13053.8 1115.15 1825.91 0.0710801 104
12522.6 828.547 1409.48 -0.0956749 105
13053.8 1115.02 1825.91 0.0710435 105
12522.7 828.586 1409.48 -0.0956273 106
13053.8 1114.93 1825.91 0.0710158 106
12522.7 828.438 1409.48 -0.0957071 107
13054 1115.25 1825.91 0.0711841 107
12526.9 827.811 1409.48 -0.0955701 108
13058.1 1114.33 1825.91 0.0711418 108
12525.8 827.911 1409.48 -0.0956871 109
13057.1 1114.66 1825.91 0.071165 109
12524.2 828.309 1409.48 -0.0956933 110
13055.4 1114.86 1825.91 0.0710666 110
12523.6 828.404 1409.48 -0.0957177 111
13054.9 1115.04 1825.91 0.0710899 111
12523 828.716 1409.48 -0.0955991 112
13054.2 1115.23 1825.91 0.0711163 112
12522.7 828.569 1409.48 -0.0957154 113
13053.9 1114.97 1825.91 0.0709778 113
12522.6 828.502 1409.48 -0.0957517 114
13053.8 1114.98 1825.91 0.0709933 114
12522.6 828.527 1409.48 -0.0957181 115
13053.8 1115.11 1825.91 0.0710669 115
12522.6 828.593 1409.48 -0.0956517 116
13053.8 1115.14 1825.91 0.071097 116
12522.7 828.437 1409.48 -0.095715 117
13053.9 1114.93 1825.91 0.0710255 117
12522.7 828.428 1409.48 -0.0956997 118
13054 1115.1 1825.91 0.0711228 118
12522.8 828.364 1409.48 -0.0957075 119
13054 1115 1825.91 0.0710988 119
12522.8 828.344 1409.48 -0.0957069 120
13054 1114.88 1825.91 0.0710494 120
12522.8 828.33 1409.48 -0.0956927 121
13054 1114.77 1825.91 0.0710124 121
12522.9 828.387 1409.48 -0.0956451 122
13054.1 1114.99 1825.91 0.0711262 122
12522.9 828.349 1409.48 -0.0956633 123
13054.1 1114.82 1825.91 0.0710495 123
12522.8 828.204 1409.48 -0.0957516 124
13054 1114.73 1825.91 0.0710124 124
12522.8 828.262 1409.48 -0.0957074 125
13054 1114.73 1825.91 0.0710196 125
12522.8 828.226 1409.48 -0.0957289 126
13054.1 1114.95 1825.91 0.0711241 126
12522.9 828.3 1409.48 -0.0956746 127
13054 1114.75 1825.91 0.0710325 127
12522.9 828.296 1409.48 -0.0956746 128
13054.1 1114.83 1825.91 0.0710706 128
12522.8 828.253 1409.48 -0.0956995 129
13054 1114.74 1825.91 0.071033 129
12522.8 828.28 1409.48 -0.0956791 130
13054.1 1114.81 1825.91 0.0710696 130
12522.8 828.225 1409.48 -0.0957148 131
13054 1114.54 1825.91 0.0709403 131
12522.9 828.356 1409.48 -0.0956219 132
13054.1 1114.86 1825.91 0.0710973 132
12522.8 828.234 1409.48 -0.095704 133
13054 1114.63 1825.91 0.0709841 133
12522.8 828.239 1409.48 -0.0956995 134
13054 1114.58 1825.91 0.0709641 134
12522.8 828.259 1409.48 -0.0956848 135
13054 1114.77 1825.91 0.0710562 135
12523 828.299 1409.48 -0.0956219 136
13054.3 1114.98 1825.91 0.0711848 136
12523 828.256 1409.48 -0.0956575 137
13054.1 1114.57 1825.91 0.0709792 137
12522.9 828.265 1409.48 -0.0956639 138
13054.1 1114.81 1825.91 0.0710839 138
12522.9 828.257 1409.48 -0.0956735 139
13054.1 1114.71 1825.91 0.0710324 139
12522.8 828.213 1409.48 -0.0957069 140
13054 1114.6 1825.91 0.0709774 140
12522.8 828.266 1409.48 -0.0956746 141
13054 1114.69 1825.91 0.0710191 141
12522.8 828.176 1409.48 -0.0957369 142
13054 1114.68 1825.91 0.0710124 142
12522.8 828.18 1409.48 -0.0957335 143
13054 1114.74 1825.91 0.0710444 143
12522.8 828.186 1409.48 -0.0957289 144
13054 1114.71 1825.91 0.0710274 144
12522.8 828.185 1409.48 -0.0957289 145
13054 1114.82 1825.91 0.0710829 145
12522.8 828.296 1409.48 -0.0956513 146
13054 1114.7 1825.91 0.0710242 146
12522.8 828.285 1409.48 -0.0956587 147
13010.6 1112.52 1785.34 0.0714836 147
12522.8 828.245 1409.48 -0.0956853 148
13054.1 1114.82 1825.91 0.0710829 148
12527 827.635 1409.48 -0.0955746 149
13058.2 1114.2 1825.91 0.0711635 149
12526.1 827.814 1409.48 -0.0956197 150
13057.3 1114.57 1825.91 0.071219 150
12524.3 828.298 1409.48 -0.0956084 151
13055.5 1114.68 1825.91 0.0710434 151
12523.7 828.24 1409.48 -0.0957541 152
13054.9 1114.75 1825.91 0.0710032 152
12522.9 828.47 1409.48 -0.0957159 153
13054.2 1115.03 1825.91 0.0710561 153
12522.7 828.559 1409.48 -0.0956792 154
13054 1115.06 1825.91 0.071055 154
12522.6 828.568 1409.48 -0.0956752 155
13053.8 1115.08 1825.91 0.0710622 155
12522.5 828.47 1409.48 -0.0957295 156
13053.7 1114.96 1825.91 0.0710119 156
12522.6 828.61 1409.48 -0.095616 157
13053.8 1115.02 1825.91 0.0710521 157
12522.6 828.355 1409.48 -0.0957513 158
13053.8 1114.77 1825.91 0.0709638 158
12522.7 828.4 1409.48 -0.0957008 159
13053.9 1115.01 1825.91 0.071091 159
12522.8 828.347 1409.48 -0.0957041 160
13054 1114.97 1825.91 0.0710927 160
12523 828.344 1409.48 -0.0956475 161
13054.2 1115.05 1825.91 0.0711796 161
12523 828.283 1409.48 -0.095687 162
13054.2 1114.86 1825.91 0.0710863 162
12522.9 828.243 1409.48 -0.0957143 163
13054.1 1114.72 1825.91 0.0710196 163
12522.9 828.343 1409.48 -0.0956452 164
13054.2 1115 1825.91 0.0711528 164
12522.9 828.321 1409.48 -0.0956599 165
13054.1 1114.83 1825.91 0.0710695 165
12522.8 828.175 1409.48 -0.0957584 166
13054 1114.63 1825.91 0.0709763 166
12522.9 828.322 1409.48 -0.0956565 167
13054 1114.69 1825.91 0.0710062 167
12522.8 828.25 1409.48 -0.095704 168
13054.1 1115 1825.91 0.0711571 168
12522.8 828.197 1409.48 -0.0957369 169
13054.1 1114.87 1825.91 0.0710963 169
12522.8 828.33 1409.48 -0.095644 170
13054.1 1114.87 1825.91 0.0710963 170
12522.8 828.189 1409.48 -0.0957369 171
13054.1 1114.83 1825.91 0.0710778 171
12522.8 828.291 1409.48 -0.0956672 172
13054 1114.72 1825.91 0.0710258 172
12522.9 828.347 1409.48 -0.095627 173
13054 1114.7 1825.91 0.0710207 173
12523 828.219 1409.48 -0.0956858 174
13054.2 1114.84 1825.91 0.0711069 174
12522.9 828.332 1409.48 -0.0956197 175
13054.1 1114.65 1825.91 0.0710072 175
12522.9 828.307 1409.48 -0.0956418 176
13054.1 1114.77 1825.91 0.0710639 176
12522.9 828.274 1409.48 -0.0956673 177
13054.1 1114.82 1825.91 0.0710839 177
12522.9 828.312 1409.48 -0.095644 178
13054.1 1114.94 1825.91 0.0711395 178
12522.8 828.313 1409.48 -0.095644 179
13054 1114.62 1825.91 0.0709836 179
12522.8 828.279 1409.48 -0.0956672 180
13054 1114.65 1825.91 0.070999 180
12522.8 828.278 1409.48 -0.0956672 181
13054.1 1114.85 1825.91 0.0710973 181
12522.8 828.165 1409.48 -0.0957437 182
13054 1114.8 1825.91 0.0710706 182
12522.8 828.274 1409.48 -0.0956672 183
13054.1 1114.89 1825.91 0.0711169 183
12522.8 828.184 1409.48 -0.0957289 184
13054 1114.81 1825.91 0.0710773 184
12522.8 828.202 1409.48 -0.0957153 185
13054 1114.76 1825.91 0.0710541 185
12522.8 828.239 1409.48 -0.0956893 186
13054.1 1114.82 1825.91 0.0710835 186
12522.8 828.303 1409.48 -0.0956451 187
13054 1114.71 1825.91 0.0710325 187
12528.8 832.763 1409.48 -0.0919027 188
13058.9 1121.2 1825.91 0.0747968 188
12525.9 827.715 1409.48 -0.095721 189
13057.1 1114.34 1825.91 0.0710833 189
12524.9 827.901 1409.48 -0.0957642 190
13056.1 1114.4 1825.91 0.0709938 190
12524.2 828.249 1409.48 -0.0956599 191
13055.4 1114.62 1825.91 0.0710023 191
12523.2 828.45 1409.48 -0.0956903 192
13054.4 1114.92 1825.91 0.0710303 192
12522.8 828.617 1409.48 -0.0956389 193
13054 1115.15 1825.91 0.0710983 193
12522.6 828.625 1409.48 -0.0956386 194
13053.9 1115.14 1825.91 0.0710898 194
12522.6 828.608 1409.48 -0.0956447 195
13053.8 1115.04 1825.91 0.0710467 195
12522.8 828.74 1409.48 -0.0955068 196
13054 1115.25 1825.91 0.0711797 196
12522.7 828.416 1409.48 -0.0957072 197
13053.9 1115 1825.91 0.0710759 197
12522.8 828.491 1409.48 -0.095642 198
13053.9 1114.88 1825.91 0.0710255 198
12522.7 828.359 1409.48 -0.095719 199
13053.9 1114.8 1825.91 0.0709988 199
12522.8 828.383 1409.48 -0.0956895 200
13054 1114.89 1825.91 0.0710494 200
12522.8 828.322 1409.48 -0.0957189 201
13054.1 1115.14 1825.91 0.0711781 201
12522.8 828.34 1409.48 -0.0956848 202
13054 1114.93 1825.91 0.0710906 202
12522.8 828.338 1409.48 -0.0956774 203
13054.1 1115.02 1825.91 0.0711395 203
12522.8 828.237 1409.48 -0.0957335 204
13054 1114.75 1825.91 0.0710196 204
12522.9 828.348 1409.48 -0.0956514 205
13054.1 1114.81 1825.91 0.0710525 205
12522.8 828.233 1409.48 -0.0957221 206
13054.1 1114.84 1825.91 0.0710762 206
12522.8 828.24 1409.48 -0.0957142 207
13054.1 1114.82 1825.91 0.0710664 207
12522.9 828.422 1409.48 -0.0955862 208
13054 1114.76 1825.91 0.0710397 208
12522.8 828.249 1409.48 -0.0957029 209
13054 1114.65 1825.91 0.0709908 209
12522.8 828.256 1409.48 -0.0956955 210
13054 1114.75 1825.91 0.0710397 210
12522.8 828.238 1409.48 -0.095704 211
13054 1114.68 1825.91 0.0710073 211
12522.8 828.263 1409.48 -0.0956859 212
13054 1114.72 1825.91 0.0710258 212
12522.8 828.152 1409.48 -0.095759 213
13054.1 1114.83 1825.91 0.0710845 213
12522.8 828.258 1409.48 -0.0956848 214
13054 1114.68 1825.91 0.0710108 214
12522.8 828.192 1409.48 -0.0957289 215
13054 1114.79 1825.91 0.0710629 215
12522.8 828.206 1409.48 -0.0957187 216
13054.1 1114.8 1825.91 0.0710712 216
12522.8 828.263 1409.48 -0.0956774 217
13054 1114.74 1825.91 0.0710407 217
12522.8 828.155 1409.48 -0.0957516 218
13054.1 1114.83 1825.91 0.071084 218
12522.8 828.101 1409.48 -0.0957879 219
13054 1114.68 1825.91 0.0710124 219
12522.8 828.31 1409.48 -0.095644 220
13054.1 1114.96 1825.91 0.0711483 220
12522.8 828.286 1409.48 -0.0956598 221
13054.1 1114.93 1825.91 0.0711374 221
12522.8 828.129 1409.48 -0.0957663 222
13054.1 1114.81 1825.91 0.0710773 222
12522.8 828.232 1409.48 -0.0956955 223
13054 1114.7 1825.91 0.0710274 223
12522.9 828.321 1409.48 -0.0956338 224
13054 1114.54 1825.91 0.0709507 224
12522.8 828.159 1409.48 -0.0957448 225
13054.1 1114.87 1825.91 0.0711107 225
12522.9 828.373 1409.48 -0.0955975 226
13054 1114.78 1825.91 0.071064 226
12522.8 828.191 1409.48 -0.0957221 227
13054.1 1114.9 1825.91 0.0711246 227
12522.8 828.24 1409.48 -0.0956882 228
13054.1 1114.8 1825.91 0.0710762 228
12522.8 828.147 1409.48 -0.0957516 229
13054 1114.71 1825.91 0.0710341 229
12522.8 828.141 1409.48 -0.0957556 230
13054 1114.78 1825.91 0.071064 230
12522.9 828.35 1409.48 -0.0956122 231
13054.1 1114.88 1825.91 0.0711134 231
12522.8 828.26 1409.48 -0.0956734 232
13054.1 1114.86 1825.91 0.0711061 232
12522.8 828.146 1409.48 -0.0957516 233
13054.1 1114.98 1825.91 0.0711647 233
12522.8 828.2 1409.48 -0.0957148 234
13054.1 1114.94 1825.91 0.0711446 234
12522.8 828.258 1409.48 -0.0956746 235
13054.1 1114.98 1825.91 0.0711641 235
12522.8 828.279 1409.48 -0.0956598 236
13054.1 1114.84 1825.91 0.0710973 236
12522.8 828.285 1409.48 -0.0956553 237
13054.1 1114.89 1825.91 0.0711179 237
12522.9 828.337 1409.48 -0.0956196 238
13054 1114.66 1825.91 0.0710073 238
12522.8 828.3 1409.48 -0.0956451 239
13054 1114.7 1825.91 0.0710274 239
12522.8 828.209 1409.48 -0.0957074 240
13054.1 1114.81 1825.91 0.0710829 240
12523 828.175 1409.48 -0.0957045 241
13054.2 1114.66 1825.91 0.0710265 241
12523 828.31 1409.48 -0.0956196 242
13054.2 1114.83 1825.91 0.0711045 242
12522.9 828.288 1409.48 -0.0956407 243
13054.2 1114.94 1825.91 0.0711549 243
12522.8 828.226 1409.48 -0.0956927 244
13054.1 1114.96 1825.91 0.0711579 244
12522.9 828.387 1409.48 -0.0955851 245
13054.1 1114.94 1825.91 0.0711462 245
12522.8 828.201 1409.48 -0.0957142 246
13054 1114.72 1825.91 0.0710361 246
12522.9 828.395 1409.48 -0.0955822 247
13054 1114.78 1825.91 0.0710664 247
12522.8 828.327 1409.48 -0.0956293 248
13054.1 1114.87 1825.91 0.0711075 248
12522.8 828.257 1409.48 -0.0956774 249
13054.1 1114.89 1825.91 0.0711195 249
12522.8 828.246 1409.48 -0.0956848 250
13054.1 1114.88 1825.91 0.0711142 250
12522.8 828.201 1409.48 -0.0957148 251
13054 1114.8 1825.91 0.0710741 251
12523 828.357 1409.48 -0.0955737 252
13054.2 1114.96 1825.91 0.0711797 252
12522.9 828.145 1409.48 -0.0957266 253
13054.2 1114.82 1825.91 0.0711053 253
12523.1 828.323 1409.48 -0.0955778 254
13054.3 1114.93 1825.91 0.071178 254
12523 828.177 1409.48 -0.0957041 255
13054.2 1114.92 1825.91 0.0711507 255
12523 828.347 1409.48 -0.0955977 256
13054.2 1114.87 1825.91 0.0711194 256
12522.9 828.165 1409.48 -0.0957308 257
13054.1 1114.83 1825.91 0.0710962 257
12522.9 828.251 1409.48 -0.0956775 258
13054.1 1114.87 1825.91 0.0711106 258
12522.8 828.303 1409.48 -0.095648 259
13054 1114.61 1825.91 0.0709841 259
12522.8 828.314 1409.48 -0.0956417 260
13054 1114.73 1825.91 0.0710407 260
12522.8 828.305 1409.48 -0.095648 261
13054 1114.68 1825.91 0.0710124 261
12522.8 828.235 1409.48 -0.0956955 262
13054 1114.71 1825.91 0.0710295 262
12523 828.196 1409.48 -0.0956882 263
13054.2 1114.82 1825.91 0.0711113 263
12523 828.213 1409.48 -0.095683 264
13054.1 1114.67 1825.91 0.0710286 264
12522.9 828.329 1409.48 -0.0956157 265
13054.1 1114.7 1825.91 0.0710329 265
12522.9 828.293 1409.48 -0.0956452 266
13054.1 1114.7 1825.91 0.0710308 266
12522.9 828.282 1409.48 -0.0956565 267
13054.1 1114.86 1825.91 0.0711066 267
12522.8 828.289 1409.48 -0.0956565 268
13054 1114.81 1825.91 0.0710797 268
12522.8 828.284 1409.48 -0.0956599 269
13054.1 1115 1825.91 0.0711708 269
12522.9 828.353 1409.48 -0.0956122 270
13054 1114.56 1825.91 0.0709574 270
12522.8 828.231 1409.48 -0.0956955 271
13054 1114.6 1825.91 0.0709796 271
12522.8 828.321 1409.48 -0.0956338 272
13054 1114.7 1825.91 0.0710263 272
12522.8 828.303 1409.48 -0.0956451 273
13054 1114.64 1825.91 0.0709991 273
12522.8 828.222 1409.48 -0.0957006 274
13054 1114.7 1825.91 0.0710258 274
12522.8 828.301 1409.48 -0.0956451 275
13054 1114.76 1825.91 0.0710562 275
12522.8 828.254 1409.48 -0.0956774 276
13054.1 1114.83 1825.91 0.0710928 276
12522.8 828.29 1409.48 -0.0956525 277
13054 1114.79 1825.91 0.0710706 277
12522.8 828.189 1409.48 -0.0957216 278
13054 1114.78 1825.91 0.0710674 278
12522.9 828.381 1409.48 -0.0955896 279
13054 1114.73 1825.91 0.0710407 279
12522.8 828.283 1409.48 -0.0956564 280
13010.6 1112.55 1785.34 0.0714985 280
12522.9 828.353 1409.48 -0.0956083 281
13054 1114.63 1825.91 0.0709964 281
12522.9 828.333 1409.48 -0.0956219 282
13054 1114.78 1825.91 0.0710696 282
12523 828.26 1409.48 -0.0956456 283
13054.2 1114.7 1825.91 0.0710497 283
12522.9 828.165 1409.48 -0.0957188 284
13054.2 1114.89 1825.91 0.0711334 284
12522.9 828.268 1409.48 -0.095648 285
13054.2 1114.91 1825.91 0.0711446 285
12522.9 828.228 1409.48 -0.095682 286
13054.1 1114.73 1825.91 0.0710505 286
12522.9 828.403 1409.48 -0.0955704 287
13054.1 1114.83 1825.91 0.071093 287
12522.8 828.241 1409.48 -0.0956848 288
13054.1 1114.9 1825.91 0.0711267 288
12523.1 828.254 1409.48 -0.0956196 289
13054.3 1114.73 1825.91 0.0710858 289
12523.2 828.341 1409.48 -0.0955596 290
13054.3 1114.84 1825.91 0.0711403 290
12523 828.329 1409.48 -0.0955977 291
13054.2 1114.63 1825.91 0.0710128 291
12523 828.232 1409.48 -0.0956639 292
13054.2 1114.7 1825.91 0.0710494 292
12522.9 828.205 1409.48 -0.095703 293
13054.1 1114.83 1825.91 0.0710972 293
12522.9 828.3 1409.48 -0.0956441 294
13054 1114.62 1825.91 0.0709928 294
12522.8 828.29 1409.48 -0.0956554 295
13054.1 1114.84 1825.91 0.0710927 295
12522.8 828.264 1409.48 -0.0956774 296
13054 1114.8 1825.91 0.0710695 296
12522.8 828.221 1409.48 -0.0957069 297
13054 1114.69 1825.91 0.0710191 297
12522.8 828.241 1409.48 -0.0956927 298
13053.9 1114.55 1825.91 0.0709507 298
12522.8 828.244 1409.48 -0.0956893 299
13054.1 1114.9 1825.91 0.07112 299
12522.8 828.156 1409.48 -0.0957482 300
13054.1 1114.91 1825.91 0.0711267 300
12522.9 828.386 1409.48 -0.0955896 301
13054 1114.76 1825.91 0.0710541 301
12522.8 828.256 1409.48 -0.0956774 302
13054.1 1114.97 1825.91 0.071158 302
12522.8 828.218 1409.48 -0.0957029 303
13054 1114.7 1825.91 0.0710274 303
12522.8 828.136 1409.48 -0.0957584 304
13054 1114.8 1825.91 0.0710773 304
12522.8 828.301 1409.48 -0.0956451 305
13054 1114.74 1825.91 0.0710474 305
12522.8 828.291 1409.48 -0.0956513 306
13054 1114.65 1825.91 0.0710063 306
12522.8 828.216 1409.48 -0.0957029 307
13054 1114.67 1825.91 0.0710124 307
12522.8 828.242 1409.48 -0.0956848 308
13054.1 1114.88 1825.91 0.0711174 308
12522.8 828.242 1409.48 -0.0956848 309
13054.1 1114.88 1825.91 0.0711174 309
12522.9 828.333 1409.48 -0.0956219 310
13054 1114.69 1825.91 0.0710258 310
12522.9 828.355 1409.48 -0.0956066 311
13054.1 1114.97 1825.91 0.0711612 311
12522.8 828.256 1409.48 -0.0956746 312
13054 1114.79 1825.91 0.0710741 312
12522.8 828.192 1409.48 -0.0957187 313
13054 1114.72 1825.91 0.0710397 313
12522.8 828.23 1409.48 -0.0956927 314
13054 1114.68 1825.91 0.0710191 314
12522.8 828.272 1409.48 -0.0956638 315
13054 1114.67 1825.91 0.071013 315
12522.8 828.257 1409.48 -0.0956746 316
13054 1114.66 1825.91 0.0710108 316
12522.9 828.31 1409.48 -0.0956377 317
13054.1 1114.83 1825.91 0.0710931 317
12522.8 828.242 1409.48 -0.0956848 318
13054 1114.62 1825.91 0.0709897 318
12522.8 828.226 1409.48 -0.0956955 319
13054 1114.72 1825.91 0.0710407 319
12523 828.234 1409.48 -0.0956637 320
13054.2 1114.71 1825.91 0.0710497 320
12522.9 828.273 1409.48 -0.0956451 321
13054.1 1114.55 1825.91 0.0709697 321
12522.9 828.305 1409.48 -0.0956293 322
13054.1 1114.7 1825.91 0.0710375 322
12523 828.26 1409.48 -0.0956356 323
13054.3 1114.98 1825.91 0.071194 323
12523 828.301 1409.48 -0.095627 324
13054.1 1114.76 1825.91 0.0710674 324
12522.9 828.328 1409.48 -0.095622 325
13054.1 1114.86 1825.91 0.0711096 325
12522.9 828.268 1409.48 -0.0956633 326
13054 1114.68 1825.91 0.0710195 326
12522.8 828.278 1409.48 -0.0956633 327
13054.1 1114.86 1825.91 0.0711029 327
12522.8 828.206 1409.48 -0.0957142 328
13054.1 1114.9 1825.91 0.0711195 328
12522.8 828.362 1409.48 -0.0956083 329
13054 1114.66 1825.91 0.0710036 329
12522.8 828.276 1409.48 -0.0956661 330
13054 1114.76 1825.91 0.0710541 330
12522.8 828.216 1409.48 -0.0957074 331
13054 1114.79 1825.91 0.0710664 331
12522.8 828.291 1409.48 -0.0956553 332
13054 1114.7 1825.91 0.0710274 332
12523 828.39 1409.48 -0.0955522 333
13054.2 1114.78 1825.91 0.0710916 333
12522.9 828.291 1409.48 -0.0956338 334
13054.1 1114.63 1825.91 0.0710062 334
12522.9 828.274 1409.48 -0.0956514 335
13054.1 1114.63 1825.91 0.0710035 335
12522.9 828.269 1409.48 -0.0956599 336
13054.1 1114.78 1825.91 0.0710695 336
12522.8 828.162 1409.48 -0.0957369 337
13054.1 1114.93 1825.91 0.0711405 337
12522.8 828.195 1409.48 -0.0957188 338
13054.1 1114.86 1825.91 0.0711045 338
12522.8 828.225 1409.48 -0.0956995 339
13054 1114.64 1825.91 0.070999 339
12522.8 828.118 1409.48 -0.0957732 340
13054.1 1114.83 1825.91 0.0710912 340
12522.8 828.225 1409.48 -0.0956995 341
13054 1114.72 1825.91 0.0710341 341
12522.9 828.385 1409.48 -0.0955896 342
13054 1114.69 1825.91 0.0710242 342
12522.8 828.217 1409.48 -0.095704 343
13054 1114.62 1825.91 0.0709908 343
12522.9 828.356 1409.48 -0.0956083 344
13054 1114.77 1825.91 0.0710629 344
12522.8 828.297 1409.48 -0.0956485 345
13054.1 1114.84 1825.91 0.0710963 345
12522.8 828.306 1409.48 -0.0956417 346
13054 1114.69 1825.91 0.0710228 346
12522.8 828.259 1409.48 -0.0956734 347
13054.1 1114.84 1825.91 0.0710963 347
12522.8 828.268 1409.48 -0.0956672 348
13053.9 1114.48 1825.91 0.0709235 348
12522.8 828.299 1409.48 -0.0956451 349
13054 1114.79 1825.91 0.0710725 349
12522.8 828.283 1409.48 -0.0956564 350
13054.1 1114.84 1825.91 0.0710979 350
12522.8 828.235 1409.48 -0.0956893 351
13054 1114.71 1825.91 0.071033 351
12522.8 828.304 1409.48 -0.0956417 352
13054 1114.77 1825.91 0.0710624 352
12522.8 828.299 1409.48 -0.0956451 353
13054.1 1114.88 1825.91 0.0711174 353
12522.8 828.3 1409.48 -0.095644 354
13054.1 1114.96 1825.91 0.0711534 354
12522.8 828.198 1409.48 -0.0957142 355
13054 1114.75 1825.91 0.071053 355
12522.9 828.31 1409.48 -0.0956377 356
13054.1 1114.86 1825.91 0.0711067 356
12522.8 828.277 1409.48 -0.0956598 357
13054 1114.79 1825.91 0.0710706 357
12522.8 828.226 1409.48 -0.0956955 358
13054.1 1114.81 1825.91 0.07108 358
12522.8 828.198 1409.48 -0.0957148 359
13054.1 1114.84 1825.91 0.0710942 359
12522.8 828.258 1409.48 -0.0956734 360
13054 1114.65 1825.91 0.0710063 360
12522.8 828.235 1409.48 -0.0956893 361
13054.1 1114.87 1825.91 0.0711107 361
12528.8 832.94 1409.48 -0.0917808 362
13058.8 1121.17 1825.91 0.0747862 362
12525.9 827.82 1409.48 -0.0956474 363
13057.2 1114.47 1825.91 0.0711485 363
12525.2 828.168 1409.48 -0.0955463 364
13056.3 1114.58 1825.91 0.0711057 364
12523.7 828.342 1409.48 -0.0956765 365
13054.9 1114.84 1825.91 0.0710532 365
12523.3 828.574 1409.48 -0.0955924 366
13054.5 1114.92 1825.91 0.0710374 366
12522.8 828.558 1409.48 -0.0956758 367
13054 1115.09 1825.91 0.0710693 367
12522.6 828.731 1409.48 -0.0955614 368
13053.8 1115.11 1825.91 0.071079 368
12522.6 828.662 1409.48 -0.095609 369
13053.8 1115.1 1825.91 0.0710702 369
12522.6 828.614 1409.48 -0.0956298 370
13053.8 1115.05 1825.91 0.0710586 370
12522.6 828.523 1409.48 -0.0956556 371
13053.9 1115.21 1825.91 0.0711577 371
12522.7 828.562 1409.48 -0.0956085 372
13053.9 1115.18 1825.91 0.0711599 372
12522.7 828.359 1409.48 -0.0957291 373
13054 1115.1 1825.91 0.0711362 373
12522.7 828.402 1409.48 -0.0956821 374
13054 1115.09 1825.91 0.0711394 374
12522.8 828.418 1409.48 -0.0956418 375
13054 1114.92 1825.91 0.0710807 375
12522.8 828.376 1409.48 -0.0956588 376
13054 1114.85 1825.91 0.071053 376
12523 828.398 1409.48 -0.0955925 377
13054.3 1115.05 1825.91 0.0711914 377
12523 828.36 1409.48 -0.0956195 378
13054.2 1114.84 1825.91 0.0710863 378
12523 828.31 1409.48 -0.0956559 379
13054.2 1114.85 1825.91 0.0710906 379
12522.9 828.31 1409.48 -0.0956599 380
13054.2 1114.96 1825.91 0.0711395 380
12522.9 828.445 1409.48 -0.0955681 381
13054.1 1114.76 1825.91 0.0710407 381
12522.9 828.445 1409.48 -0.0955681 382
13054.1 1114.83 1825.91 0.0710762 382
12522.8 828.3 1409.48 -0.0956672 383
13054.1 1114.82 1825.91 0.0710704 383
12522.9 828.394 1409.48 -0.0956009 384
13054.1 1114.81 1825.91 0.0710674 384
12522.8 828.257 1409.48 -0.0956927 385
13054 1114.76 1825.91 0.0710474 385
12522.8 828.324 1409.48 -0.0956451 386
13054.1 1114.92 1825.91 0.071123 386
12522.8 828.242 1409.48 -0.0956995 387
13054.1 1114.92 1825.91 0.0711241 387
12522.8 828.319 1409.48 -0.0956451 388
13054.1 1114.86 1825.91 0.0710973 388
12522.9 828.369 1409.48 -0.0956083 389
13054.1 1115.02 1825.91 0.0711775 389
12523 828.364 1409.48 -0.0955766 390
13054.2 1114.71 1825.91 0.0710531 390
12523 828.32 1409.48 -0.0956133 391
13054.2 1114.88 1825.91 0.0711264 391
12522.9 828.19 1409.48 -0.0957149 392
13054.1 1114.86 1825.91 0.0711096 392
12522.9 828.266 1409.48 -0.0956673 393
13054.1 1114.74 1825.91 0.0710495 393
12522.9 828.369 1409.48 -0.0955998 394
13054.1 1114.86 1825.91 0.0711045 394
12522.8 828.199 1409.48 -0.0957188 395
13054 1114.66 1825.91 0.0710073 395
12522.8 828.276 1409.48 -0.0956672 396
13054.1 1114.85 1825.91 0.0710978 396
12523 828.326 1409.48 -0.0955998 397
13054.2 1114.99 1825.91 0.0711914 397
12523 828.351 1409.48 -0.0955901 398
13054.2 1114.76 1825.91 0.0710735 398
12523.1 828.322 1409.48 -0.0955975 399
13054.2 1114.7 1825.91 0.0710496 399
12523 828.201 1409.48 -0.0956928 400
13054.2 1114.81 1825.91 0.071094 400
12523 828.266 1409.48 -0.0956395 401
13054.3 1114.87 1825.91 0.0711294 401
12523.1 828.268 1409.48 -0.0956175 402
13054.3 1114.8 1825.91 0.0711168 402
12523.1 828.265 1409.48 -0.0956181 403
13054.4 1114.91 1825.91 0.0711665 403
12523.1 828.343 1409.48 -0.0955829 404
13054.3 1114.82 1825.91 0.0711081 404
12523 828.411 1409.48 -0.0955524 405
13054.1 1114.65 1825.91 0.0710184 405
12522.9 828.283 1409.48 -0.0956515 406
13054.1 1114.85 1825.91 0.0711028 406
12522.8 828.313 1409.48 -0.0956452 407
13054 1114.76 1825.91 0.0710524 407
12522.8 828.285 1409.48 -0.0956673 408
13054.1 1114.94 1825.91 0.0711349 408
12522.8 828.287 1409.48 -0.0956673 409
13054 1114.72 1825.91 0.0710273 409
12522.8 828.297 1409.48 -0.0956599 410
13054 1114.81 1825.91 0.0710725 410
12522.8 828.204 1409.48 -0.0957227 411
13054.1 1114.92 1825.91 0.071124 411
12522.8 828.331 1409.48 -0.0956338 412
13054 1114.84 1825.91 0.0710912 412
12522.9 828.387 1409.48 -0.0955924 413
13054 1114.79 1825.91 0.0710664 413
12522.8 828.293 1409.48 -0.0956553 414
13054.1 1114.92 1825.91 0.0711313 414
12522.8 828.317 1409.48 -0.0956377 415
13054 1114.64 1825.91 0.0709969 415
12522.9 828.327 1409.48 -0.0956292 416
13054 1114.75 1825.91 0.0710525 416
12522.9 828.447 1409.48 -0.095546 417
13054 1114.61 1825.91 0.0709836 417
12522.9 828.35 1409.48 -0.0956122 418
13054.1 1114.86 1825.91 0.0711065 418
12522.9 828.349 1409.48 -0.0956122 419
13054.1 1115.01 1825.91 0.0711796 419
12522.8 828.279 1409.48 -0.0956598 420
13054.1 1114.98 1825.91 0.0711647 420
12522.8 828.236 1409.48 -0.0956893 421
13054.1 1114.89 1825.91 0.0711209 421
12522.9 828.323 1409.48 -0.0956292 422
13054.1 1114.81 1825.91 0.0710808 422
12522.8 828.154 1409.48 -0.0957448 423
13054 1114.72 1825.91 0.0710407 423
12522.8 828.301 1409.48 -0.095644 424
13054.1 1114.81 1825.91 0.0710797 424
12522.9 828.411 1409.48 -0.0955681 425
13054.1 1114.81 1825.91 0.0710829 425
12523 828.353 1409.48 -0.0955743 426
13054.2 1114.93 1825.91 0.0711669 426
12523 828.174 1409.48 -0.0957045 427
13054.1 1114.56 1825.91 0.0709792 427
12523 828.415 1409.48 -0.0955534 428
13054.1 1114.84 1825.91 0.0711029 428
12523 828.326 1409.48 -0.0955975 429
13054.2 1114.67 1825.91 0.0710347 429
12523.1 828.316 1409.48 -0.0955812 430
13054.3 1114.87 1825.91 0.0711513 430
12523.1 828.242 1409.48 -0.0956355 431
13054.3 1114.73 1825.91 0.07108 431
12523 828.298 1409.48 -0.0956158 432
13054.3 1114.92 1825.91 0.0711572 432
12522.9 828.303 1409.48 -0.0956379 433
13054.1 1114.78 1825.91 0.0710724 433
12522.8 828.289 1409.48 -0.0956599 434
13054.1 1114.93 1825.91 0.0711363 434
12522.9 828.39 1409.48 -0.0955936 435
13054 1114.8 1825.91 0.0710674 435
12523 828.432 1409.48 -0.0955325 436
13054.2 1115.07 1825.91 0.0712264 436
12523.1 828.282 1409.48 -0.0956236 437
13054.3 1114.84 1825.91 0.0711196 437
12523 828.269 1409.48 -0.0956452 438
13054.2 1114.87 1825.91 0.071126 438
12522.9 828.237 1409.48 -0.0956776 439
13054.2 1114.82 1825.91 0.0710961 439
12523 828.381 1409.48 -0.0955658 440
13054.2 1114.78 1825.91 0.0710822 440
12522.9 828.277 1409.48 -0.0956486 441
13054.1 1114.73 1825.91 0.0710529 441
12522.9 828.267 1409.48 -0.0956639 442
13054.2 1115.06 1825.91 0.0712037 442
12522.9 828.352 1409.48 -0.0956118 443
13054 1114.69 1825.91 0.071023 443
12522.9 828.4 1409.48 -0.0955851 444
13054 1114.83 1825.91 0.0710839 444
12522.8 828.315 1409.48 -0.095644 445
13054 1114.61 1825.91 0.0709795 445
12522.9 828.402 1409.48 -0.0955845 446
13054 1114.85 1825.91 0.0710963 446
12522.9 828.404 1409.48 -0.0955822 447
13054 1114.83 1825.91 0.071084 447
12522.9 828.434 1409.48 -0.0955607 448
13054 1114.73 1825.91 0.0710397 448
12522.8 828.32 1409.48 -0.0956377 449
13054 1114.67 1825.91 0.0710108 449
12523 828.384 1409.48 -0.095559 450
13054.2 1114.82 1825.91 0.0711071 450
12523 828.351 1409.48 -0.0955878 451
13054.2 1114.72 1825.91 0.0710534 451
12522.9 828.271 1409.48 -0.0956554 452
13054.1 1114.79 1825.91 0.0710807 452
12522.9 828.283 1409.48 -0.0956514 453
13054.1 1114.77 1825.91 0.0710639 453
12522.9 828.278 1409.48 -0.0956588 454
13054.1 1114.89 1825.91 0.0711194 454
12522.8 828.284 1409.48 -0.0956587 455
13054.1 1114.8 1825.91 0.0710762 455
12528.8 832.92 1409.48 -0.0917984 456
13058.9 1121.56 1825.91 0.0749692 456
12525.9 827.768 1409.48 -0.0956871 457
13057.1 1114.38 1825.91 0.0711006 457
12524.4 828.255 1409.48 -0.0956249 458
13055.6 1114.84 1825.91 0.0711339 458
12523.8 828.407 1409.48 -0.0956277 459
13055 1114.89 1825.91 0.0710791 459
12523.4 828.608 1409.48 -0.0955652 460
13054.6 1115.05 1825.91 0.0711053 460
12523.1 828.711 1409.48 -0.0955093 461
13054.3 1115.21 1825.91 0.0711759 461
12522.9 828.561 1409.48 -0.0956364 462
13054.1 1115.04 1825.91 0.0710738 462
12522.8 828.438 1409.48 -0.0957052 463
13054 1114.94 1825.91 0.0710341 463
12522.8 828.648 1409.48 -0.0955613 464
13053.9 1114.9 1825.91 0.0710164 464
12522.8 828.586 1409.48 -0.095598 465
13053.9 1114.93 1825.91 0.0710335 465
12522.7 828.469 1409.48 -0.0956562 466
13053.9 1114.98 1825.91 0.0710738 466
12522.8 828.553 1409.48 -0.0955853 467
13054 1115.11 1825.91 0.071146 467
12523 828.501 1409.48 -0.095562 468
13054.1 1114.91 1825.91 0.071093 468
12523 828.511 1409.48 -0.0955511 469
13054.2 1114.98 1825.91 0.0711263 469
12522.9 828.347 1409.48 -0.0956588 470
13054.1 1114.84 1825.91 0.0710638 470
12522.9 828.397 1409.48 -0.095622 471
13054.1 1114.99 1825.91 0.0711362 471
12522.9 828.409 1409.48 -0.0956083 472
13054.1 1114.99 1825.91 0.0711395 472
12522.9 828.416 1409.48 -0.095601 473
13054.1 1114.88 1825.91 0.0710906 473
12522.9 828.403 1409.48 -0.0956043 474
13054.1 1114.93 1825.91 0.0711168 474
12522.9 828.363 1409.48 -0.0956293 475
13054 1114.79 1825.91 0.0710525 475
12522.9 828.386 1409.48 -0.0956083 476
13054.1 1114.87 1825.91 0.0710963 476
12522.9 828.375 1409.48 -0.0956117 477
13054.1 1114.82 1825.91 0.0710741 477
12522.9 828.367 1409.48 -0.0956156 478
13054.1 1114.92 1825.91 0.0711246 478
12522.9 828.39 1409.48 -0.0955975 479
13054 1114.76 1825.91 0.0710458 479
12523.1 828.432 1409.48 -0.0955324 480
13054.2 1114.92 1825.91 0.0711533 480
12523 828.468 1409.48 -0.0955142 481
13054.2 1114.89 1825.91 0.071129 481
12523 828.334 1409.48 -0.0956123 482
13054.2 1114.83 1825.91 0.0710963 482
12522.9 828.386 1409.48 -0.0955823 483
13054.1 1114.7 1825.91 0.0710329 483
12522.9 828.45 1409.48 -0.095546 484
13054.1 1115.01 1825.91 0.0711734 484
12522.9 828.432 1409.48 -0.0955607 485
13054.1 1114.77 1825.91 0.0710591 485
12522.9 828.334 1409.48 -0.0956293 486
13054.1 1114.94 1825.91 0.071139 486
12522.9 828.504 1409.48 -0.0955131 487
13054.1 1115.05 1825.91 0.0711929 487
12522.8 828.252 1409.48 -0.0956848 488
13054.1 1114.91 1825.91 0.0711241 488
12522.9 828.39 1409.48 -0.0955896 489
13054.1 1114.96 1825.91 0.0711497 489
12522.9 828.351 1409.48 -0.0956156 490
13054.1 1114.92 1825.91 0.0711313 490
12522.8 828.265 1409.48 -0.0956734 491
13054 1114.7 1825.91 0.0710258 491
12522.9 828.445 1409.48 -0.0955482 492
13054.1 1115.01 1825.91 0.071178 492
12522.9 828.384 1409.48 -0.0955901 493
13054.1 1114.81 1825.91 0.0710808 493
12523.1 828.429 1409.48 -0.095525 494
13054.2 1114.93 1825.91 0.0711637 494
12523 828.29 1409.48 -0.0956269 495
13054.2 1114.75 1825.91 0.0710687 495
12523.1 828.315 1409.48 -0.0955975 496
13054.3 1114.96 1825.91 0.0711818 496
12523 828.421 1409.48 -0.095537 497
13054.2 1114.92 1825.91 0.0711533 497
12522.9 828.399 1409.48 -0.0955704 498
13054.1 1114.85 1825.91 0.0711044 498
12522.9 828.446 1409.48 -0.0955443 499
13054.1 1114.91 1825.91 0.0711312 499
12522.9 828.45 1409.48 -0.0955455 500
13054 1114.74 1825.91 0.0710458 500
12522.9 828.534 1409.48 -0.095491 501
13054 1114.82 1825.91 0.071084 501
12522.9 828.455 1409.48 -0.095546 502
13054 1114.65 1825.91 0.0709974 502
12522.9 828.401 1409.48 -0.0955822 503
13054.1 1114.99 1825.91 0.0711641 503
12522.9 828.46 1409.48 -0.0955409 504
13054.1 1114.91 1825.91 0.0711246 504
12522.9 828.533 1409.48 -0.0954899 505
13054 1114.63 1825.91 0.0709929 505
12522.9 828.412 1409.48 -0.095572 506
13054.1 1114.85 1825.91 0.0710973 506
12523 828.322 1409.48 -0.0956059 507
13054.2 1114.82 1825.91 0.0711053 507
12523 828.43 1409.48 -0.0955386 508
13054.2 1114.94 1825.91 0.0711539 508
12522.9 828.398 1409.48 -0.0955721 509
13054 1114.63 1825.91 0.070999 509
12522.9 828.362 1409.48 -0.0955998 510
13054.2 1115.03 1825.91 0.0711894 510
12522.9 828.37 1409.48 -0.0955975 511
13054.1 1114.9 1825.91 0.071124 511
12522.8 828.231 1409.48 -0.0956955 512
13054 1114.61 1825.91 0.070983 512
12522.9 828.417 1409.48 -0.0955681 513
13054 1114.76 1825.91 0.0710541 513
12522.9 828.37 1409.48 -0.0956009 514
13054.1 1114.86 1825.91 0.0711046 514
12522.9 828.369 1409.48 -0.0956009 515
13054 1114.81 1825.91 0.0710773 515
12522.8 828.235 1409.48 -0.0956927 516
13054.1 1114.89 1825.91 0.0711179 516
12522.9 828.341 1409.48 -0.095619 517
13054.1 1114.95 1825.91 0.0711497 517
12522.9 828.468 1409.48 -0.0955312 518
13054.1 1114.94 1825.91 0.0711446 518
12522.8 828.303 1409.48 -0.095644 519
13054.1 1114.92 1825.91 0.0711339 519
12522.9 828.393 1409.48 -0.0955822 520
13054 1114.74 1825.91 0.0710458 520
12522.9 828.423 1409.48 -0.0955607 521
13054.1 1114.91 1825.91 0.0711276 521
12522.9 828.412 1409.48 -0.0955681 522
13054.1 1114.89 1825.91 0.0711195 522
12522.9 828.492 1409.48 -0.0955131 523
13054.1 1114.92 1825.91 0.071135 523
12522.8 828.301 1409.48 -0.095644 524
13054.1 1114.93 1825.91 0.071139 524
12522.9 828.411 1409.48 -0.0955681 525
13054.1 1114.81 1825.91 0.0710829 525
12522.8 828.267 1409.48 -0.0956672 526
13054.1 1114.81 1825.91 0.0710829 526
12522.9 828.391 1409.48 -0.0955816 527
13054.1 1114.85 1825.91 0.0711035 527
12522.8 828.279 1409.48 -0.0956587 528
13054 1114.6 1825.91 0.0709831 528
12522.9 828.423 1409.48 -0.0955601 529
13054.1 1114.89 1825.91 0.07112 529
12522.8 828.279 1409.48 -0.0956587 530
13054 1114.74 1825.91 0.0710474 530
12522.8 828.267 1409.48 -0.0956672 531
13054.1 1114.89 1825.91 0.0711195 531
12522.9 828.36 1409.48 -0.0956032 532
13054 1114.78 1825.91 0.0710674 532
12522.9 828.322 1409.48 -0.0956292 533
13054.1 1114.97 1825.91 0.0711575 533
12522.9 828.347 1409.48 -0.0956122 534
13054 1114.68 1825.91 0.0710207 534
12522.8 828.306 1409.48 -0.0956406 535
13054.1 1114.92 1825.91 0.0711364 535
12522.9 828.522 1409.48 -0.0954927 536
13054.1 1114.9 1825.91 0.071123 536
12522.9 828.407 1409.48 -0.0955715 537
13054.1 1114.84 1825.91 0.0710973 537
12522.9 828.333 1409.48 -0.0956219 538
13054.1 1114.94 1825.91 0.0711457 538
12522.9 828.457 1409.48 -0.0955369 539
13054 1114.79 1825.91 0.0710741 539
12522.9 828.465 1409.48 -0.0955312 540
13054 1114.72 1825.91 0.0710397 540
12522.8 828.304 1409.48 -0.0956417 541
13054.1 1114.83 1825.91 0.0710938 541
12522.9 828.349 1409.48 -0.0956105 542
13054.1 1114.84 1825.91 0.0710963 542
12522.9 828.337 1409.48 -0.095619 543
13054 1114.72 1825.91 0.0710407 543
12522.8 828.266 1409.48 -0.0956672 544
13054.1 1114.88 1825.91 0.0711174 544
12528.8 833.011 1409.48 -0.0917315 545
13058.9 1121.48 1825.91 0.0749331 545
12527.1 827.865 1409.48 -0.0954134 546
13058.2 1114.17 1825.91 0.0711522 546
12525.9 827.82 1409.48 -0.0956463 547
13057.2 1114.45 1825.91 0.0711372 547
12524.3 828.337 1409.48 -0.0955977 548
13055.5 1114.85 1825.91 0.0711159 548
12523.7 828.486 1409.48 -0.0955954 549
13054.9 1114.91 1825.91 0.0710746 549
12523.1 828.655 1409.48 -0.095564 550
13054.3 1115.17 1825.91 0.0711397 550
12522.9 828.654 1409.48 -0.0955937 551
13054.1 1115.24 1825.91 0.0711522 551
12522.7 828.568 1409.48 -0.0956642 552
13053.9 1115.11 1825.91 0.0710819 552
12522.6 828.65 1409.48 -0.0955981 553
13053.8 1115.07 1825.91 0.071069 553
12522.7 828.632 1409.48 -0.095578 554
13053.9 1115.22 1825.91 0.0711638 554
12522.7 828.657 1409.48 -0.095561 555
13053.9 1115.06 1825.91 0.0710909 555
12522.8 828.614 1409.48 -0.0955535 556
13053.9 1114.97 1825.91 0.0710694 556
12522.8 828.532 1409.48 -0.0955926 557
13054 1115.01 1825.91 0.0711028 557
12522.8 828.418 1409.48 -0.0956554 558
13054 1114.98 1825.91 0.0710993 558
12522.9 828.547 1409.48 -0.0955534 559
13054.1 1115.18 1825.91 0.0712062 559
12522.9 828.455 1409.48 -0.0955959 560
13054.1 1114.97 1825.91 0.0711179 560
12522.9 828.459 1409.48 -0.0955851 561
13054.1 1114.87 1825.91 0.0710741 561
12522.9 828.454 1409.48 -0.0955885 562
13054.1 1115 1825.91 0.0711406 562
12522.9 828.499 1409.48 -0.0955454 563
13054 1114.69 1825.91 0.0709964 563
12522.9 828.524 1409.48 -0.0955205 564
13054.1 1114.84 1825.91 0.0710762 564
12522.9 828.353 1409.48 -0.0956343 565
13054 1114.69 1825.91 0.0710063 565
12522.9 828.471 1409.48 -0.0955482 566
13054.1 1114.84 1825.91 0.0710829 566
12522.9 828.479 1409.48 -0.0955409 567
13054.2 1115.12 1825.91 0.0712191 567
12522.9 828.432 1409.48 -0.0955715 568
13054 1114.69 1825.91 0.0710108 568
12522.9 828.337 1409.48 -0.0956343 569
13054.1 1114.82 1825.91 0.0710773 569
12522.8 828.303 1409.48 -0.0956564 570
13054.1 1114.87 1825.91 0.071103 570
12522.9 828.421 1409.48 -0.0955737 571
13054.1 1114.8 1825.91 0.0710674 571
12522.9 828.437 1409.48 -0.0955607 572
13054.1 1114.91 1825.91 0.0711241 572
12522.9 828.421 1409.48 -0.0955703 573
13054 1114.73 1825.91 0.0710365 573
12522.9 828.445 1409.48 -0.0955528 574
13054.1 1114.82 1825.91 0.0710829 574
12522.9 828.4 1409.48 -0.0955828 575
13054.1 1114.81 1825.91 0.0710762 575
12522.9 828.347 1409.48 -0.095619 576
13054 1114.63 1825.91 0.0709903 576
12522.9 828.442 1409.48 -0.0955528 577
13054.1 1115.02 1825.91 0.0711807 577
12522.9 828.442 1409.48 -0.0955528 578
13054.1 1115.02 1825.91 0.0711807 578
12522.9 828.349 1409.48 -0.0956162 579
13054 1114.8 1825.91 0.0710712 579
12522.9 828.349 1409.48 -0.0956162 580
13054 1114.8 1825.91 0.0710712 580
12522.9 828.349 1409.48 -0.0956162 581
13054 1114.8 1825.91 0.0710712 581
12522.9 828.349 1409.48 -0.0956162 582
13054 1114.8 1825.91 0.0710712 582
12522.9 828.349 1409.48 -0.0956162 583
13054 1114.8 1825.91 0.0710712 583
