# x y d a f
12823.3 3616.97 8034.01 0.386221 294
13246.9 4633.08 4017 -0.172672 667
13286.8 3763.62 4228.43 -0.369696 667
13729.2 4766.3 4463.34 -0.125344 667
13796.4 3070.09 3493.05 -0.56251 682
12606.3 2080.31 3090 -1.00982 682
13039.2 2247.79 3347.5 -0.880046 682
13985.3 2893.54 3651.82 -0.569636 683
12637.4 1987.6 3090 -1.02265 683
13075.3 2153.95 3347.5 -0.891475 683
13345.9 1024.33 4228.43 -1.0003 683
14069.3 2845.25 3651.82 -0.562062 684
13222 1961.18 3493.05 -0.895356 684
12747.7 1788.09 3213.6 -1.03097 684
13522.9 732.816 4463.34 -1.00566 684
14789.1 2454.26 4463.34 -0.550419 685
13714.5 1389.75 4228.43 -0.88922 685
14273.7 -398.551 5738.58 -1.00112 685
-nan -nan inf -nan 934
14408.4 1164.54 10042.5 -0.22793 952
15888.6 1218.58 11477.2 -0.194345 952
15975 1047.87 11477.2 -0.206863 953
13557.3 1252.25 8926.68 -0.237861 954
13629.8 1561.44 8926.68 -0.202489 955
13679.5 1539.56 8926.68 -0.202882 956
14528.7 4790.58 8926.68 0.152269 957
13750.4 1502.61 8926.68 -0.203989 957
15688.7 4972.89 10042.5 0.152049 958
13721.2 1505.53 8926.68 -0.203907 958
13649.8 1203.81 8926.68 -0.238443 958
14481.4 4800.17 8926.68 0.152747 959
13703.7 1511.1 8926.68 -0.203578 959
13631.9 1207.44 8926.68 -0.238332 959
14451.5 4799.21 8926.68 0.152158 960
13673.3 1512.16 8926.68 -0.204011 960
13686.9 1500.36 8926.68 -0.205072 961
13615.5 1200.07 8926.68 -0.239453 961
14469.2 4788.34 8926.68 0.151266 962
13687.3 1501.75 8926.68 -0.204913 962
12749.5 1416.76 8034.01 -0.23882 962
15640.6 4977.82 10042.5 0.151786 963
13673 1512.28 8926.68 -0.204033 963
13601.3 1209.59 8926.68 -0.23868 963
13660.3 1515.35 8926.68 -0.203937 964
12722.8 1429.84 8034.01 -0.237792 964
15631.5 4980.33 10042.5 0.151858 965
13663.5 1513.32 8926.68 -0.204105 965
13591.8 1210.6 8926.68 -0.238756 965
13652.8 1515.8 8926.68 -0.204032 966
13581.1 1213.15 8926.68 -0.238676 966
13652.9 1516.36 8926.68 -0.203969 967
13581.3 1214.05 8926.68 -0.238572 967
13669.6 1501.63 8926.68 -0.205254 968
13684.7 1498.57 8926.68 -0.205301 969
13613.1 1198.27 8926.68 -0.239685 969
13696.2 1497.04 8926.68 -0.20526 970
12758.4 1412.41 8034.01 -0.239162 970
13679.2 1510.55 8926.68 -0.204133 971
13607.3 1207.34 8926.68 -0.23884 971
13663.5 1512.41 8926.68 -0.204246 972
13592.1 1211.15 8926.68 -0.23873 972
13651.6 1514.98 8926.68 -0.204192 973
13580.7 1215.67 8926.68 -0.238453 973
14416.3 4807.4 8926.68 0.152292 974
13636.9 1517.72 8926.68 -0.204143 974
13565.2 1215.49 8926.68 -0.238738 974
14416.5 4808.2 8926.68 0.152369 975
13636.7 1517.2 8926.68 -0.204203 975
13565.8 1217.78 8926.68 -0.238475 975
13632.9 1518.09 8926.68 -0.204149 976
13561.3 1215.85 8926.68 -0.238745 976
13630.5 1517.59 8926.68 -0.204215 977
13559 1215.89 8926.68 -0.238751 977
14409.2 4807.13 8926.68 0.152223 978
13629.3 1517.12 8926.68 -0.204252 978
13557.9 1215.79 8926.68 -0.238744 978
13629.1 1516.14 8926.68 -0.204364 979
13557.7 1214.89 8926.68 -0.238848 979
14408.7 4804.44 8926.68 0.152037 980
13629.8 1517.59 8926.68 -0.204114 980
14410.1 4806.76 8926.68 0.152309 981
13630.5 1517.13 8926.68 -0.204114 981
13559 1215.35 8926.68 -0.238657 981
13631.9 1514.81 8926.68 -0.204277 982
12694.9 1431.67 8034.01 -0.237869 982
13632.8 1514.86 8926.68 -0.204225 983
13632.6 1513.95 8926.68 -0.204329 984
13561.6 1214.05 8926.68 -0.238657 984
14413.6 4803.87 8926.68 0.152219 985
13634.1 1514.21 8926.68 -0.204224 985
13563.2 1214.86 8926.68 -0.238488 985
14414.7 4804.72 8926.68 0.15235 986
13635.1 1514.71 8926.68 -0.204111 986
13563.6 1212.93 8926.68 -0.238654 986
13635.5 1515.05 8926.68 -0.20405 987
13564.1 1213.73 8926.68 -0.238542 987
15604.2 4982.66 10042.5 0.151973 988
13635.5 1513.81 8926.68 -0.204161 988
13564.1 1212.48 8926.68 -0.238652 988
14414.3 4800.7 8926.68 0.152001 989
13635.7 1514.79 8926.68 -0.204049 989
14414.3 4800.41 8926.68 0.151991 990
13635.6 1514.08 8926.68 -0.204109 990
13635.4 1513.49 8926.68 -0.20416 991
13564.4 1213.63 8926.68 -0.238484 991
13635.3 1513.39 8926.68 -0.20416 992
12698.4 1430.63 8034.01 -0.237692 992
13635.2 1512.87 8926.68 -0.204219 993
12698.2 1429.81 8034.01 -0.237796 993
14414.7 4802.5 8926.68 0.152223 994
13634.8 1511.48 8926.68 -0.204375 994
13564.1 1213 8926.68 -0.23854 994
14414.9 4803.4 8926.68 0.152316 995
13635.5 1514.29 8926.68 -0.204048 995
13564.1 1212.96 8926.68 -0.23854 995
13635.3 1513.31 8926.68 -0.20416 996
13563.6 1211.08 8926.68 -0.238755 996
13635.1 1512.72 8926.68 -0.20422 997
13563.8 1211.99 8926.68 -0.238644 997
14414.7 4802.81 8926.68 0.152264 998
13635.5 1514.64 8926.68 -0.204001 998
12697.7 1428.32 8034.01 -0.237967 998
13634.9 1512.24 8926.68 -0.204271 999
14415 4804.18 8926.68 0.152404 1000
13635 1512.66 8926.68 -0.20422 1000
12697.8 1428.73 8034.01 -0.237907 1000
14415.1 4804.6 8926.68 0.152449 1001
13635.6 1515.08 8926.68 -0.203941 1001
13564 1212.81 8926.68 -0.23854 1001
13635.1 1513.14 8926.68 -0.20416 1002
13635.4 1514.09 8926.68 -0.204048 1003
12697.5 1427.72 8034.01 -0.238027 1003
14414.9 4804.07 8926.68 0.152401 1004
13635.2 1513.53 8926.68 -0.204112 1004
12697.4 1427.28 8034.01 -0.238083 1004
13635.1 1513.1 8926.68 -0.20416 1005
14415 4804.5 8926.68 0.152449 1006
13635.1 1513.06 8926.68 -0.204159 1006
13563.7 1211.73 8926.68 -0.238651 1006
13635 1512.52 8926.68 -0.20422 1007
13563.4 1210.33 8926.68 -0.238811 1007
14414.6 4802.59 8926.68 0.152264 1008
13635.2 1513.48 8926.68 -0.204108 1008
13563.5 1210.8 8926.68 -0.238755 1008
13635.3 1513.99 8926.68 -0.204048 1009
13563.7 1211.74 8926.68 -0.238644 1010
14414.5 4802.12 8926.68 0.152223 1011
13635.2 1513.4 8926.68 -0.204112 1011
13563.7 1211.65 8926.68 -0.238651 1011
12697.5 1427.61 8034.01 -0.238023 1012
13635 1512.44 8926.68 -0.20422 1013
13564 1213.02 8926.68 -0.238492 1013
14414.8 4803.42 8926.68 0.152353 1014
13634.9 1511.99 8926.68 -0.204271 1014
12697.9 1429.32 8034.01 -0.237803 1014
15603.6 4980.95 10042.5 0.1519 1015
13635.3 1513.82 8926.68 -0.20406 1015
12697.4 1427.25 8034.01 -0.238066 1015
13635 1512.42 8926.68 -0.20422 1016
14414.8 4803.47 8926.68 0.15236 1017
13635.1 1512.94 8926.68 -0.204159 1017
13635.2 1513.35 8926.68 -0.204112 1018
12697.7 1428.48 8034.01 -0.237907 1018
15603.6 4980.93 10042.5 0.1519 1020
13635.2 1513.45 8926.68 -0.2041 1020
13635.3 1513.8 8926.68 -0.20406 1021
13635.3 1513.9 8926.68 -0.204048 1022
12698.1 1430.16 8034.01 -0.237692 1022
13635.2 1513.37 8926.68 -0.204108 1023
12696.6 1423.71 8034.01 -0.238512 1024
14414.7 4803 8926.68 0.152316 1025
13635.4 1514.41 8926.68 -0.203988 1025
12697.9 1429.27 8034.01 -0.237803 1025
13634.6 1511.04 8926.68 -0.204374 1026
13563.3 1210.2 8926.68 -0.238811 1026
13635.1 1512.97 8926.68 -0.204145 1027
15603.3 4979.77 10042.5 0.151806 1028
13635.1 1512.87 8926.68 -0.204157 1028
13564.3 1213.9 8926.68 -0.238378 1028
14414.5 4802.01 8926.68 0.152226 1029
12697.6 1427.97 8034.01 -0.23796 1029
13635.1 1512.84 8926.68 -0.204157 1030
13634.7 1511.4 8926.68 -0.204323 1031
13563.9 1212.47 8926.68 -0.23854 1031
14415.1 4805.44 8926.68 0.152573 1032
13635.6 1514.96 8926.68 -0.203912 1032
13564.2 1213.59 8926.68 -0.238407 1032
14414.5 4802.04 8926.68 0.152233 1033
13635 1512.3 8926.68 -0.204217 1033
13563.4 1210.06 8926.68 -0.238812 1033
15603.8 4981.78 10042.5 0.151985 1034
13635 1512.29 8926.68 -0.20422 1034
13635.2 1513.21 8926.68 -0.204108 1035
13563.8 1211.88 8926.68 -0.238599 1035
13636.5 1480.27 8926.68 -0.207995 1036
13474.3 4615.81 8034.01 0.147484 1036
12698.7 1399.35 8034.01 -0.24175 1036
13645.2 1487.54 8926.68 -0.207195 1037
12707.6 1405.92 8034.01 -0.240943 1037
13654.1 1487.73 8926.68 -0.207308 1038
13582.2 1188.07 8926.68 -0.241633 1038
13657.1 1490.42 8926.68 -0.207096 1039
13584.9 1189.37 8926.68 -0.24158 1039
13659.6 1492.74 8926.68 -0.20705 1040
13660 1494.13 8926.68 -0.207004 1041
13587.7 1193.12 8926.68 -0.241484 1041
14449.7 4773.17 8926.68 0.148333 1042
13656.6 1484.34 8926.68 -0.208357 1042
13584.6 1185.66 8926.68 -0.242578 1042
14448.4 4772.35 8926.68 0.148064 1043
13656 1487.16 8926.68 -0.20825 1043
13665.2 1417.57 8926.68 -0.214734 1044
12727.2 1343.5 8034.01 -0.248422 1044
13670.1 1499.78 8926.68 -0.206303 1045
12732.6 1417.75 8034.01 -0.239999 1045
14452.6 4789.02 8926.68 0.14991 1046
13665.7 1502.14 8926.68 -0.206422 1046
12728 1419.4 8034.01 -0.24022 1046
13669.5 1416.79 8926.68 -0.214595 1047
13595.2 1117.19 8926.68 -0.248975 1047
13676.3 1491.08 8926.68 -0.206695 1048
13661.4 1485.92 8926.68 -0.208071 1049
12724.1 1406.47 8034.01 -0.241647 1049
13657.6 1489.59 8926.68 -0.207958 1050
13584.9 1188.09 8926.68 -0.242501 1050
14447.4 4777.42 8926.68 0.148357 1051
13654.1 1489.09 8926.68 -0.208267 1051
12716.6 1408.95 8034.01 -0.241954 1051
13651.6 1493.79 8926.68 -0.208109 1052
13579.5 1194.66 8926.68 -0.242381 1052
13651.7 1497.44 8926.68 -0.207837 1053
12713.5 1414.72 8034.01 -0.241804 1053
13651.3 1495.22 8926.68 -0.208301 1054
13578.4 1193.33 8926.68 -0.242892 1054
13651.2 1494.77 8926.68 -0.208353 1055
12713.4 1413.87 8034.01 -0.242148 1055
13651.8 1496.9 8926.68 -0.208197 1056
13653.4 1500.29 8926.68 -0.207949 1057
12714 1413.06 8034.01 -0.242504 1057
15635.2 4956 10042.5 0.14759 1058
13654.3 1500.46 8926.68 -0.208091 1059
13581.3 1197.65 8926.68 -0.242785 1059
14447.1 4786.66 8926.68 0.148265 1060
13655.1 1502.6 8926.68 -0.207888 1060
13654.8 1501.63 8926.68 -0.207999 1061
13654.7 1500.3 8926.68 -0.208192 1062
14447.8 4788.29 8926.68 0.14836 1063
13655.2 1501.83 8926.68 -0.208053 1063
14448.3 4789.27 8926.68 0.1484 1064
13655.5 1502.33 8926.68 -0.20806 1064
14447.3 4785.47 8926.68 0.148002 1065
13655.9 1503.62 8926.68 -0.207942 1065
13655.6 1502.65 8926.68 -0.208053 1066
14448.2 4789.11 8926.68 0.14836 1066
14446.3 4806.21 8926.68 0.150059 1067
14448.9 4791.61 8926.68 0.148456 1069
14449 4790.74 8926.68 0.148354 1070
14448.2 4788.11 8926.68 0.148086 1071
14278 4082.68 8926.68 0.076745 1071
14448.8 4791.37 8926.68 0.148402 1072
14448.1 4788.71 8926.68 0.148128 1073
14448.6 4790.53 8926.68 0.148302 1074
14445.1 4804.85 8926.68 0.149766 1075
14446.2 4809.62 8926.68 0.150189 1076
14448.7 4790.73 8926.68 0.148186 1077
14449.2 4792.91 8926.68 0.148401 1078
13342.7 4032.51 8034.01 0.0790165 1079
15635.4 4984.17 10042.5 0.149597 1079
14447 4812.11 8926.68 0.150283 1080
14446 4807.52 8926.68 0.149772 1081
14447.5 4813.82 8926.68 0.150365 1082
14446.6 4810.04 8926.68 0.149969 1083
14446.5 4809.57 8926.68 0.149922 1084
14446.6 4810.26 8926.68 0.149969 1085
13342.6 4031.92 8034.01 0.0787527 1085
14447.7 4814.66 8926.68 0.150363 1086
13341.8 4028.04 8034.01 0.0782603 1086
14448.1 4816.25 8926.68 0.150503 1087
14448 4816.13 8926.68 0.150455 1089
14448 4813.33 8926.68 0.150148 1090
14446.5 4810.33 8926.68 0.149857 1091
14447.7 4815.29 8926.68 0.15033 1092
14446.8 4811.6 8926.68 0.149968 1093
13399.2 4268.9 8034.01 0.10563 1093
15400.8 4003.29 10042.5 0.0605577 1094
14447.9 4815.76 8926.68 0.150363 1094
14447.5 4814.08 8926.68 0.150193 1095
14448.1 4816.35 8926.68 0.150411 1096
15636.4 4987.88 10042.5 0.149626 1097
14448 4816.03 8926.68 0.150366 1098
14447.4 4813.7 8926.68 0.150137 1099
14447.5 4813.88 8926.68 0.150148 1100
14447.8 4815.19 8926.68 0.150274 1101
14449.9 4795.27 8926.68 0.148291 1102
15638.9 4966.29 10042.5 0.147691 1103
14042.5 3107.14 8926.68 -0.0279919 1104
14450 4796.27 8926.68 0.148429 1104
15638.4 4965.25 10042.5 0.147696 1105
14449.7 4795.77 8926.68 0.148479 1107
14448.2 4789.5 8926.68 0.14789 1108
14447 4812.76 8926.68 0.150263 1109
13342 4009.66 8034.01 0.0762121 1110
13657 1508 8926.68 -0.208051 1110
13583.9 1205.11 8926.68 -0.242754 1110
14449.7 4795.18 8926.68 0.148482 1112
13656.9 1508.04 8926.68 -0.20794 1114
13092.4 2975.26 8034.01 -0.0469672 1115
12717.7 1421.66 8034.01 -0.242362 1115
13341.4 4007.41 8034.01 0.0760976 1116
13656.6 1507.13 8926.68 -0.208004 1116
13583.4 1203.66 8926.68 -0.242775 1116
14449.2 4793.4 8926.68 0.148397 1117
13656.3 1506.01 8926.68 -0.208115 1117
13583.5 1204 8926.68 -0.242718 1117
14278.3 4084.98 8926.68 0.0767763 1118
13656.6 1507.3 8926.68 -0.207952 1118
13583.7 1204.76 8926.68 -0.242614 1118
13656.2 1505.75 8926.68 -0.208114 1119
14449.1 4793.14 8926.68 0.148398 1119
13583.5 1204.29 8926.68 -0.242654 1119
14448.3 4789.89 8926.68 0.148125 1124
14448.4 4790.13 8926.68 0.148163 1125
13656.3 1506.01 8926.68 -0.208002 1127
14448.7 4791.56 8926.68 0.148314 1127
13656.3 1505.96 8926.68 -0.208002 1128
13583.1 1202.49 8926.68 -0.242773 1128
13656.1 1504.91 8926.68 -0.208114 1129
13583.2 1202.93 8926.68 -0.242713 1129
13656.2 1505.32 8926.68 -0.208062 1130
14448.8 4791.74 8926.68 0.148347 1130
13583.2 1202.86 8926.68 -0.242717 1130
13656.1 1504.87 8926.68 -0.208114 1131
13583 1201.99 8926.68 -0.242817 1131
13656 1504.84 8926.68 -0.208114 1132
13583.1 1202.48 8926.68 -0.242757 1132
13656 1504.81 8926.68 -0.208114 1133
13583 1201.93 8926.68 -0.242817 1133
13655.9 1504.35 8926.68 -0.208161 1134
13583.4 1203.79 8926.68 -0.242597 1134
13656.4 1506.26 8926.68 -0.207943 1135
13583.1 1202.41 8926.68 -0.242757 1135
13656.1 1505.18 8926.68 -0.208062 1136
12718.2 1423.61 8034.01 -0.241909 1136
13656.3 1505.79 8926.68 -0.20799 1137
13583.4 1203.84 8926.68 -0.242586 1137
14449.4 4794.1 8926.68 0.148598 1138
13656.3 1505.77 8926.68 -0.20799 1138
13583.7 1204.73 8926.68 -0.242482 1138
14448.3 4789.81 8926.68 0.148177 1139
13656.5 1506.62 8926.68 -0.207891 1139
13583.2 1202.81 8926.68 -0.242701 1139
13656.1 1505.21 8926.68 -0.20805 1140
13583.4 1203.79 8926.68 -0.242586 1140
13656.1 1505.2 8926.68 -0.20805 1141
12718.1 1423.18 8034.01 -0.241953 1141
15638.7 4966.46 10042.5 0.148086 1142
13655.9 1504.22 8926.68 -0.208162 1142
13583.3 1203.25 8926.68 -0.242645 1142
14448.8 4791.6 8926.68 0.148358 1143
13656.2 1505.6 8926.68 -0.208002 1143
13583.5 1204.25 8926.68 -0.24253 1143
14448.5 4790.72 8926.68 0.148273 1144
13656.2 1505.7 8926.68 -0.20799 1144
14448.9 4792.11 8926.68 0.148409 1145
13656.2 1505.69 8926.68 -0.20799 1145
13584 1206.04 8926.68 -0.242323 1145
13655.9 1504.19 8926.68 -0.208161 1146
13583.3 1203.22 8926.68 -0.242645 1146
14411.1 4635.24 8926.68 0.132877 1147
13656.1 1505.11 8926.68 -0.208051 1147
12718.7 1425.6 8034.01 -0.241636 1147
13655.8 1503.63 8926.68 -0.208222 1148
13582.8 1201.31 8926.68 -0.242861 1148
14448.8 4791.65 8926.68 0.148369 1149
13656.1 1505.12 8926.68 -0.20805 1149
13583.6 1204.68 8926.68 -0.242474 1149
15638.2 4964.16 10042.5 0.147891 1150
13656 1504.67 8926.68 -0.208102 1150
12718.7 1425.67 8034.01 -0.241627 1150
13655.9 1504.15 8926.68 -0.208162 1151
13583.4 1203.7 8926.68 -0.242586 1151
13656 1504.59 8926.68 -0.20811 1152
13583.6 1204.6 8926.68 -0.242482 1152
13656.4 1506.5 8926.68 -0.207891 1153
13583.6 1204.6 8926.68 -0.242482 1153
13656 1504.67 8926.68 -0.208102 1154
13583.7 1205.19 8926.68 -0.242414 1154
14448.6 4791.08 8926.68 0.148314 1155
13655.5 1502.71 8926.68 -0.208325 1155
13583.6 1204.66 8926.68 -0.242474 1155
13656.1 1505 8926.68 -0.208062 1156
13656.1 1505.11 8926.68 -0.20805 1157
13583.5 1204.18 8926.68 -0.24253 1157
14411.1 4635.38 8926.68 0.132893 1158
13656.1 1505.11 8926.68 -0.20805 1158
13655.9 1504.24 8926.68 -0.208145 1159
13583.5 1203.84 8926.68 -0.242566 1159
13660 1522.54 8926.68 -0.206118 1160
12722.3 1439.46 8034.01 -0.239925 1160
13659.9 1521.56 8926.68 -0.206283 1161
13588.3 1221.99 8926.68 -0.240591 1161
15638.1 4963.58 10042.5 0.147737 1162
13657 1507.4 8926.68 -0.207929 1162
12719.2 1426.05 8034.01 -0.241733 1162
13656.8 1506.35 8926.68 -0.208049 1163
12719.3 1426.49 8034.01 -0.241677 1163
14448.6 4789.86 8926.68 0.148083 1164
13656.5 1505.67 8926.68 -0.208116 1164
14449.1 4792.43 8926.68 0.148353 1165
13656.4 1506.02 8926.68 -0.208055 1165
13655.9 1504.01 8926.68 -0.208276 1166
13656.3 1505.88 8926.68 -0.208053 1167
13584 1206.34 8926.68 -0.242373 1167
13656.1 1505.29 8926.68 -0.208112 1168
12718.7 1425.93 8034.01 -0.241684 1168
13656.1 1505.17 8926.68 -0.208111 1169
13584.4 1208.06 8926.68 -0.242152 1169
13655.9 1504.67 8926.68 -0.208162 1170
13583.7 1205.19 8926.68 -0.242475 1170
13656.3 1505.78 8926.68 -0.208026 1171
12718.3 1424.05 8034.01 -0.24189 1171
13656 1504.65 8926.68 -0.208147 1172
12718.3 1423.97 8034.01 -0.241891 1172
13656.3 1505.97 8926.68 -0.207992 1173
13583.9 1205.9 8926.68 -0.242372 1173
13656.2 1505.43 8926.68 -0.20805 1174
12718.6 1425.1 8034.01 -0.241738 1174
13656.5 1506.76 8926.68 -0.207891 1175
13655.8 1503.85 8926.68 -0.208222 1176
12718.6 1425.45 8034.01 -0.241683 1176
15638.1 4963.97 10042.5 0.147857 1177
13656 1504.8 8926.68 -0.20811 1177
-nan -nan inf -nan 1178
13656.4 1506.33 8926.68 -0.207927 1178
13583.3 1203.04 8926.68 -0.242677 1178
13655.8 1503.54 8926.68 -0.208241 1179
12718.7 1425.4 8034.01 -0.24167 1179
13658.7 1512.15 8926.68 -0.207127 1180
12721.1 1430.55 8034.01 -0.240867 1180
13659.6 1513.05 8926.68 -0.206916 1181
15637.6 4972.8 10042.5 0.148887 1181
12721.8 1430.28 8034.01 -0.240779 1181
13660.2 1513.15 8926.68 -0.206809 1182
12722.3 1430.41 8034.01 -0.240656 1182
15638 4970.72 10042.5 0.148842 1183
13660.2 1511.54 8926.68 -0.20691 1183
13587.9 1210.49 8926.68 -0.241394 1183
13588.2 1209.41 8926.68 -0.24137 1184
14449.2 4795.96 8926.68 0.149429 1185
13660.1 1508.7 8926.68 -0.206979 1185
13587.7 1207.2 8926.68 -0.241515 1185
14448.8 4794.81 8926.68 0.149352 1186
13659.7 1507.43 8926.68 -0.207083 1186
12722.2 1426.16 8034.01 -0.240775 1186
13659.7 1508.19 8926.68 -0.20692 1187
12722.3 1427.21 8034.01 -0.240557 1187
13659.6 1507.66 8926.68 -0.20698 1188
13656.8 1499.26 8926.68 -0.208031 1189
13584.2 1198.33 8926.68 -0.242511 1189
13655.3 1499.42 8926.68 -0.208167 1190
13655.3 1501.46 8926.68 -0.207994 1191
12717 1418.32 8034.01 -0.242033 1191
13525.6 4160.17 8034.01 0.10061 1209
14563.2 4700.35 8926.68 0.145652 1209
13470.4 3916.18 8034.01 0.0725313 1209
12156.7 1422.23 7303.65 -0.258608 1209
12926.5 1514.64 8034.01 -0.223196 1209
15771 4889.56 10042.5 0.148245 1210
14927.3 1055.74 10042.5 -0.223633 1210
14847.7 693.897 10042.5 -0.260318 1210
13920.6 1168.45 8926.68 -0.236082 1211
14753 4561.74 8926.68 0.138771 1212
14717.8 4398.6 8926.68 0.12228 1212
14410.6 989.595 8926.68 -0.245019 1216
12385.5 4433.71 6180.01 0.191282 1217
13920 1053.83 8034.01 -0.254268 1220
13999.2 1376.49 8034.01 -0.213175 1220
13309.6 1517.15 7303.65 -0.214105 1221
13237.2 1223.96 7303.65 -0.255165 1221
12658.7 1381.76 6695.01 -0.254092 1222
13313 1514.85 7303.65 -0.214154 1223
14000.8 1355.08 8034.01 -0.214801 1225
13216.8 1224.04 7303.65 -0.254943 1225
13185.6 1222.02 7303.65 -0.255813 1226
13947.3 1362.89 8034.01 -0.214825 1227
13869.3 1044.94 8034.01 -0.255318 1227
14822.4 1210.51 8926.68 -0.210761 1228
15856.2 530.308 10042.5 -0.255672 1229
14025.5 1394.4 8034.01 -0.209554 1230
13761.3 3038.36 7303.65 -0.00371362 1231
13357.8 1509.55 7303.65 -0.213145 1231
12691.7 1370.76 6695.01 -0.254162 1231
13762.8 3050.72 7303.65 -0.00173415 1232
13363.8 1517.79 7303.65 -0.211646 1232
13288.1 1227.1 7303.65 -0.252469 1232
13446.5 1856.7 7303.65 -0.164352 1233
14511.1 3049.88 8034.01 -0.00176278 1233
13360 1522.78 7303.65 -0.211049 1233
14507.4 3051.66 8034.01 -0.00163443 1234
13356.8 1528 7303.65 -0.210417 1234
13280.9 1235.92 7303.65 -0.251429 1234
14093.7 1359.19 8034.01 -0.212166 1235
14985.7 1198.97 8926.68 -0.208857 1236
14891.5 841.817 8926.68 -0.249968 1236
16083.5 968.39 10042.5 -0.208516 1237
14896.4 845.742 8926.68 -0.249272 1237
15015.5 1215.82 8926.68 -0.206035 1238
14916.3 849.982 8926.68 -0.248198 1238
16254 1004.57 10042.5 -0.200655 1241
16413.5 946.098 10042.5 -0.201507 1242
16641.5 929.99 10042.5 -0.196273 1244
15413.2 758.207 8926.68 -0.24163 1244
13596.7 1531.86 6695.01 -0.191037 1246
14942 892.282 8034.01 -0.233905 1247
15074.3 1262.97 8034.01 -0.186079 1247
14276.9 1403.18 6180.01 -0.149584 1255
13676.9 1172.59 5738.58 -0.202825 1255
14362.5 1355.13 6180.01 -0.149314 1256
13761 1122.35 5738.58 -0.20292 1256
13697.2 1438.6 5356.01 -0.140656 1257
13221.8 1214.69 5021.26 -0.195863 1257
13486.8 2260.37 4725.89 0.0143718 1258
13031.9 1905.16 4463.34 -0.057491 1258
13439.2 1457.97 5021.26 -0.137322 1258
13012.2 1240.24 4725.89 -0.193078 1258
12876.4 1917.23 4228.43 -0.0483335 1259
13526 1431.49 5021.26 -0.134052 1259
13096.8 1203.61 4725.89 -0.191718 1259
13623.4 1422.5 5021.26 -0.12743 1260
13194.9 1190.11 4725.89 -0.185458 1260
13720.5 1405.17 5021.26 -0.122995 1261
13290.6 1164.92 4725.89 -0.182317 1261
14354.5 1742.12 5356.01 -0.045472 1262
13837.4 1395.86 5021.26 -0.115175 1262
13404.5 1143.75 4725.89 -0.176323 1262
15099.6 2237.71 5738.58 0.0437481 1263
14299 1347.31 5356.01 -0.107892 1263
13818 1077.45 5021.26 -0.169274 1263
15712.8 2273.51 6180.01 0.0520595 1264
15471.7 1711.62 6180.01 -0.0299624 1264
14415.7 1340.37 5356.01 -0.101102 1264
13930.9 1059.39 5021.26 -0.164045 1264
13845.7 1066.72 4725.89 -0.155104 1265
13364.1 1959.17 3825.72 0.0399773 1266
14098.8 1387.12 4725.89 -0.0796333 1266
13693.4 1105.66 4463.34 -0.146737 1266
13764.2 1913.67 4017 0.0434353 1267
15127.5 1695.03 5356.01 -0.0038612 1267
14279.9 1317.68 4725.89 -0.0794446 1267
13633.4 1072.21 4228.43 -0.146385 1267
14017.6 1372.05 4463.34 -0.0724554 1268
13642.1 1092.53 4228.43 -0.14156 1268
13510.6 1114.13 4017 -0.135791 1269
14739 1759.62 4725.89 0.0269456 1270
13492.9 1120.55 3825.72 -0.123952 1270
14454.4 1366.79 4463.34 -0.0394902 1271
13850.1 1078.04 4017 -0.11333 1271
13695.6 1432.79 3651.82 -0.0228145 1272
14242.1 1796.99 4017 0.0605122 1272
13258.5 1173.15 3347.5 -0.0988187 1272
13625.4 1428.78 3493.05 -0.0157182 1273
13356.3 1157.11 3347.5 -0.0934577 1273
13730.1 1407.55 3493.05 -0.0119936 1274
13317.6 1142.73 3213.6 -0.0909894 1274
13687.3 1423.22 3347.5 0.00161417 1275
13299.2 1155.02 3090 -0.0796633 1275
13641.6 1402.91 3213.6 0.00735101 1276
13277.9 1141.39 2975.56 -0.0741434 1276
13831.6 1399.92 3213.6 0.0258307 1277
13353.4 1130.7 2869.29 -0.0577186 1277
13777.3 1388.25 3090 0.0311956 1278
13429.4 1114.84 2869.29 -0.0540112 1278
13728.5 1391.99 2975.56 0.0407229 1279
13503 1117.08 2869.29 -0.0451895 1279
13473.5 1138.96 2770.35 -0.031715 1280
13806.2 1416.92 2975.56 0.0547836 1280
13538.3 1132.02 2770.35 -0.0260495 1281
13568.5 1136.91 2678 -0.00997518 1282
13560.9 1113.01 2591.62 -0.00579063 1283
13494.4 1163.31 2510.63 0.0120185 1284
13380.8 1139.39 2362.94 0.0116133 1285
13049 1068.4 1639.59 0.0846726 1298
13000.8 1025.78 1575.3 0.0715134 1300
12981.9 1032.26 1515.85 0.0840514 1302
12948.6 1033.62 1460.73 0.090459 1303
12895 1015.39 1385.17 0.0859186 1304
12852.6 1014.62 1317.05 0.0915399 1305
13073.2 1218.37 1487.78 0.20026 1305
12806.9 986.925 1255.31 0.0765816 1306
12771.5 991.355 1199.11 0.0831457 1307
12725.6 991.267 1131.55 0.0865693 1308
12902.1 1167.51 1275.24 0.199573 1308
12754.9 983.07 1115.83 0.0756606 1309
12721.5 957.695 1085.68 0.0559112 1310
12846.3 994.55 1147.72 0.0737409 1311
12738.8 939.829 1043.38 0.0312087 1312
12713.2 935.905 991.853 0.0214314 1313
12703.4 976.227 945.178 0.0525983 1314
12833.4 973.131 1016.96 0.0244717 1315
13064.8 1167.16 1255.31 0.168042 1315
12809.1 950.517 991.853 0.00334366 1316
12800 967.616 956.43 0.00807372 1317
13014.1 1152.96 1181.47 0.157091 1317
12794.7 981.576 923.449 0.00980797 1318
13004.3 1165.05 1147.72 0.161448 1318
13224.3 1383.39 1385.17 0.284792 1318
12838.5 982.679 902.698 -0.0174938 1319
13060.7 1172.93 1147.72 0.145339 1319
13294.5 1402.95 1409.48 0.277071 1319
13452.4 1716.51 1606.8 0.426829 1319
13488.7 1955.33 1673.75 0.534998 1319
12811.4 962.906 873.262 -0.0391187 1320
13031.8 1147.61 1115.83 0.127417 1320
13297.7 1378.64 1409.48 0.260582 1320
13525.4 1949.22 1709.36 0.522401 1320
12826.6 980.017 854.682 -0.0378373 1321
13046.7 1167.11 1100.55 0.132758 1321
13538.7 1976.09 1709.36 0.532226 1321
12910.9 962.966 902.698 -0.0676641 1322
13158.6 1168.25 1181.47 0.113017 1322
13453.6 1426.91 1515.85 0.255895 1322
13744.3 2082.66 1912.86 0.5269 1322
12873 997.131 803.401 -0.0714004 1323
13135.7 1195.26 1100.55 0.117161 1323
13424.7 1449.4 1434.64 0.264713 1323
13598.5 1791.99 1673.75 0.426745 1323
13693.6 2085.99 1825.91 0.541767 1323
13813.5 2410.49 2008.5 0.637187 1323
12836.8 983.019 765.144 -0.0909736 1324
13095.5 1174.96 1057.11 0.103261 1324
13380.2 1420.17 1385.17 0.253181 1324
13539.3 1747.59 1606.8 0.417366 1324
13660.2 2046.66 1785.34 0.533266 1324
13774 2358.81 1959.51 0.62899 1324
12938.8 980.915 828.248 -0.104407 1325
13218.7 1194.87 1147.72 0.0976158 1325
13535.2 1468.68 1515.85 0.252514 1325
13729 1840.94 1785.34 0.419878 1325
13881 2187.64 2008.5 0.537574 1325
14028.2 2556.5 2231.67 0.634507 1325
12954.3 1018.39 757.925 -0.122698 1326
13210.1 1227.27 1057.11 0.0919918 1326
13531.1 1498.42 1434.64 0.254758 1326
13721.7 1866.31 1709.36 0.427871 1326
13890.3 2220.75 1959.51 0.5482 1326
14018.7 2577.83 2171.35 0.646993 1326
13288.9 1240.77 1085.68 0.0777845 1327
13627.7 1529.93 1487.78 0.249001 1327
13830.6 1922.38 1785.34 0.42752 1327
14013.1 2302.73 2060 0.550731 1327
14153.8 2687.28 2295.43 0.651134 1327
13215.1 1222.42 979.757 0.0546964 1328
13558.8 1500.24 1385.17 0.235834 1328
13786.8 1891.01 1709.36 0.42053 1328
13946.3 2251.78 1959.51 0.547383 1328
14118.6 2648.56 2231.67 0.649041 1328
13219.5 1231.65 956.43 0.0518857 1329
13561.7 1509.11 1361.7 0.236542 1329
13776 1894.55 1673.75 0.423946 1329
13965.5 2271 1959.51 0.551393 1329
14134.7 2668.97 2231.67 0.65368 1329
13286.7 1239.41 991.853 0.0448953 1330
13660.6 1537.13 1434.64 0.234871 1330
13866.9 1940.4 1746.52 0.425823 1330
14029 2316.86 2008.5 0.555421 1330
14205.9 2731.33 2295.43 0.658456 1330
13247.5 1234.64 923.449 0.0294006 1331
13618.4 1523.41 1361.7 0.227089 1331
13858.9 1931.84 1709.36 0.422113 1331
14053.1 2325.68 2008.5 0.553754 1331
14227.8 2742.14 2295.43 0.658374 1331
13612.3 1522.87 1317.05 0.223192 1332
13858.9 1933.34 1673.75 0.423592 1332
14038.6 2320.07 1959.51 0.558095 1332
14252.8 2765.09 2295.43 0.663515 1332
13286.6 1232.9 902.698 0.00706859 1333
13672.7 1535.59 1361.7 0.220491 1333
13905.2 1955.98 1709.36 0.424738 1333
14092.8 2357.26 2008.5 0.560667 1333
14261.5 2777.96 2295.43 0.66714 1333
13294.4 1239.68 892.668 0.00704548 1334
13665.7 1542.92 1339 0.224433 1334
13884.1 1957.12 1673.75 0.430548 1334
14101.5 2374.37 2008.5 0.566581 1334
14267 2796.83 2295.43 0.673503 1334
13301.2 1241.75 882.858 0.00147129 1335
13682 1546.95 1339 0.22175 1335
13899.4 1962.98 1673.75 0.429567 1335
14280.9 2804.93 2295.43 0.673941 1335
14072.9 2355.67 1959.51 0.567159 1335
13329.1 1232.81 892.668 -0.0163117 1336
13700.3 1539.64 1339 0.209884 1336
13919.6 1956.98 1673.75 0.420402 1336
14095.3 2349.95 1959.51 0.559173 1336
14306.1 2798.16 2295.43 0.666364 1336
13626 1535.57 1236 0.205461 1337
13825.9 1924.21 1545 0.418862 1337
14001.3 2296.82 1825.91 0.558379 1337
14174.8 2699.82 2114.21 0.666815 1337
13739.5 1889.31 1434.64 0.415816 1338
13882.2 2223.92 1673.75 0.556253 1338
14058.2 2606.75 1959.51 0.664987 1338
13546.5 1516.51 1100.55 0.175171 1339
13702.5 1863.54 1361.7 0.399456 1339
13848.6 2190.13 1606.8 0.544082 1339
14002 2545.63 1868.37 0.655494 1339
13692.8 1873.23 1339 0.402269 1340
13827.8 2193.63 1575.3 0.54875 1340
13969.1 2538.37 1825.91 0.660825 1340
13505.1 1544.11 1030 0.184482 1341
13678.1 1891.47 1317.05 0.412903 1341
13800.7 2205.65 1545 0.560375 1341
13928.1 2541.48 1785.34 0.673363 1341
13656.8 1869.97 1275.24 0.40151 1342
13792.9 2184 1515.85 0.550282 1342
13883.4 2485.63 1709.36 0.66468 1342
13570 1544.69 1057.11 0.162963 1343
13751.7 1908.17 1361.7 0.398384 1343
13882.8 2237.93 1606.8 0.549661 1343
14021.2 2593.44 1868.37 0.665536 1343
13565.9 1537.2 1030 0.151073 1344
13747.1 1901.86 1339 0.393424 1344
13922.2 2259.28 1639.59 0.548039 1344
14064.4 2624.26 1912.86 0.66508 1344
13584.6 1545.61 1030 0.149128 1345
13783.2 1921.59 1361.7 0.394092 1345
13963.6 2290.26 1673.75 0.550482 1345
14111.4 2668.26 1959.51 0.66855 1345
13661.4 1552.32 1071.2 0.133863 1346
13857.4 1947.09 1409.48 0.386678 1346
14053.7 2338.02 1746.52 0.546333 1346
14218 2743.02 2060 0.666276 1346
13830.1 1931.21 1361.7 0.381165 1347
14005 2305.33 1673.75 0.544362 1347
14188.7 2715.52 2008.5 0.665189 1347
13821.9 1934.75 1339 0.383143 1348
14015.2 2318.49 1673.75 0.54728 1348
14155.6 2700.31 1959.51 0.669806 1348
13662.7 1556.21 1016.96 0.116598 1349
13880.9 1961.61 1385.17 0.382331 1349
14058.3 2350.24 1709.36 0.549351 1349
14246.9 2777.67 2060 0.672211 1349
13874.2 1959.06 1361.7 0.379844 1350
14041.3 2339.4 1673.75 0.548597 1350
14217.7 2753.39 2008.5 0.672308 1350
13831.2 1939.79 1295.81 0.375239 1351
14028.3 2327.69 1639.59 0.546019 1351
14192.3 2729.81 1959.51 0.671593 1351
13828.2 1935.99 1275.24 0.370428 1352
14015.7 2315.77 1606.8 0.543149 1352
14208.4 2733.87 1959.51 0.668727 1352
13821 1944.93 1255.31 0.375669 1353
14022.9 2334.12 1606.8 0.549566 1353
14173.1 2725.86 1912.86 0.676869 1353
13843.7 1939.63 1255.31 0.362062 1354
14016.8 2315.96 1575.3 0.54117 1354
14194.1 2723.88 1912.86 0.670031 1354
13833.3 1942.6 1217.27 0.361001 1355
14011 2320.64 1545 0.543859 1355
14173.8 2718.69 1868.37 0.6749 1355
13831 1949.11 1199.11 0.362425 1356
14022.9 2335.38 1545 0.546766 1356
14182.8 2734.96 1868.37 0.678833 1356
13865.4 1957.11 1217.27 0.355173 1357
14065.4 2354.07 1575.3 0.542017 1357
14234.4 2767.13 1912.86 0.675459 1357
13834.1 1943.59 1164.35 0.349408 1358
14029.9 2331.54 1515.85 0.540182 1358
14212.3 2747.99 1868.37 0.675158 1358
13833.3 1945.22 1147.72 0.346856 1359
14018.7 2326.57 1487.78 0.539977 1359
14189.6 2731.81 1825.91 0.676181 1359
13832 1955.36 1131.55 0.350501 1360
14005 2331.74 1460.73 0.54615 1360
14195.4 2752.17 1825.91 0.682788 1360
13865.3 1961.73 1147.72 0.341778 1361
14045.7 2347.91 1487.78 0.540135 1361
14212.4 2755.92 1825.91 0.678863 1361
13838 1948.91 1100.55 0.334847 1362
14014.4 2327.27 1434.64 0.53775 1362
14192.3 2737.83 1785.34 0.678247 1362
13825.3 1946.43 1057.11 0.327573 1363
14019.1 2328.58 1409.48 0.534131 1363
14185.4 2729.57 1746.52 0.677287 1363
13868.9 1967.84 1085.68 0.327492 1364
14051.5 2358.62 1434.64 0.538669 1364
14222.6 2773.87 1785.34 0.683308 1364
13834.2 1949.72 1030 0.316811 1365
14026.6 2335.4 1385.17 0.532078 1365
14208.8 2752.02 1746.52 0.678804 1365
13824.3 1949.78 1004.25 0.31432 1366
14018.7 2334.19 1361.7 0.532451 1366
14189.5 2740.73 1709.36 0.68067 1366
13847.1 1957.66 991.853 0.302614 1367
14049.5 2350.35 1361.7 0.527365 1367
14216.9 2759.78 1709.36 0.679163 1367
13831.1 1962.72 945.178 0.301281 1368
14011.3 2345.76 1295.81 0.535554 1368
14198.7 2770.11 1673.75 0.690573 1368
13818.1 1951.85 912.956 0.289206 1369
14014 2334.02 1275.24 0.525743 1369
14194.3 2746.76 1639.59 0.682351 1369
13861.3 1960.41 923.449 0.275229 1370
14060.4 2355.43 1295.81 0.519987 1370
14219.5 2762 1639.59 0.681014 1370
13889.6 1967.05 934.187 0.26939 1371
14074.4 2363.59 1295.81 0.519526 1371
14258.5 2793.01 1673.75 0.681786 1371
13875.6 1967.31 902.698 0.268816 1372
14066.4 2369.06 1275.24 0.525671 1372
14234.5 2792.11 1639.59 0.691452 1372
13875.6 1962.42 882.858 0.258417 1373
14069.6 2361.07 1255.31 0.518624 1373
14256.7 2794.08 1639.59 0.68547 1373
13870.3 1970.94 863.872 0.263365 1374
14061 2369.74 1236 0.527235 1374
14259.7 2815.22 1639.59 0.695084 1374
14067.2 2358.1 1217.27 0.516254 1375
14283.7 2814.53 1639.59 0.687103 1375
14078.9 2362.35 1199.11 0.513458 1376
14257.2 2792.44 1575.3 0.689254 1376
14460.8 3196.39 1959.51 0.777687 1376
14077.6 2361.61 1181.47 0.512778 1377
14270 2801.93 1575.3 0.689975 1377
14073.4 2362.22 1147.72 0.513489 1378
14268.5 2803.07 1545 0.693342 1378
14458.5 3196.16 1912.86 0.7832 1378
14037.7 2333.19 1085.68 0.505895 1379
14200.4 2734.58 1434.64 0.688629 1379
14026.6 2327.94 1057.11 0.50568 1380
14193 2727.33 1409.48 0.689359 1380
14044.6 2339.75 1043.38 0.506966 1381
14217.2 2748.93 1409.48 0.694368 1381
14359.2 3083.03 1709.36 0.786604 1381
14083.7 2361.2 1071.2 0.506656 1382
14287.1 2812.56 1487.78 0.698924 1382
14449.3 3183.22 1825.91 0.79248 1382
14099.8 2370.08 1071.2 0.506652 1383
14300.9 2824.73 1487.78 0.701498 1383
14525.2 3259.23 1912.86 0.794748 1383
14098.2 2369 1057.11 0.507373 1384
14310.1 2832.86 1487.78 0.703814 1384
14501.1 3236.96 1868.37 0.797796 1384
14115.9 2375.03 1057.11 0.505652 1385
14326.8 2841.4 1487.78 0.704242 1385
14549.7 3278.95 1912.86 0.798371 1385
14105 2371.42 1030 0.508753 1386
14315.6 2839.29 1460.73 0.710844 1386
14525.8 3265.15 1868.37 0.805146 1386
14119.4 2378.8 1030 0.50946 1387
14349.1 2867.65 1487.78 0.713557 1387
14536.8 3279.11 1868.37 0.809092 1387
14124 2376.77 1016.96 0.507 1388
14344.1 2857.31 1460.73 0.713601 1388
14553 3288.31 1868.37 0.809473 1388
14137.3 2386.23 1016.96 0.510012 1389
14396.8 2907.74 1515.85 0.718947 1389
14142.1 2384.52 1004.25 0.507772 1390
14412.9 2915.05 1515.85 0.718736 1390
14137.3 2380.21 979.757 0.508061 1391
14386.3 2890.22 1460.73 0.721597 1391
14133 2379.91 945.178 0.513006 1392
14369 2881.55 1409.48 0.731427 1392
14582.3 3328.76 1825.91 0.829226 1392
14138.5 2380.76 934.187 0.512762 1393
14125.7 2372.01 902.698 0.513221 1394
14132.3 2377.28 892.668 0.516894 1395
14122.4 2369.07 863.872 0.51659 1396
14338.7 2849.81 1295.81 0.744916 1396
14128.6 2372.59 854.682 0.518836 1397
14367.2 2876.25 1317.05 0.749041 1397
14591.5 3339.68 1746.52 0.848109 1397
14138.7 2373.51 845.685 0.516744 1398
14402.2 2899.76 1339 0.748947 1398
14610.7 3350.17 1746.52 0.848484 1398
14135.1 2372.63 811.516 0.522701 1399
14391.1 2896.6 1295.81 0.760713 1399
14603.9 3354.17 1709.36 0.860073 1399
14122 2364.85 780.001 0.525279 1400
14345 2855.02 1217.27 0.766732 1400
14545.5 3288.21 1606.8 0.865098 1400
14123.1 2369.67 765.144 0.533107 1401
14382.6 2904 1255.31 0.778684 1401
14597.9 3371.07 1673.75 0.877318 1401
14112 2365.25 737.065 0.538748 1402
14352 2878.81 1199.11 0.786432 1402
14562 3335.01 1606.8 0.884338 1402
14104.9 2357.94 692.587 0.543172 1403
14343.8 2866.63 1147.72 0.79547 1403
14549.7 3315.64 1545 0.892714 1403
14243 2891.07 1071.2 0.869805 1403
14118.5 2360.53 675.127 0.544278 1404
14383.4 2900.05 1164.35 0.801882 1404
14619.2 3394.89 1606.8 0.898963 1404
14106.4 2353.45 642.721 0.549719 1405
14115.4 2359.9 637.62 0.555588 1406
14105 2352.68 608.637 0.559847 1407
14114.7 2354.79 599.553 0.56087 1408
14370.7 2885.69 1071.2 0.826853 1408
14116.9 2357.11 586.424 0.567838 1409
14391 2912.97 1085.68 0.836099 1409
14105.7 2349.43 554.07 0.574365 1410
14365.7 2885.1 1030 0.844037 1410
14103 2352.59 518.323 0.596483 1411
14107.4 2352.53 505.284 0.600087 1412
14084.8 2337.75 461.725 0.609985 1413
14090 2339.71 448.827 0.618001 1414
