# x y d a f
13299.6 2552.25 4228.43 0.0986161 1
13823.1 1682.24 5021.26 -0.0762235 1
13715.7 1392.01 5021.26 -0.133513 1
13306.8 1138.14 4725.89 -0.196845 1
13822.4 1680.29 5021.26 -0.0766018 2
13715.5 1391.47 5021.26 -0.133619 2
13047.2 1192.96 4463.34 -0.196195 2
13822.6 1680.96 5021.26 -0.076473 3
13715.4 1391.25 5021.26 -0.133663 3
13306.6 1137.38 4725.89 -0.197011 3
12468.2 1966.89 3651.82 -0.0299471 4
13716 1392.82 5021.26 -0.13335 4
13047.1 1192.79 4463.34 -0.196233 4
13822.7 1681.2 5021.26 -0.0764253 4
13715.8 1392.29 5021.26 -0.133456 5
13047 1192.38 4463.34 -0.196329 5
13822.8 1681.43 5021.26 -0.0763813 5
12651.1 1959.91 3825.72 -0.0303132 6
13715.8 1392.34 5021.26 -0.133445 6
13047.1 1192.61 4463.34 -0.196275 6
13823 1681.86 5021.26 -0.0762975 6
13822.6 1680.84 5021.26 -0.0764959 7
13715.5 1391.56 5021.26 -0.133603 7
13047 1192.57 4463.34 -0.196283 7
13299.5 2551.79 4228.43 0.0985232 8
13823.1 1682.1 5021.26 -0.0762501 8
13715.6 1391.7 5021.26 -0.133574 8
13047.1 1192.79 4463.34 -0.196233 8
13715.4 1391.29 5021.26 -0.133655 9
13306.6 1137.63 4725.89 -0.196957 9
13822.8 1681.44 5021.26 -0.0763779 9
13823.1 1682.18 5021.26 -0.0762354 10
13715.4 1391.23 5021.26 -0.133668 10
13047.1 1192.76 4463.34 -0.196241 10
13821.7 1678.5 5021.26 -0.0769501 11
13715.4 1391.29 5021.26 -0.133655 11
13047.1 1192.61 4463.34 -0.196275 11
13822.1 1679.55 5021.26 -0.076745 12
13715.7 1392.06 5021.26 -0.133501 12
13047.1 1192.79 4463.34 -0.196233 12
12468 1966.13 3651.82 -0.0301425 13
13715.5 1391.57 5021.26 -0.133599 13
13306.6 1137.42 4725.89 -0.197004 13
14168.8 1651.81 5356.01 -0.076939 13
12468.5 1967.67 3651.82 -0.0297446 14
14169 1652.26 5356.01 -0.0768551 14
13715.4 1391.19 5021.26 -0.133675 14
13306.6 1137.44 4725.89 -0.197 14
13715.8 1392.35 5021.26 -0.133444 15
13047 1192.58 4463.34 -0.196283 15
13822.9 1681.69 5021.26 -0.0763305 15
13823.2 1682.44 5021.26 -0.0761841 16
13715.9 1392.53 5021.26 -0.133407 16
13047.1 1192.79 4463.34 -0.196233 16
12467.3 1964.39 3651.82 -0.0305931 17
13715.3 1391 5021.26 -0.133713 17
13047 1192.59 4463.34 -0.196279 17
13822.8 1681.48 5021.26 -0.07637 17
13823.2 1682.42 5021.26 -0.0761876 18
13715.5 1391.56 5021.26 -0.133603 18
13047.1 1192.79 4463.34 -0.196233 18
13715.8 1392.29 5021.26 -0.133456 19
13306.7 1137.67 4725.89 -0.19695 19
13822.8 1681.45 5021.26 -0.0763773 19
13823.4 1682.95 5021.26 -0.0760844 20
13715.7 1392.08 5021.26 -0.133497 20
13307.1 1138.91 4725.89 -0.196679 20
13823.3 1682.26 5021.26 -0.076216 21
13716 1392.39 5021.26 -0.133432 21
13307.1 1138.76 4725.89 -0.196707 21
13822.8 1685.96 5021.26 -0.0759313 22
13714.4 1393.5 5021.26 -0.133654 22
13046.6 1196.78 4463.34 -0.195822 22
12652.2 1966.88 3825.72 -0.0291144 23
13715 1394.17 5021.26 -0.133494 23
13047.1 1197.12 4463.34 -0.195714 23
13823.9 1687.9 5021.26 -0.0755288 23
13712.9 1390.87 5021.26 -0.134546 24
13304.2 1138.92 4725.89 -0.197555 24
13820.7 1684.89 5021.26 -0.0768526 25
13711.8 1392.11 5021.26 -0.134658 25
13303.4 1140.96 4725.89 -0.197503 25
12649.5 1970.82 3825.72 -0.0298013 26
13819.3 1686.46 5021.26 -0.0770993 26
13710.6 1394.13 5021.26 -0.134822 26
13302.5 1143.8 4725.89 -0.197503 26
13820.3 1690.46 5021.26 -0.0765361 27
13711.4 1397.42 5021.26 -0.134385 27
13302.4 1144.95 4725.89 -0.197493 27
13711 1397.06 5021.26 -0.134643 28
13302.6 1146.12 4725.89 -0.197441 28
13819.2 1688.07 5021.26 -0.0771827 28
13820 1690.53 5021.26 -0.076862 29
13711.2 1397.85 5021.26 -0.134646 29
13302.6 1146.49 4725.89 -0.197537 29
13821 1693.16 5021.26 -0.0764851 30
13711.4 1398.19 5021.26 -0.134717 30
13043.4 1202.45 4463.34 -0.196824 30
12853.6 1968.45 4017 -0.0297718 31
13821.6 1689.82 5021.26 -0.0771305 31
13713.6 1399.57 5021.26 -0.134439 31
13304.9 1147.59 4725.89 -0.197445 31
12652.5 1972.58 3825.72 -0.0300823 32
13823.6 1691.68 5021.26 -0.076647 32
13714.2 1397.54 5021.26 -0.134719 32
13306 1146.88 4725.89 -0.197461 32
12856.2 1972.36 4017 -0.0285494 33
13824.2 1694.16 5021.26 -0.0760533 33
13716.4 1403.34 5021.26 -0.133452 33
13308 1151.16 4725.89 -0.196414 33
13716.4 1403.24 5021.26 -0.133472 34
13308.1 1151.63 4725.89 -0.19631 34
14171.4 1667.95 5356.01 -0.0760094 34
13823.3 1690.04 5021.26 -0.0770148 35
13714.6 1397.81 5021.26 -0.134716 35
13306.4 1147.36 4725.89 -0.197413 35
13823.8 1693.66 5021.26 -0.0764737 36
13714.3 1399.1 5021.26 -0.134624 36
13306 1148.49 4725.89 -0.197347 36
13824.7 1697.91 5021.26 -0.0756019 37
13716.2 1405.17 5021.26 -0.133369 37
13307.7 1152.6 4725.89 -0.196409 37
13823.4 1688.82 5021.26 -0.0772566 38
13716.1 1400.18 5021.26 -0.134246 38
13307 1147.41 4725.89 -0.197408 38
13715.4 1398.04 5021.26 -0.134618 39
13307.1 1147.35 4725.89 -0.19736 39
14170.9 1662.71 5356.01 -0.0770675 39
13825 1692.94 5021.26 -0.0761655 40
13717.1 1401.85 5021.26 -0.133621 40
13308.8 1150.05 4725.89 -0.196514 40
13826.7 1694.93 5021.26 -0.0755529 41
13718.1 1401.69 5021.26 -0.133421 41
13310.1 1150.56 4725.89 -0.196152 41
13717.2 1407.28 5021.26 -0.132592 42
13309.3 1155.52 4725.89 -0.195387 42
13824.7 1705.35 5021.26 -0.0742074 43
13715.6 1410.23 5021.26 -0.13242 43
13307.8 1158.45 4725.89 -0.195205 43
13824.5 1704.84 5021.26 -0.0743065 44
13715.5 1410 5021.26 -0.132465 44
13307.6 1157.95 4725.89 -0.195312 44
13717.4 1408.03 5021.26 -0.13248 45
13309.5 1156.02 4725.89 -0.195317 45
13824.6 1701.74 5021.26 -0.0747514 46
13716.2 1408.41 5021.26 -0.132621 46
13308.4 1156.9 4725.89 -0.195362 46
13716.3 1408.71 5021.26 -0.13256 47
13048.8 1211.64 4463.34 -0.194643 47
13824.7 1702.23 5021.26 -0.0746568 47
13823.5 1704.13 5021.26 -0.074623 48
13715 1410.47 5021.26 -0.132554 48
13307 1158.45 4725.89 -0.195402 48
13822.5 1703.03 5021.26 -0.0749636 49
13415.8 1454.51 4725.89 -0.131838 49
13306.8 1159.31 4725.89 -0.195358 49
13823 1705.38 5021.26 -0.0746122 50
13714.6 1411.83 5021.26 -0.132522 50
13306.7 1160.08 4725.89 -0.195308 50
13713.5 1403.29 5021.26 -0.134337 51
13304.8 1151.31 4725.89 -0.197335 51
12651.1 1976.44 3825.72 -0.0301542 52
13822.6 1696.59 5021.26 -0.0765015 52
13713.2 1402.16 5021.26 -0.134626 52
13304.8 1151.29 4725.89 -0.197409 52
13821.7 1694 5021.26 -0.0770573 53
13713.3 1402.52 5021.26 -0.134609 53
13304.8 1151.11 4725.89 -0.197508 53
13713.6 1402.83 5021.26 -0.134594 54
13305 1151.44 4725.89 -0.197486 54
13823 1696.98 5021.26 -0.0765231 54
13822.5 1695.4 5021.26 -0.0768716 55
13713.5 1402.32 5021.26 -0.134737 55
13305.2 1151.63 4725.89 -0.19749 55
13824.3 1708.53 5021.26 -0.0744349 56
13715.4 1413.81 5021.26 -0.132573 56
13307.3 1161.6 4725.89 -0.195463 56
13823.3 1705.95 5021.26 -0.0749666 57
13716 1415.47 5021.26 -0.132273 57
13307.6 1162.37 4725.89 -0.195332 57
13824.5 1708.92 5021.26 -0.0744181 58
13715.6 1414.23 5021.26 -0.13255 58
13307.6 1162.24 4725.89 -0.195391 58
13823.8 1707.09 5021.26 -0.0747978 59
13715.8 1414.53 5021.26 -0.132514 59
13307.8 1162.36 4725.89 -0.195392 59
13824.9 1709.73 5021.26 -0.0743283 60
13716 1415.16 5021.26 -0.132435 60
13048.2 1217.11 4463.34 -0.194723 60
13824.1 1707.43 5021.26 -0.0747954 61
13416.9 1457.76 4725.89 -0.131899 61
13308 1162.86 4725.89 -0.195355 61
13824.4 1708.47 5021.26 -0.0746125 62
13716.1 1415.34 5021.26 -0.132438 62
13048.3 1217.46 4463.34 -0.194687 62
12653.5 1989 3825.72 -0.0275698 63
13716.3 1415.78 5021.26 -0.132368 63
13308 1162.96 4725.89 -0.195372 63
13719 1412.29 5021.26 -0.132419 64
13310.8 1159.76 4725.89 -0.195365 64
13827.1 1705.14 5021.26 -0.0746493 64
12857.5 1981.72 4017 -0.0273566 65
13826.4 1706 5021.26 -0.0745991 65
13718.2 1413.18 5021.26 -0.132363 65
13310 1160.38 4725.89 -0.195363 65
13825.2 1706.99 5021.26 -0.0745983 66
13716.6 1413.19 5021.26 -0.132557 66
13308.7 1161.17 4725.89 -0.195405 66
13824.5 1707.92 5021.26 -0.0745497 67
13715.8 1413.57 5021.26 -0.132617 67
13308.1 1162.3 4725.89 -0.195308 67
13824.2 1707.8 5021.26 -0.0746228 68
13715.9 1414.66 5021.26 -0.132452 68
13307.8 1162.18 4725.89 -0.19539 68
13824.7 1709.08 5021.26 -0.074374 69
13715.8 1414.37 5021.26 -0.132508 69
13307.7 1161.94 4725.89 -0.19544 69
12653.4 1989.35 3825.72 -0.0273595 70
13823.7 1706.83 5021.26 -0.0748502 70
13716 1415.31 5021.26 -0.13236 70
13307.6 1162.28 4725.89 -0.195412 70
13823.9 1707.86 5021.26 -0.0747066 71
13715.6 1414.63 5021.26 -0.132555 71
13307.7 1162.88 4725.89 -0.195346 71
13823.3 1706.25 5021.26 -0.0750408 72
13715.9 1415.57 5021.26 -0.13239 72
13307.8 1163.28 4725.89 -0.195281 72
12472.1 1990.46 3651.82 -0.0274723 73
13518.8 1724.45 4725.89 -0.0752557 73
13418.3 1451.54 4725.89 -0.13244 73
12817.5 1259.3 4228.43 -0.194787 73
12008.3 1988.59 3213.6 -0.0307948 74
12782.5 1765.84 4017 -0.0778674 74
12696.7 1532.84 4017 -0.13528 74
12415.6 1322.7 3825.72 -0.198079 74
12655.3 1983.62 3825.72 -0.0261353 75
13824.5 1702.75 5021.26 -0.073722 75
13719.8 1409.48 5021.26 -0.13164 75
13055.9 1209.08 4463.34 -0.194315 75
14460.1 1306.7 5738.58 -0.13219 76
15037.2 1606.6 6180.01 -0.0744151 76
13951 1022.15 5356.01 -0.196108 76
15362.6 819.181 6695.01 -0.183573 77
12954.1 1219.63 3651.82 -0.155426 83
13821.9 1709.4 4228.43 -0.0229161 83
13463 1443.31 4017 -0.0862224 83
12987.5 1445.86 3493.05 -0.0857959 84
12722.4 1217.84 3347.5 -0.156662 84
12918.4 1437.09 3347.5 -0.0799493 85
12546.4 1234.27 3090 -0.151246 85
12503.6 1223.43 2975.56 -0.148858 86
12474.7 1226.28 2869.29 -0.140677 87
12557.9 1205.42 2869.29 -0.135618 88
13225.4 1129.6 3347.5 -0.120964 89
13720.9 1089.31 3825.72 -0.116003 90
14964.7 1046.07 4463.34 -0.0698571 93
13839.1 1107.53 3090 -0.0430844 96
13847.9 1127.1 3090 -0.0372085 97
13895.7 1105.9 3090 -0.0366658 98
13620.9 1151.12 2770.35 -0.0180235 99
13675.1 1129.7 2770.35 -0.0173006 100
13377.6 1147.04 2434.55 -0.00389524 101
12872.8 1055.21 1515.85 0.0717491 117
12951.1 1042.65 1575.3 0.0662783 118
12940.9 1049.96 1545 0.075247 119
12900.9 1047.07 1487.78 0.0800677 120
12866.6 1029.32 1460.73 0.070915 121
12833.6 1035.12 1385.17 0.0858578 123
12788.5 1026.39 1295.81 0.0903162 124
12746.2 1017.38 1236 0.0879079 125
12831.5 1025.13 1295.81 0.0900881 126
12642.2 975.4 1100.55 0.0644609 127
12753.4 979.691 1164.35 0.0627116 128
13061 1166.51 1434.64 0.168941 128
12724.9 985.325 1115.83 0.0677572 129
13001.7 1165.75 1361.7 0.176091 129
12729.5 1026.45 1071.2 0.100424 130
12729.5 1026.32 1071.2 0.100307 131
12833 960.467 1131.55 0.0305318 133
12801.9 970.457 1071.2 0.0335015 134
12791.2 983.916 1030 0.0386939 135
12749.4 973.178 956.43 0.0197689 136
13023.1 1156.26 1236 0.157312 136
12706.6 951.087 912.956 -0.002289 137
12987.2 1126.49 1199.11 0.138375 137
12708.6 967.615 882.858 0.00143253 138
12980.4 1142.11 1164.35 0.144814 138
13167.4 1326.69 1361.7 0.253241 138
13310.6 1519.26 1515.85 0.345597 138
12764.3 956.157 873.262 -0.0404956 139
13056.9 1137.14 1181.47 0.116632 139
13267.7 1332.2 1409.48 0.231752 139
13446.1 1543.6 1606.8 0.328637 139
12807.4 1016.52 863.872 -0.00592434 140
13103.2 1206.63 1181.47 0.150532 140
13307.3 1408.76 1409.48 0.265671 140
13478.4 1625.97 1606.8 0.362494 140
12759.6 977.138 811.516 -0.0512706 141
13059.3 1156.7 1131.55 0.114301 141
13266.5 1351.16 1361.7 0.234058 141
13454.4 1565.27 1575.3 0.333422 141
13603.7 2054.14 1785.34 0.541033 141
12862.8 977.612 882.858 -0.0606532 142
13209.2 1180.58 1255.31 0.111443 142
13439.9 1401.1 1515.85 0.234888 142
13867.3 2228.14 2060 0.547658 142
12800 987.233 765.144 -0.0862734 143
13121.4 1178.82 1115.83 0.101787 143
13356.7 1388.4 1385.17 0.23064 143
13572.1 1623.99 1639.59 0.336193 143
13673 1881.35 1785.34 0.446695 143
13750.7 2164.56 1912.86 0.552276 143
12789.1 1017.11 692.587 -0.0949152 144
13107.2 1204.93 1043.38 0.10383 144
13526.4 1637.01 1545 0.346373 144
13699 2163.98 1825.91 0.566893 144
13777.4 2431.56 1959.51 0.649865 144
12881.9 1019.76 723.785 -0.123262 145
13220.4 1224.26 1100.55 0.0887208 145
13483.4 1452.73 1409.48 0.22918 145
13695.1 1704.12 1673.75 0.342916 145
13867.6 2010.93 1912.86 0.457923 145
13944.3 2323.37 2060 0.568479 145
13993.1 2598.05 2171.35 0.652992 145
13213.3 1228.21 1071.2 0.0828181 146
13480.6 1455.75 1385.17 0.225927 146
13714.5 1712.97 1673.75 0.340678 146
13843.8 2001.88 1868.37 0.457616 146
14006.5 2608.67 2171.35 0.653782 146
13959.4 2333.96 2060 0.568642 146
13187.6 1221.43 1016.96 0.0681515 147
13440.7 1442.38 1317.05 0.217314 147
13675.5 1693.49 1606.8 0.334646 147
13826.5 1987 1825.91 0.453817 147
13932.1 2310.29 2008.5 0.566861 147
14022.7 2612.81 2171.35 0.652568 147
13267 1223.52 1071.2 0.0559945 148
13529.9 1459.03 1385.17 0.210079 148
13793.8 1730.66 1709.36 0.329781 148
13968.3 2051.72 1959.51 0.450823 148
14043 2377.03 2114.21 0.565645 148
14145.1 2702.36 2295.43 0.652282 148
13249 1240.61 1004.25 0.0515954 149
13530.4 1476.4 1339 0.211091 149
13768.1 1741.38 1639.59 0.335081 149
14071.4 2415.85 2114.21 0.574537 149
14167.8 2742.45 2295.43 0.662205 149
13214.5 1231.63 945.178 0.0339595 150
13492.2 1461.01 1275.24 0.200145 150
13730.1 1720.54 1575.3 0.327768 150
13940.9 2049.2 1868.37 0.453022 150
14043.2 2388.64 2060 0.5715 150
14131.4 2704.39 2231.67 0.66024 150
13282.2 1246.04 945.178 0.0182424 151
13576.4 1486.6 1295.81 0.193118 151
13820.3 1757.37 1606.8 0.32559 151
14037.6 2100.31 1912.86 0.454337 151
14142.4 2454.33 2114.21 0.575292 151
14233.5 2783.38 2295.43 0.665251 151
13535.4 1474.86 1236 0.187879 152
13805.9 1750.5 1575.3 0.323811 152
14009.2 2087.97 1868.37 0.45561 152
14239.4 2795.39 2295.43 0.669322 152
14151.1 2464.48 2114.21 0.578301 152
13553.2 1481.67 1236 0.187675 153
13821.5 1760.71 1575.3 0.326007 153
14022.1 2100.82 1868.37 0.459249 153
14161.5 2478.64 2114.21 0.582564 153
13309.1 1235.59 912.956 -0.0107819 154
13609.9 1486.99 1275.24 0.181142 154
13868.1 1771.62 1606.8 0.322543 154
14078.5 2123.23 1912.86 0.457309 154
14318.5 2861.34 2362.94 0.673993 154
14176.3 2484.03 2114.21 0.582306 154
13320 1242.64 892.668 -0.0178859 155
13620 1495.36 1255.31 0.179498 155
13896.3 1785.61 1606.8 0.322611 155
14199.8 2503.46 2114.21 0.585531 155
14340.2 2881.79 2362.94 0.677588 155
13337.9 1244.22 892.668 -0.0263393 156
13636.2 1500.99 1255.31 0.175897 156
13911 1794.2 1606.8 0.32167 156
14076.9 2132.11 1868.37 0.460374 156
14211.4 2516.12 2114.21 0.587145 156
14350.4 2895.74 2362.94 0.679739 156
13612.8 1504.32 1217.27 0.173531 157
13865.9 1786.18 1545 0.320763 157
14051.3 2124.85 1825.91 0.459927 157
14176.6 2497.1 2060 0.587142 157
13543.6 1501.24 1131.55 0.170598 158
13959.8 2085.47 1709.36 0.458879 158
14165.9 2754.99 2114.21 0.680593 158
14062.3 2425.34 1912.86 0.586613 158
13412.3 1475.79 979.757 0.156663 159
13605.4 1702.94 1236 0.308296 159
13749.9 1975.3 1460.73 0.450541 159
13870.2 2507.07 1746.52 0.67569 159
13810.4 2249.94 1606.8 0.580079 159
13496.7 1485.55 1030 0.134479 160
13712.8 1732.56 1317.05 0.292834 160
13851.7 2019.69 1545 0.439981 160
13952.4 2334.74 1746.52 0.571757 160
13479.1 1502.4 979.757 0.1278 161
13681.9 1742.49 1255.31 0.290728 161
13822.5 2024.43 1487.78 0.440366 161
13906.3 2324.67 1673.75 0.574717 161
13965.9 2593.47 1825.91 0.673116 161
13744.5 1747.84 1295.81 0.272944 162
13894.5 2043.87 1545 0.426793 162
13985.1 2360.46 1746.52 0.564456 162
14050.9 2644.04 1912.86 0.664591 162
13675.7 1752.85 1199.11 0.275833 163
13901.7 2336.74 1639.59 0.57247 163
13947.5 2596.38 1785.34 0.674424 163
13657.7 1751.88 1164.35 0.270041 164
13801.5 2031.25 1409.48 0.428946 164
13857.8 2312.21 1575.3 0.570646 164
13925.7 2580.21 1746.52 0.672622 164
13538.6 1513.35 934.187 0.068818 165
13734.9 1762.57 1217.27 0.25236 165
14073.6 2683.49 1912.86 0.664514 165
14042.5 2670.29 1868.37 0.666966 166
13798.3 2027.89 1339 0.406038 167
13881.9 2322.12 1545 0.554775 167
13967.2 2602.74 1746.52 0.66064 167
13911.8 2059.01 1434.64 0.390213 168
14082.3 2673.9 1868.37 0.651876 168
13885.1 2038.78 1385.17 0.378751 169
14003.2 2364.45 1639.59 0.532407 169
14102.9 2669.76 1868.37 0.641879 169
13868.6 2062.55 1361.7 0.394097 170
13971.5 2383.51 1606.8 0.549641 170
14057.1 2681.84 1825.91 0.660285 170
13700.6 1780.16 1057.11 0.216297 171
13858.7 2072.32 1339 0.397043 171
13951 2387.72 1575.3 0.554633 171
14027.6 2677.61 1785.34 0.665937 171
13925.1 2088.5 1385.17 0.383757 172
13998.6 2404.53 1606.8 0.544718 172
14113.4 2728.87 1868.37 0.657545 172
13896.6 2081.19 1339 0.383114 173
13983.6 2399.31 1575.3 0.545384 173
14089.2 2714.08 1825.91 0.658988 173
13748.8 1788.07 1043.38 0.19188 174
13912 2090.68 1339 0.38215 174
14098.9 2725.58 1825.91 0.660701 174
13782.5 1800.7 1057.11 0.18997 175
13949.2 2111.89 1361.7 0.382718 175
14178.1 2793.81 1912.86 0.663349 175
13981.4 2122.57 1361.7 0.375311 176
14236.1 2842.55 1959.51 0.664708 176
13797.1 1797.78 1016.96 0.166853 177
13977.5 2116.61 1339 0.369408 177
14077.6 2461.31 1606.8 0.542474 177
14215 2818.67 1912.86 0.661945 177
13995.6 2122.87 1339 0.365503 178
14123 2484.97 1639.59 0.539582 178
14230.7 2827.23 1912.86 0.660725 178
13993.1 2117.73 1317.05 0.359536 179
14139 2490.23 1639.59 0.536427 179
14244.2 2834.68 1912.86 0.659635 179
14120.6 2488.68 1606.8 0.540218 180
14251.9 2850.61 1912.86 0.663757 180
14005.5 2125.75 1295.81 0.354756 181
14138.8 2494.05 1606.8 0.536208 181
14269.6 2857.11 1912.86 0.661019 181
14000.7 2126.48 1275.24 0.353076 182
14152.2 2503.38 1606.8 0.535875 182
14281 2868.25 1912.86 0.662058 182
14022.3 2126.52 1275.24 0.343714 183
14143.3 2492.48 1575.3 0.531629 183
14262.5 2848.33 1868.37 0.659922 183
14017.6 2127.91 1255.31 0.342228 184
14156.6 2501.87 1575.3 0.531271 184
14274.4 2859.1 1868.37 0.660642 184
14013.7 2129.45 1236 0.340529 185
14143.3 2496.88 1545 0.531554 185
14286.4 2869.84 1868.37 0.66126 185
13998.7 2121.28 1217.27 0.338238 186
14144.8 2496.65 1545 0.530864 186
14251.9 2846.25 1825.91 0.662632 186
13987.3 2106.61 1199.11 0.330426 187
14097.9 2464.24 1487.78 0.528158 187
14221.1 2818.72 1785.34 0.661149 187
14062.9 2135.18 1275.24 0.332256 188
14171.1 2513.43 1575.3 0.531597 188
14246.3 2852.05 1825.91 0.66691 188
14123.9 2158.6 1339 0.333808 189
14224.7 2548.87 1639.59 0.533577 189
14350.7 2936.27 1959.51 0.667703 189
14100.3 2149.73 1317.05 0.33335 190
14197.2 2529.82 1606.8 0.532118 190
14317.2 2904.46 1912.86 0.66554 190
14078.3 2144.58 1295.81 0.33504 191
14168.7 2515.87 1575.3 0.533623 191
14280.5 2879.27 1868.37 0.667007 191
14059 2134.67 1275.24 0.332823 192
14171.4 2511.41 1575.3 0.530435 192
14284.3 2874.46 1868.37 0.66385 192
14040.1 2127.11 1255.31 0.332126 193
14145.6 2495.48 1545 0.530007 193
14251.2 2847.46 1825.91 0.663359 193
14060.1 2133.08 1275.24 0.331467 194
14172.3 2510.04 1575.3 0.529429 194
14285.3 2872.9 1868.37 0.662891 194
14060 2133.18 1275.24 0.331556 195
14172.2 2510.16 1575.3 0.529516 195
14285.2 2873.01 1868.37 0.662955 195
14062.4 2126.36 1275.24 0.326284 196
14176.5 2502.72 1575.3 0.52423 196
14291.4 2865.04 1868.37 0.657711 196
14062.5 2126.12 1275.24 0.326094 197
14176.6 2502.51 1575.3 0.524078 197
14291.6 2864.74 1868.37 0.657516 197
14062.4 2126.23 1275.24 0.326175 198
14176.6 2502.59 1575.3 0.524137 198
14291.5 2864.91 1868.37 0.657623 198
14062.4 2126.24 1275.24 0.326189 199
14176.6 2502.56 1575.3 0.524112 199
14291.5 2864.89 1868.37 0.657615 199
14062.4 2126.29 1275.24 0.326226 200
14176.6 2502.64 1575.3 0.524169 200
14291.4 2864.97 1868.37 0.657666 200
14062.4 2126.33 1275.24 0.326251 201
14176.5 2502.7 1575.3 0.524212 201
14291.5 2864.95 1868.37 0.657652 201
14062.4 2126.31 1275.24 0.326237 202
14176.5 2502.69 1575.3 0.524206 202
14291.4 2864.98 1868.37 0.657674 202
14062.4 2126.34 1275.24 0.326263 203
14176.5 2502.72 1575.3 0.524229 203
14291.4 2865.03 1868.37 0.657702 203
14062.4 2126.39 1275.24 0.326298 204
14176.5 2502.73 1575.3 0.524235 204
14291.4 2865.07 1868.37 0.65773 204
14062.4 2126.42 1275.24 0.326323 205
14176.5 2502.78 1575.3 0.524267 205
14291.4 2865.02 1868.37 0.657698 205
14062.4 2126.35 1275.24 0.326271 206
14176.5 2502.8 1575.3 0.524284 206
14291.4 2865.01 1868.37 0.657692 206
14062.4 2126.38 1275.24 0.326295 207
14176.5 2502.75 1575.3 0.524246 207
14291.3 2865.1 1868.37 0.657751 207
14062.3 2126.42 1275.24 0.326328 208
14176.5 2502.78 1575.3 0.524273 208
14291.4 2865.02 1868.37 0.657699 208
14062.3 2126.42 1275.24 0.326329 209
14176.5 2502.74 1575.3 0.524242 209
14291.4 2865.04 1868.37 0.657713 209
14062.4 2126.39 1275.24 0.3263 210
14176.5 2502.79 1575.3 0.524275 210
14291.3 2865.12 1868.37 0.657763 210
14062.4 2126.38 1275.24 0.326293 211
14176.5 2502.73 1575.3 0.524235 211
14291.4 2865.1 1868.37 0.657748 211
14062.4 2126.39 1275.24 0.326299 212
14176.4 2502.84 1575.3 0.524314 212
14291.4 2865.03 1868.37 0.657705 212
14062.4 2126.41 1275.24 0.326316 213
14176.4 2502.83 1575.3 0.52431 213
14291.4 2865.1 1868.37 0.657748 213
14062.4 2126.42 1275.24 0.326324 214
14176.5 2502.76 1575.3 0.524252 214
14291.4 2865.1 1868.37 0.657748 214
14062.3 2126.43 1275.24 0.326332 215
14176.5 2502.78 1575.3 0.524268 215
14291.4 2865.1 1868.37 0.657749 215
14062.4 2126.42 1275.24 0.326325 216
14176.5 2502.77 1575.3 0.524261 216
14291.3 2865.11 1868.37 0.657756 216
14062.3 2126.43 1275.24 0.326331 217
14176.5 2502.77 1575.3 0.52426 217
14291.3 2865.12 1868.37 0.657765 217
14062.4 2126.38 1275.24 0.326293 218
14176.5 2502.8 1575.3 0.524282 218
14291.3 2865.1 1868.37 0.657752 218
14062.4 2126.41 1275.24 0.326317 219
14176.5 2502.77 1575.3 0.524261 219
14291.4 2865.1 1868.37 0.657749 219
14062.3 2126.43 1275.24 0.326331 220
14176.5 2502.77 1575.3 0.524261 220
14291.3 2865.11 1868.37 0.657756 220
14062.4 2126.41 1275.24 0.326316 221
14176.5 2502.77 1575.3 0.524261 221
14291.4 2865.1 1868.37 0.657749 221
14062.4 2126.39 1275.24 0.326301 222
14176.5 2502.75 1575.3 0.524245 222
14291.4 2865.1 1868.37 0.657748 222
14062.4 2126.37 1275.24 0.326285 223
14176.5 2502.79 1575.3 0.524274 223
14291.3 2865.1 1868.37 0.657753 223
14062.4 2126.38 1275.24 0.326293 224
14176.5 2502.79 1575.3 0.524274 224
14291.3 2865.11 1868.37 0.657754 224
14062.3 2126.45 1275.24 0.326355 225
14176.5 2502.79 1575.3 0.524276 225
14291.4 2865.08 1868.37 0.65774 225
14062.4 2126.42 1275.24 0.326325 226
14176.5 2502.8 1575.3 0.524284 226
14291.3 2865.11 1868.37 0.657757 226
14062.4 2126.41 1275.24 0.326316 227
14176.4 2502.82 1575.3 0.524301 227
14256.8 2840.4 1825.91 0.658601 227
14062.3 2126.43 1275.24 0.326337 228
14176.4 2502.83 1575.3 0.524307 228
14291.4 2865.08 1868.37 0.657737 228
14062.3 2126.45 1275.24 0.326347 229
14176.5 2502.72 1575.3 0.52423 229
14291.4 2865.08 1868.37 0.657741 229
14062.4 2126.38 1275.24 0.326294 230
14176.4 2502.83 1575.3 0.52431 230
14291.4 2865.07 1868.37 0.657733 230
14062.4 2126.41 1275.24 0.326316 231
14176.5 2502.77 1575.3 0.524261 231
14291.4 2865.03 1868.37 0.657707 231
14062.4 2126.41 1275.24 0.326316 232
14176.5 2502.81 1575.3 0.524294 232
14291.4 2865.08 1868.37 0.65774 232
14062.4 2126.38 1275.24 0.326293 233
14176.5 2502.78 1575.3 0.524268 233
14291.4 2865.05 1868.37 0.657723 233
14062.4 2126.39 1275.24 0.326299 234
14176.5 2502.78 1575.3 0.524268 234
14291.4 2865.08 1868.37 0.657737 234
14062.4 2126.42 1275.24 0.326324 235
14176.5 2502.78 1575.3 0.524271 235
14291.4 2865.1 1868.37 0.657749 235
14062.4 2126.41 1275.24 0.326316 236
14176.5 2502.79 1575.3 0.524276 236
14291.3 2865.11 1868.37 0.657757 236
14062.4 2126.4 1275.24 0.32631 237
14176.4 2502.82 1575.3 0.524303 237
14291.3 2865.11 1868.37 0.657757 237
14062.4 2126.42 1275.24 0.326324 238
14176.5 2502.76 1575.3 0.524253 238
14291.4 2865.03 1868.37 0.657707 238
14060 2133.34 1275.24 0.331674 239
14172.1 2510.33 1575.3 0.529641 239
14285 2873.28 1868.37 0.663134 239
14059.9 2133.62 1275.24 0.331891 240
14171.9 2510.59 1575.3 0.529822 240
14284.8 2873.56 1868.37 0.663316 240
14059.9 2133.61 1275.24 0.331888 241
14171.9 2510.64 1575.3 0.529859 241
14284.8 2873.57 1868.37 0.663321 241
14059.9 2133.61 1275.24 0.331889 242
14171.9 2510.59 1575.3 0.529825 242
14284.8 2873.54 1868.37 0.663305 242
14059.9 2133.58 1275.24 0.33186 243
14171.9 2510.62 1575.3 0.529845 243
14284.8 2873.53 1868.37 0.663299 243
14059.9 2133.63 1275.24 0.331909 244
14172 2510.55 1575.3 0.529799 244
14284.8 2873.46 1868.37 0.663253 244
14059.9 2133.6 1275.24 0.331876 245
14171.9 2510.61 1575.3 0.529836 245
14284.8 2873.55 1868.37 0.663307 245
14059.9 2133.56 1275.24 0.331844 246
14171.9 2510.57 1575.3 0.52981 246
14284.8 2873.54 1868.37 0.663304 246
14059.9 2133.55 1275.24 0.331842 247
14171.9 2510.61 1575.3 0.529842 247
14284.8 2873.49 1868.37 0.663273 247
14059.9 2133.57 1275.24 0.331855 248
14171.9 2510.61 1575.3 0.52984 248
14284.8 2873.5 1868.37 0.663279 248
14059.9 2133.59 1275.24 0.331869 249
14172 2510.54 1575.3 0.52979 249
14284.8 2873.57 1868.37 0.66332 249
14059.9 2133.58 1275.24 0.33186 250
14172 2510.53 1575.3 0.529781 250
14284.8 2873.54 1868.37 0.663301 250
14059.9 2133.55 1275.24 0.331836 251
14171.9 2510.56 1575.3 0.529804 251
14284.8 2873.51 1868.37 0.663281 251
14059.9 2133.58 1275.24 0.331866 252
14171.9 2510.6 1575.3 0.529829 252
14284.8 2873.51 1868.37 0.663284 252
14059.9 2133.58 1275.24 0.331866 253
14172 2510.5 1575.3 0.529757 253
14284.8 2873.52 1868.37 0.663292 253
14059.9 2133.59 1275.24 0.331874 254
14172 2510.53 1575.3 0.529779 254
14284.8 2873.52 1868.37 0.663291 254
14059.9 2133.56 1275.24 0.331843 255
14172 2510.55 1575.3 0.529795 255
14284.8 2873.51 1868.37 0.663284 255
14059.9 2133.58 1275.24 0.331867 256
14171.9 2510.59 1575.3 0.529828 256
14284.8 2873.51 1868.37 0.663283 256
14059.9 2133.56 1275.24 0.331849 257
14171.9 2510.65 1575.3 0.529866 257
14284.8 2873.49 1868.37 0.66327 257
14059.9 2133.56 1275.24 0.331851 258
14171.9 2510.59 1575.3 0.529828 258
14284.8 2873.51 1868.37 0.663282 258
14059.9 2133.58 1275.24 0.331866 259
14171.9 2510.6 1575.3 0.529835 259
14284.8 2873.53 1868.37 0.663298 259
14059.9 2133.57 1275.24 0.331858 260
14171.9 2510.6 1575.3 0.529836 260
14284.8 2873.48 1868.37 0.663266 260
14059.9 2133.55 1275.24 0.331835 261
14171.9 2510.57 1575.3 0.529812 261
14284.8 2873.52 1868.37 0.663291 261
14059.9 2133.58 1275.24 0.331866 262
14171.9 2510.65 1575.3 0.529866 262
14284.8 2873.48 1868.37 0.663266 262
14059.9 2133.55 1275.24 0.331842 263
14171.9 2510.6 1575.3 0.529833 263
14284.9 2873.45 1868.37 0.663248 263
14059.9 2133.61 1275.24 0.331888 264
14171.9 2510.62 1575.3 0.529851 264
14284.8 2873.49 1868.37 0.663274 264
14059.9 2133.64 1275.24 0.331919 265
14171.9 2510.68 1575.3 0.52989 265
14284.8 2873.59 1868.37 0.663332 265
14059.9 2133.58 1275.24 0.331865 266
14171.9 2510.61 1575.3 0.529843 266
14284.8 2873.51 1868.37 0.663282 266
14059.9 2133.63 1275.24 0.331904 267
14171.9 2510.68 1575.3 0.52989 267
14284.8 2873.59 1868.37 0.663332 267
14059.9 2133.61 1275.24 0.331888 268
14171.9 2510.62 1575.3 0.529851 268
14284.8 2873.53 1868.37 0.663298 268
14059.9 2133.6 1275.24 0.331878 269
14171.9 2510.61 1575.3 0.529841 269
14284.8 2873.49 1868.37 0.66327 269
14059.8 2133.67 1275.24 0.33194 270
14171.9 2510.64 1575.3 0.52986 270
14284.8 2873.52 1868.37 0.663291 270
14059.9 2133.64 1275.24 0.331919 271
14171.9 2510.67 1575.3 0.529885 271
14284.7 2873.61 1868.37 0.663348 271
14059.9 2133.64 1275.24 0.331911 272
14171.9 2510.66 1575.3 0.529874 272
14284.8 2873.52 1868.37 0.66329 272
14059.9 2133.55 1275.24 0.331843 273
14172 2510.49 1575.3 0.529755 273
14284.8 2873.49 1868.37 0.663274 273
14060 2133.49 1275.24 0.331789 274
14171.9 2510.57 1575.3 0.529808 274
14284.9 2873.44 1868.37 0.663239 274
14059.9 2133.55 1275.24 0.331843 275
14171.9 2510.65 1575.3 0.529866 275
14284.8 2873.48 1868.37 0.663262 275
14059.9 2133.59 1275.24 0.331873 276
14171.9 2510.62 1575.3 0.529844 276
14284.8 2873.51 1868.37 0.663282 276
14059.9 2133.64 1275.24 0.331918 277
14171.9 2510.6 1575.3 0.529836 277
14284.8 2873.53 1868.37 0.663298 277
14059.9 2133.59 1275.24 0.331873 278
14171.9 2510.66 1575.3 0.529877 278
14284.7 2873.61 1868.37 0.663348 278
14059.9 2133.55 1275.24 0.331843 279
14172 2510.48 1575.3 0.529747 279
14284.8 2873.49 1868.37 0.663274 279
14059.9 2133.53 1275.24 0.331819 280
14172 2510.51 1575.3 0.529769 280
14284.9 2873.45 1868.37 0.663248 280
14059.9 2133.59 1275.24 0.331873 281
14172 2510.48 1575.3 0.529747 281
14284.8 2873.52 1868.37 0.663291 281
14059.8 2133.68 1275.24 0.331948 282
14171.8 2510.72 1575.3 0.529924 282
14284.8 2873.53 1868.37 0.663298 282
14059.8 2133.71 1275.24 0.331978 283
14171.9 2510.67 1575.3 0.529885 283
14284.8 2873.61 1868.37 0.663345 283
14059.9 2133.65 1275.24 0.331925 284
14171.9 2510.64 1575.3 0.52986 284
14284.8 2873.57 1868.37 0.663324 284
14060 2133.41 1275.24 0.331726 285
14172 2510.41 1575.3 0.529697 285
14284.9 2873.34 1868.37 0.663175 285
14059.9 2133.54 1275.24 0.331832 286
14171.9 2510.61 1575.3 0.529839 286
14284.9 2873.42 1868.37 0.663229 286
14059.9 2133.63 1275.24 0.33191 287
14171.8 2510.71 1575.3 0.529916 287
14284.8 2873.53 1868.37 0.663298 287
14059.9 2133.53 1275.24 0.33182 288
14171.9 2510.56 1575.3 0.529802 288
14284.9 2873.43 1868.37 0.663235 288
14059.9 2133.52 1275.24 0.331811 289
14172 2510.5 1575.3 0.529759 289
14284.8 2873.57 1868.37 0.663321 289
14059.8 2133.67 1275.24 0.33194 290
14171.9 2510.68 1575.3 0.52989 290
14284.9 2873.45 1868.37 0.663248 290
14059.9 2133.48 1275.24 0.331788 291
14172 2510.46 1575.3 0.529735 291
14285 2873.33 1868.37 0.663166 291
14060 2133.43 1275.24 0.33175 292
14172 2510.43 1575.3 0.529711 292
14284.9 2873.36 1868.37 0.663182 292
14059.9 2133.61 1275.24 0.331892 293
14171.9 2510.59 1575.3 0.529823 293
14284.8 2873.54 1868.37 0.663302 293
14059.9 2133.54 1275.24 0.331834 294
14171.9 2510.59 1575.3 0.529824 294
14284.9 2873.44 1868.37 0.66324 294
14059.9 2133.58 1275.24 0.331864 295
14171.9 2510.56 1575.3 0.529801 295
14284.8 2873.5 1868.37 0.663279 295
14059.9 2133.62 1275.24 0.331896 296
14171.9 2510.63 1575.3 0.529851 296
14284.8 2873.6 1868.37 0.663337 296
14059.9 2133.63 1275.24 0.331904 297
14171.9 2510.62 1575.3 0.529844 297
14284.7 2873.66 1868.37 0.663378 297
14059.9 2133.61 1275.24 0.331889 298
14171.9 2510.61 1575.3 0.529843 298
14284.8 2873.52 1868.37 0.663291 298
14059.9 2133.58 1275.24 0.331865 299
14171.9 2510.66 1575.3 0.529874 299
14284.8 2873.52 1868.37 0.663289 299
14059.9 2133.64 1275.24 0.331919 300
14171.9 2510.64 1575.3 0.52986 300
14284.8 2873.52 1868.37 0.663291 300
14059.9 2133.62 1275.24 0.331895 301
14171.9 2510.58 1575.3 0.529818 301
14284.8 2873.6 1868.37 0.663336 301
14059.9 2133.64 1275.24 0.331911 302
14171.9 2510.6 1575.3 0.529836 302
14284.8 2873.53 1868.37 0.663298 302
14059.9 2133.58 1275.24 0.331865 303
14171.9 2510.57 1575.3 0.529812 303
14284.8 2873.52 1868.37 0.66329 303
14059.9 2133.6 1275.24 0.331881 304
14171.9 2510.64 1575.3 0.529859 304
14284.8 2873.58 1868.37 0.663329 304
14059.8 2133.68 1275.24 0.331948 305
14171.9 2510.68 1575.3 0.52989 305
14284.8 2873.52 1868.37 0.663291 305
14059.9 2133.62 1275.24 0.331901 306
14171.9 2510.67 1575.3 0.529882 306
14284.8 2873.5 1868.37 0.663279 306
14059.9 2133.63 1275.24 0.331909 307
14171.9 2510.68 1575.3 0.52989 307
14284.8 2873.6 1868.37 0.663336 307
14059.9 2133.64 1275.24 0.331912 308
14171.9 2510.68 1575.3 0.529891 308
14284.8 2873.55 1868.37 0.663306 308
14059.8 2133.68 1275.24 0.331948 309
14171.9 2510.68 1575.3 0.529891 309
14284.8 2873.59 1868.37 0.663332 309
14059.8 2133.67 1275.24 0.331941 310
14171.9 2510.65 1575.3 0.529868 310
14284.8 2873.6 1868.37 0.66334 310
14059.8 2133.66 1275.24 0.331934 311
14171.9 2510.65 1575.3 0.529868 311
14284.8 2873.52 1868.37 0.663291 311
14059.9 2133.57 1275.24 0.331857 312
14171.9 2510.63 1575.3 0.529856 312
14284.8 2873.5 1868.37 0.663279 312
14059.9 2133.56 1275.24 0.331848 313
14171.9 2510.58 1575.3 0.529816 313
14284.8 2873.53 1868.37 0.663295 313
14059.7 2134.14 1275.24 0.3323 314
14171.6 2511.18 1575.3 0.530246 314
14284.3 2874.21 1868.37 0.663743 314
14059.7 2134.17 1275.24 0.332322 315
14171.6 2511.2 1575.3 0.530261 315
14284.3 2874.18 1868.37 0.663723 315
14059.7 2134.19 1275.24 0.332336 316
14171.6 2511.2 1575.3 0.530261 316
14284.3 2874.2 1868.37 0.663739 316
14059.6 2134.28 1275.24 0.332416 317
14171.5 2511.3 1575.3 0.53033 317
14284.2 2874.34 1868.37 0.663823 317
14059.6 2134.29 1275.24 0.332427 318
14171.5 2511.34 1575.3 0.530365 318
14284.2 2874.32 1868.37 0.663811 318
14059.6 2134.27 1275.24 0.33241 319
14171.5 2511.34 1575.3 0.530363 319
14284.2 2874.29 1868.37 0.663796 319
14059.6 2134.29 1275.24 0.332425 320
14171.5 2511.31 1575.3 0.530341 320
14284.1 2874.41 1868.37 0.663868 320
14059.6 2134.31 1275.24 0.33244 321
14171.5 2511.35 1575.3 0.530371 321
14284.2 2874.34 1868.37 0.663827 321
14059.8 2133.79 1275.24 0.332042 322
14171.8 2510.77 1575.3 0.529957 322
14284.6 2873.78 1868.37 0.663453 322
14059.8 2133.71 1275.24 0.331976 323
14171.8 2510.71 1575.3 0.529912 323
14284.7 2873.69 1868.37 0.663397 323
14059.6 2134.28 1275.24 0.332419 324
14171.5 2511.3 1575.3 0.530334 324
14284.2 2874.3 1868.37 0.663795 324
14059.6 2134.33 1275.24 0.332455 325
14171.4 2511.41 1575.3 0.530414 325
14284.2 2874.27 1868.37 0.66378 325
14059.6 2134.28 1275.24 0.332419 326
14171.5 2511.35 1575.3 0.530372 326
14284.2 2874.3 1868.37 0.663802 326
14059.6 2134.34 1275.24 0.332469 327
14171.5 2511.29 1575.3 0.530322 327
14284.1 2874.4 1868.37 0.66386 327
14059.6 2134.21 1275.24 0.332366 328
14171.5 2511.24 1575.3 0.530291 328
14284.3 2874.25 1868.37 0.663761 328
14059.6 2134.3 1275.24 0.332435 329
14171.5 2511.37 1575.3 0.530384 329
14284.2 2874.34 1868.37 0.663822 329
14059.6 2134.3 1275.24 0.332433 330
14171.5 2511.36 1575.3 0.53038 330
14284.2 2874.29 1868.37 0.663796 330
14064 2121.3 1275.24 0.322391 331
14179.7 2497.13 1575.3 0.52027 331
14296.1 2858.9 1868.37 0.653682 331
14059.6 2134.38 1275.24 0.332498 332
14171.4 2511.41 1575.3 0.530416 332
14284.1 2874.42 1868.37 0.663874 332
14064.2 2120.8 1275.24 0.321999 333
14180 2496.7 1575.3 0.519962 333
14296.4 2858.52 1868.37 0.653426 333
14064.1 2120.86 1275.24 0.322048 334
14179.9 2496.74 1575.3 0.519991 334
14296.5 2858.44 1868.37 0.65338 334
14064.1 2120.89 1275.24 0.322075 335
14180 2496.69 1575.3 0.519954 335
14296.5 2858.46 1868.37 0.653393 335
14064.1 2120.9 1275.24 0.322084 336
14180 2496.71 1575.3 0.519971 336
14296.4 2858.51 1868.37 0.653425 336
14064.2 2120.88 1275.24 0.32206 337
14179.9 2496.74 1575.3 0.519992 337
14296.4 2858.52 1868.37 0.65343 337
14064.1 2120.92 1275.24 0.322098 338
14179.9 2496.78 1575.3 0.520017 338
14296.4 2858.59 1868.37 0.653471 338
14064.1 2120.91 1275.24 0.322086 339
14179.9 2496.76 1575.3 0.520005 339
14296.4 2858.59 1868.37 0.653475 339
14064.1 2120.93 1275.24 0.322106 340
14179.8 2496.87 1575.3 0.520088 340
14296.4 2858.61 1868.37 0.653489 340
14064.2 2120.88 1275.24 0.322061 341
14179.9 2496.76 1575.3 0.520009 341
14296.3 2858.65 1868.37 0.653511 341
14064.1 2120.9 1275.24 0.322079 342
14179.9 2496.76 1575.3 0.520003 342
14296.4 2858.54 1868.37 0.653442 342
14064.2 2120.88 1275.24 0.322064 343
14179.9 2496.86 1575.3 0.520077 343
14296.4 2858.53 1868.37 0.653436 343
14064.1 2120.9 1275.24 0.322079 344
14179.9 2496.76 1575.3 0.520003 344
14296.4 2858.59 1868.37 0.653474 344
14064.1 2120.91 1275.24 0.322088 345
14179.9 2496.84 1575.3 0.520062 345
14296.4 2858.6 1868.37 0.653478 345
14064.1 2121 1275.24 0.322163 346
14179.8 2496.89 1575.3 0.520101 346
14296.3 2858.66 1868.37 0.653517 346
14064.1 2120.97 1275.24 0.322142 347
14179.9 2496.87 1575.3 0.520086 347
14296.4 2858.62 1868.37 0.653491 347
14064.1 2120.97 1275.24 0.322133 348
14179.9 2496.87 1575.3 0.520086 348
14296.4 2858.62 1868.37 0.653495 348
14064.2 2120.87 1275.24 0.322049 349
14180 2496.62 1575.3 0.519901 349
14296.4 2858.52 1868.37 0.653433 349
14064.2 2120.86 1275.24 0.322044 350
14179.9 2496.8 1575.3 0.520032 350
14296.5 2858.47 1868.37 0.653398 350
14064.2 2120.89 1275.24 0.322067 351
14179.9 2496.8 1575.3 0.520032 351
14296.4 2858.54 1868.37 0.653445 351
14064.1 2120.95 1275.24 0.322119 352
14179.9 2496.78 1575.3 0.520021 352
14296.4 2858.56 1868.37 0.653453 352
14064.1 2120.95 1275.24 0.322119 353
14179.9 2496.79 1575.3 0.520029 353
14296.4 2858.64 1868.37 0.653504 353
14064.1 2120.93 1275.24 0.322102 354
14179.9 2496.77 1575.3 0.520012 354
14296.4 2858.61 1868.37 0.653484 354
14064.1 2120.95 1275.24 0.322117 355
14179.9 2496.83 1575.3 0.520053 355
14296.4 2858.63 1868.37 0.6535 355
14064.1 2120.92 1275.24 0.322096 356
14179.9 2496.86 1575.3 0.520079 356
14296.4 2858.62 1868.37 0.653495 356
14064.1 2121 1275.24 0.322163 357
14179.9 2496.81 1575.3 0.52004 357
14296.4 2858.61 1868.37 0.653486 357
14061.2 2129.46 1275.24 0.328696 358
14174.5 2506.09 1575.3 0.526626 358
14288.7 2868.63 1868.37 0.660057 358
14064 2121.25 1275.24 0.322353 359
14179.7 2497.18 1575.3 0.520302 359
14296.1 2858.95 1868.37 0.653711 359
14064.1 2120.92 1275.24 0.322098 360
14179.9 2496.81 1575.3 0.520041 360
14296.4 2858.61 1868.37 0.653487 360
14064.1 2120.95 1275.24 0.322125 361
14179.9 2496.86 1575.3 0.520077 361
14296.3 2858.66 1868.37 0.653516 361
14064.1 2120.98 1275.24 0.32215 362
14179.8 2496.87 1575.3 0.520087 362
14296.4 2858.6 1868.37 0.653479 362
14064.1 2120.97 1275.24 0.322136 363
14179.9 2496.84 1575.3 0.520065 363
14296.4 2858.59 1868.37 0.653473 363
14064.1 2120.97 1275.24 0.322138 364
14179.8 2496.87 1575.3 0.520089 364
14296.3 2858.74 1868.37 0.653569 364
14064.1 2120.98 1275.24 0.322146 365
14179.8 2496.88 1575.3 0.52009 365
14296.4 2858.64 1868.37 0.653505 365
14064.1 2120.98 1275.24 0.322147 366
14179.8 2496.88 1575.3 0.520093 366
14296.3 2858.7 1868.37 0.653543 366
14064.1 2121 1275.24 0.322163 367
14179.8 2496.88 1575.3 0.520093 367
14296.3 2858.67 1868.37 0.653524 367
14064.1 2121 1275.24 0.322163 368
14179.8 2496.88 1575.3 0.520093 368
14296.3 2858.67 1868.37 0.653524 368
14064.1 2120.99 1275.24 0.322157 369
14179.8 2496.95 1575.3 0.520141 369
14296.4 2858.64 1868.37 0.653502 369
14061.2 2129.49 1275.24 0.328725 370
14174.5 2506.17 1575.3 0.526688 370
14288.6 2868.66 1868.37 0.660073 370
14064.1 2121.18 1275.24 0.322292 371
14179.8 2496.99 1575.3 0.520167 371
14296.2 2858.79 1868.37 0.653613 371
14064.2 2120.86 1275.24 0.322047 372
14179.9 2496.74 1575.3 0.519994 372
14296.4 2858.51 1868.37 0.653425 372
14064.1 2120.95 1275.24 0.322125 373
14179.9 2496.79 1575.3 0.52003 373
14296.4 2858.53 1868.37 0.653435 373
14064.2 2120.85 1275.24 0.322037 374
14179.9 2496.78 1575.3 0.520017 374
14296.4 2858.52 1868.37 0.65343 374
14064.1 2120.9 1275.24 0.322081 375
14179.9 2496.78 1575.3 0.520021 375
14296.3 2858.69 1868.37 0.653535 375
14064.2 2120.85 1275.24 0.322039 376
14179.9 2496.74 1575.3 0.519993 376
14296.4 2858.51 1868.37 0.653423 376
14064.1 2120.89 1275.24 0.322069 377
14179.9 2496.72 1575.3 0.519976 377
14296.4 2858.6 1868.37 0.653481 377
14064.2 2120.85 1275.24 0.322035 378
14179.9 2496.77 1575.3 0.520015 378
14296.5 2858.45 1868.37 0.653388 378
14064.1 2120.89 1275.24 0.322074 379
14179.9 2496.75 1575.3 0.519997 379
14296.4 2858.53 1868.37 0.653436 379
14064.2 2120.83 1275.24 0.32202 380
14179.9 2496.74 1575.3 0.51999 380
14296.4 2858.5 1868.37 0.65342 380
14064.2 2120.88 1275.24 0.322064 381
14179.9 2496.77 1575.3 0.520012 381
14296.4 2858.51 1868.37 0.653425 381
14064.2 2120.87 1275.24 0.322049 382
14179.9 2496.73 1575.3 0.519981 382
14296.4 2858.58 1868.37 0.653467 382
14064.2 2120.87 1275.24 0.322051 383
14179.9 2496.74 1575.3 0.51999 383
14296.5 2858.47 1868.37 0.653398 383
14064.2 2120.87 1275.24 0.322057 384
14179.9 2496.73 1575.3 0.519982 384
14296.4 2858.52 1868.37 0.653429 384
14064.2 2120.87 1275.24 0.322052 385
14179.9 2496.73 1575.3 0.519982 385
14296.4 2858.53 1868.37 0.653438 385
14064.2 2120.88 1275.24 0.32206 386
14179.9 2496.73 1575.3 0.519982 386
14296.5 2858.48 1868.37 0.653407 386
14064.2 2120.86 1275.24 0.322044 387
14179.9 2496.75 1575.3 0.519998 387
14296.4 2858.53 1868.37 0.653437 387
14064.2 2120.87 1275.24 0.322057 388
14180 2496.68 1575.3 0.519948 388
14296.4 2858.52 1868.37 0.653434 388
14064.2 2120.86 1275.24 0.322044 389
14179.9 2496.75 1575.3 0.519998 389
14296.4 2858.52 1868.37 0.653429 389
14064.2 2120.86 1275.24 0.322044 390
14180 2496.7 1575.3 0.51996 390
14296.5 2858.45 1868.37 0.65339 390
14064.2 2120.87 1275.24 0.322051 391
14179.9 2496.72 1575.3 0.519974 391
14296.4 2858.52 1868.37 0.653429 391
14064.2 2120.87 1275.24 0.322051 392
14179.9 2496.74 1575.3 0.519991 392
14296.4 2858.61 1868.37 0.653486 392
14064.2 2120.84 1275.24 0.322028 393
14179.9 2496.76 1575.3 0.520007 393
14296.4 2858.49 1868.37 0.653413 393
14064.1 2120.91 1275.24 0.322089 394
14179.9 2496.74 1575.3 0.519991 394
14296.4 2858.52 1868.37 0.653429 394
14064.2 2120.85 1275.24 0.322037 395
14179.9 2496.79 1575.3 0.520024 395
14296.4 2858.53 1868.37 0.653438 395
14064.2 2120.85 1275.24 0.322034 396
14179.9 2496.73 1575.3 0.519982 396
14296.5 2858.45 1868.37 0.653391 396
14064.2 2120.87 1275.24 0.322052 397
14179.9 2496.74 1575.3 0.51999 397
14296.5 2858.45 1868.37 0.65339 397
14064.2 2120.83 1275.24 0.322022 398
14179.9 2496.74 1575.3 0.519991 398
14296.4 2858.52 1868.37 0.653429 398
14064.2 2120.87 1275.24 0.322049 399
14179.9 2496.75 1575.3 0.519998 399
14296.4 2858.52 1868.37 0.653428 399
14064.2 2120.88 1275.24 0.322064 400
14179.9 2496.75 1575.3 0.519998 400
14296.4 2858.52 1868.37 0.653428 400
14064.1 2120.89 1275.24 0.322068 401
14179.9 2496.75 1575.3 0.519999 401
14296.4 2858.52 1868.37 0.653429 401
14064.2 2120.85 1275.24 0.322037 402
14179.9 2496.72 1575.3 0.519975 402
14296.4 2858.49 1868.37 0.653413 402
14064.2 2120.86 1275.24 0.322044 403
14179.9 2496.74 1575.3 0.519991 403
14296.4 2858.5 1868.37 0.653421 403
14064.2 2120.85 1275.24 0.322036 404
14179.9 2496.72 1575.3 0.519975 404
14296.4 2858.49 1868.37 0.653413 404
14064.2 2120.86 1275.24 0.322044 405
14180 2496.7 1575.3 0.51996 405
14296.5 2858.44 1868.37 0.653382 405
14064.2 2120.87 1275.24 0.32205 406
14179.9 2496.73 1575.3 0.519981 406
14296.4 2858.58 1868.37 0.653468 406
14064.1 2120.9 1275.24 0.322082 407
14179.9 2496.74 1575.3 0.519991 407
14296.5 2858.45 1868.37 0.653391 407
14064.2 2120.89 1275.24 0.322067 408
14180 2496.71 1575.3 0.519966 408
14296.5 2858.48 1868.37 0.653407 408
14064.2 2120.82 1275.24 0.322013 409
14179.9 2496.74 1575.3 0.519991 409
14296.4 2858.52 1868.37 0.653429 409
14064.1 2120.9 1275.24 0.322082 410
14179.9 2496.8 1575.3 0.520038 410
14296.5 2858.45 1868.37 0.65339 410
14064.2 2120.86 1275.24 0.322042 411
14179.9 2496.73 1575.3 0.519981 411
14296.4 2858.52 1868.37 0.653429 411
14064.2 2120.87 1275.24 0.322051 412
14180 2496.68 1575.3 0.519944 412
14296.4 2858.52 1868.37 0.653429 412
14064.2 2120.87 1275.24 0.32205 413
14179.9 2496.74 1575.3 0.519991 413
14296.4 2858.52 1868.37 0.653429 413
14064.2 2120.88 1275.24 0.32206 414
14179.9 2496.73 1575.3 0.519982 414
14296.4 2858.5 1868.37 0.653421 414
14064.2 2120.86 1275.24 0.322044 415
14179.9 2496.74 1575.3 0.519987 415
14296.4 2858.51 1868.37 0.653426 415
14064.2 2120.86 1275.24 0.322044 416
14179.9 2496.76 1575.3 0.520007 416
14296.4 2858.52 1868.37 0.653429 416
14064.2 2120.88 1275.24 0.32206 417
14179.9 2496.75 1575.3 0.519999 417
14296.4 2858.53 1868.37 0.65344 417
14064.2 2120.82 1275.24 0.322014 418
14179.9 2496.78 1575.3 0.520016 418
14296.4 2858.5 1868.37 0.653421 418
14064.2 2120.89 1275.24 0.322067 419
14179.9 2496.74 1575.3 0.519991 419
14296.4 2858.53 1868.37 0.653437 419
14064.2 2120.88 1275.24 0.322065 420
14180 2496.7 1575.3 0.51996 420
14296.4 2858.5 1868.37 0.653421 420
14064.2 2120.87 1275.24 0.322049 421
14180 2496.68 1575.3 0.519949 421
14296.4 2858.58 1868.37 0.653467 421
14064.1 2120.91 1275.24 0.322083 422
14180 2496.7 1575.3 0.51996 422
14296.5 2858.44 1868.37 0.653382 422
14064.2 2120.87 1275.24 0.322052 423
14179.9 2496.8 1575.3 0.520032 423
14296.5 2858.39 1868.37 0.653348 423
14064.1 2120.91 1275.24 0.322083 424
14179.9 2496.78 1575.3 0.520016 424
14296.4 2858.53 1868.37 0.653437 424
14064.2 2120.86 1275.24 0.322041 425
14179.9 2496.76 1575.3 0.520005 425
14296.4 2858.5 1868.37 0.653418 425
14064.1 2120.89 1275.24 0.322068 426
14179.9 2496.74 1575.3 0.519991 426
14296.4 2858.52 1868.37 0.653429 426
14064.2 2120.86 1275.24 0.322044 427
14179.9 2496.73 1575.3 0.519982 427
14296.5 2858.47 1868.37 0.653398 427
14064.2 2120.87 1275.24 0.32205 428
14180 2496.7 1575.3 0.51996 428
14296.4 2858.52 1868.37 0.653429 428
14064.2 2120.89 1275.24 0.322067 429
14179.9 2496.74 1575.3 0.519991 429
14296.4 2858.49 1868.37 0.653413 429
14064.2 2120.87 1275.24 0.322057 430
14179.9 2496.76 1575.3 0.520005 430
14296.4 2858.57 1868.37 0.653459 430
14064.1 2120.89 1275.24 0.322073 431
14179.9 2496.78 1575.3 0.520021 431
14296.4 2858.53 1868.37 0.653437 431
14064.2 2120.87 1275.24 0.322052 432
14179.9 2496.74 1575.3 0.51999 432
14296.4 2858.56 1868.37 0.653453 432
14064.2 2120.81 1275.24 0.322006 433
14179.9 2496.75 1575.3 0.519999 433
14296.4 2858.52 1868.37 0.653429 433
14064.2 2120.87 1275.24 0.322052 434
14179.9 2496.73 1575.3 0.519982 434
14296.4 2858.62 1868.37 0.653495 434
14059.7 2133.94 1275.24 0.332152 435
14171.7 2510.96 1575.3 0.530092 435
14284.5 2873.88 1868.37 0.663519 435
14059.8 2133.89 1275.24 0.332115 436
14171.7 2510.95 1575.3 0.530083 436
14284.5 2873.96 1868.37 0.663569 436
14059.6 2134.37 1275.24 0.332489 437
14171.4 2511.47 1575.3 0.530459 437
14284.2 2874.38 1868.37 0.66385 437
14058.1 2138.69 1275.24 0.335835 438
14168.7 2516.09 1575.3 0.533751 438
14280.1 2879.5 1868.37 0.667229 438
14058 2138.79 1275.24 0.335915 439
14168.6 2516.28 1575.3 0.533885 439
14280 2879.69 1868.37 0.667358 439
14058 2138.78 1275.24 0.335908 440
14168.6 2516.19 1575.3 0.533824 440
14280.1 2879.61 1868.37 0.667304 440
14058.1 2138.78 1275.24 0.335902 441
14168.6 2516.17 1575.3 0.53381 441
14280.1 2879.6 1868.37 0.667298 441
14058 2138.82 1275.24 0.335938 442
14168.6 2516.2 1575.3 0.53383 442
14280.1 2879.54 1868.37 0.667262 442
14058 2138.94 1275.24 0.33603 443
14168.5 2516.35 1575.3 0.533939 443
14279.9 2879.8 1868.37 0.667432 443
14058 2138.92 1275.24 0.33601 444
14168.5 2516.47 1575.3 0.534022 444
14280 2879.71 1868.37 0.667372 444
14058.1 2138.76 1275.24 0.335893 445
14168.6 2516.19 1575.3 0.533824 445
14280.1 2879.56 1868.37 0.667271 445
14059.5 2134.47 1275.24 0.332565 446
14171.4 2511.47 1575.3 0.530458 446
14284.1 2874.47 1868.37 0.66391 446
14059.6 2134.31 1275.24 0.332441 447
14171.5 2511.29 1575.3 0.530325 447
14284.2 2874.31 1868.37 0.663802 447
14059.8 2133.74 1275.24 0.331999 448
14171.8 2510.73 1575.3 0.52993 448
14284.7 2873.63 1868.37 0.66336 448
14059.9 2133.57 1275.24 0.331867 449
14171.9 2510.6 1575.3 0.529837 449
14284.9 2873.44 1868.37 0.663236 449
14059.8 2133.61 1275.24 0.331905 450
14171.9 2510.59 1575.3 0.529829 450
14284.8 2873.53 1868.37 0.663286 450
14059.8 2133.78 1275.24 0.332038 451
14171.9 2510.69 1575.3 0.529901 451
14284.7 2873.66 1868.37 0.663379 451
14059.8 2133.72 1275.24 0.331986 452
14171.9 2510.7 1575.3 0.529907 452
14284.7 2873.67 1868.37 0.663385 452
14059.8 2133.8 1275.24 0.332046 453
14171.8 2510.78 1575.3 0.529962 453
14284.7 2873.7 1868.37 0.6634 453
14059.8 2133.6 1275.24 0.331893 454
14171.9 2510.59 1575.3 0.529831 454
14284.8 2873.5 1868.37 0.66327 454
14059.8 2133.61 1275.24 0.331898 455
14171.9 2510.61 1575.3 0.529845 455
14284.9 2873.47 1868.37 0.663253 455
14059.8 2133.6 1275.24 0.331891 456
14171.9 2510.6 1575.3 0.529836 456
14284.9 2873.46 1868.37 0.663244 456
14059.8 2133.62 1275.24 0.331904 457
14171.9 2510.61 1575.3 0.529842 457
14284.8 2873.53 1868.37 0.663287 457
14059.8 2133.61 1275.24 0.331896 458
14171.9 2510.55 1575.3 0.529802 458
14284.9 2873.45 1868.37 0.66324 458
14059.8 2133.61 1275.24 0.331897 459
14171.9 2510.59 1575.3 0.529827 459
14284.8 2873.6 1868.37 0.663332 459
14059.8 2133.73 1275.24 0.331989 460
14171.8 2510.76 1575.3 0.529949 460
14284.7 2873.64 1868.37 0.663367 460
14059.8 2133.61 1275.24 0.3319 461
14171.9 2510.62 1575.3 0.529853 461
14284.8 2873.55 1868.37 0.6633 461
14059.8 2133.65 1275.24 0.33193 462
14171.9 2510.6 1575.3 0.529836 462
14284.8 2873.53 1868.37 0.663291 462
14059.9 2133.58 1275.24 0.33187 463
14171.9 2510.57 1575.3 0.529818 463
14284.9 2873.45 1868.37 0.66324 463
14059.9 2133.56 1275.24 0.331853 464
14172 2510.54 1575.3 0.529789 464
14284.8 2873.49 1868.37 0.663266 464
14059.8 2133.71 1275.24 0.331977 465
14171.9 2510.68 1575.3 0.529891 465
14284.7 2873.62 1868.37 0.663354 465
14059.9 2133.65 1275.24 0.331925 466
14171.8 2510.74 1575.3 0.529939 466
14284.7 2873.62 1868.37 0.663354 466
14059.9 2133.59 1275.24 0.33188 467
14171.9 2510.56 1575.3 0.529803 467
14284.9 2873.45 1868.37 0.663242 467
14059.8 2133.61 1275.24 0.331899 468
14171.9 2510.62 1575.3 0.529854 468
14284.8 2873.58 1868.37 0.663318 468
14059.8 2133.74 1275.24 0.331999 469
14171.8 2510.78 1575.3 0.529962 469
14284.7 2873.68 1868.37 0.663392 469
14059.8 2133.7 1275.24 0.331964 470
14171.8 2510.71 1575.3 0.529915 470
14284.8 2873.61 1868.37 0.663345 470
14059.8 2133.63 1275.24 0.331917 471
14171.9 2510.62 1575.3 0.529849 471
14284.8 2873.54 1868.37 0.663295 471
14059.8 2133.67 1275.24 0.331938 472
14171.9 2510.67 1575.3 0.529881 472
14284.8 2873.6 1868.37 0.663337 472
14059.8 2133.68 1275.24 0.331949 473
14171.9 2510.69 1575.3 0.529901 473
14284.7 2873.69 1868.37 0.663395 473
14059.8 2133.69 1275.24 0.331957 474
14171.9 2510.68 1575.3 0.52989 474
14284.8 2873.61 1868.37 0.663345 474
14059.8 2133.69 1275.24 0.331956 475
14171.8 2510.72 1575.3 0.529924 475
14284.8 2873.6 1868.37 0.663337 475
14059.8 2133.75 1275.24 0.33201 476
14171.8 2510.76 1575.3 0.529947 476
14284.7 2873.69 1868.37 0.663398 476
14059.8 2133.77 1275.24 0.332026 477
14171.8 2510.74 1575.3 0.529932 477
14284.7 2873.68 1868.37 0.663387 477
14059.8 2133.75 1275.24 0.33201 478
14171.9 2510.69 1575.3 0.529901 478
14284.7 2873.74 1868.37 0.663429 478
14059.6 2134.17 1275.24 0.332339 479
14171.6 2511.12 1575.3 0.530206 479
14284.4 2874.12 1868.37 0.663683 479
14059.7 2134.15 1275.24 0.332316 480
14171.6 2511.13 1575.3 0.530214 480
14284.3 2874.16 1868.37 0.663707 480
14059.7 2134.16 1275.24 0.332328 481
14171.6 2511.19 1575.3 0.53026 481
14284.3 2874.19 1868.37 0.663721 481
14059.6 2134.18 1275.24 0.332343 482
14171.6 2511.19 1575.3 0.530259 482
14284.3 2874.16 1868.37 0.663705 482
14059.6 2134.29 1275.24 0.332429 483
14171.5 2511.28 1575.3 0.530321 483
14284.2 2874.26 1868.37 0.663777 483
14059.7 2134.15 1275.24 0.332316 484
14171.6 2511.15 1575.3 0.530223 484
14284.4 2874.12 1868.37 0.663678 484
14059.6 2134.3 1275.24 0.332436 485
14171.5 2511.31 1575.3 0.530344 485
14284.2 2874.31 1868.37 0.663804 485
14064 2121.29 1275.24 0.322378 486
14179.7 2497.2 1575.3 0.52032 486
14296 2859.04 1868.37 0.653767 486
14064.2 2120.81 1275.24 0.322004 487
14180 2496.66 1575.3 0.519936 487
14296.5 2858.41 1868.37 0.653358 487
14064.2 2120.86 1275.24 0.322048 488
14179.9 2496.74 1575.3 0.51999 488
14296.5 2858.42 1868.37 0.653364 488
14064.2 2120.8 1275.24 0.321997 489
14180 2496.69 1575.3 0.519952 489
14296.5 2858.4 1868.37 0.653359 489
14064.2 2120.79 1275.24 0.32199 490
14180 2496.68 1575.3 0.519951 490
14296.5 2858.49 1868.37 0.65341 490
14064.2 2120.81 1275.24 0.322004 491
14180 2496.67 1575.3 0.519942 491
14296.5 2858.44 1868.37 0.653381 491
14064.2 2120.84 1275.24 0.322029 492
14179.9 2496.75 1575.3 0.519999 492
14296.5 2858.48 1868.37 0.653406 492
14064.2 2120.81 1275.24 0.322001 493
14179.9 2496.76 1575.3 0.520002 493
14296.5 2858.46 1868.37 0.653393 493
14064.2 2120.88 1275.24 0.322061 494
14180 2496.68 1575.3 0.519945 494
14296.5 2858.44 1868.37 0.653383 494
14064.2 2120.83 1275.24 0.322017 495
14180 2496.71 1575.3 0.519971 495
14296.4 2858.57 1868.37 0.653464 495
14064.2 2120.81 1275.24 0.322004 496
14180 2496.67 1575.3 0.519942 496
14296.5 2858.46 1868.37 0.653397 496
14064.2 2120.83 1275.24 0.322019 497
14179.9 2496.74 1575.3 0.519989 497
14296.5 2858.46 1868.37 0.653397 497
14064.2 2120.87 1275.24 0.322052 498
14179.9 2496.73 1575.3 0.519982 498
14296.4 2858.52 1868.37 0.653429 498
14064.2 2120.87 1275.24 0.322051 499
14179.9 2496.74 1575.3 0.51999 499
14296.5 2858.49 1868.37 0.653412 499
14064.4 2120.55 1275.24 0.321787 500
14180.2 2496.37 1575.3 0.519723 500
14296.6 2858.28 1868.37 0.653282 500
14064.8 2119.82 1275.24 0.321166 501
14180.6 2495.77 1575.3 0.519284 501
14262.4 2832.99 1825.91 0.653668 501
14433.7 3002.17 2060 0.667858 502
14063.7 2184.11 1317.05 0.365419 504
14175.4 2562.52 1606.8 0.555815 504
14271.9 2911.41 1868.37 0.682795 504
14053.7 2202.72 1317.05 0.380549 505
14166 2577.81 1606.8 0.566638 505
14767.6 3776.92 2770.35 0.807186 506
13740 1986.87 945.178 0.297952 510
13904.8 2329.36 1255.31 0.513433 510
14024.5 2711.2 1545 0.683294 510
14173.3 3109.83 1868.37 0.791164 510
13742.5 1980.22 945.178 0.290963 511
13909 2321.75 1255.31 0.506761 511
14030.7 2702.67 1545 0.676778 511
14182 3099.56 1868.37 0.78446 511
13742.9 1980.25 945.178 0.290892 512
13909 2321.87 1255.31 0.506868 512
14030.1 2702.83 1545 0.677089 512
14180.9 3099.62 1868.37 0.784844 512
13743.1 1979.18 945.178 0.289825 513
13927.7 2329.19 1275.24 0.504843 513
14031.5 2701.21 1545 0.675768 513
14215.6 3130.62 1912.86 0.783567 513
13745.6 1970.62 945.178 0.281055 514
13915.2 2310.5 1255.31 0.496926 514
14040.2 2690.21 1545 0.667096 514
14195 3085.65 1868.37 0.77492 514
13743.2 1979.12 945.178 0.289742 515
13909.8 2320.42 1255.31 0.505599 515
14031.4 2701.23 1545 0.675823 515
14215.4 3130.71 1912.86 0.783687 515
13743.1 1979.41 945.178 0.290038 516
13909.6 2320.82 1255.31 0.505946 516
14031 2701.64 1545 0.67615 516
14215 3131.05 1912.86 0.783948 516
13743.1 1979.43 945.178 0.290056 517
13909.6 2320.75 1255.31 0.505887 517
14031.1 2701.49 1545 0.676047 517
14182.3 3098.18 1868.37 0.783853 517
13743.2 1979.34 945.178 0.289956 518
13909.6 2320.72 1255.31 0.50586 518
14031.1 2701.45 1545 0.67602 518
14182.3 3098.15 1868.37 0.783839 518
13745.7 1970.69 945.178 0.281103 519
13915.2 2310.57 1255.31 0.496986 519
14040.1 2690.13 1545 0.667092 519
14227.8 3118.05 1912.86 0.775015 519
13745.8 1970.27 945.178 0.280659 520
13915.4 2310.18 1255.31 0.496651 520
14040.4 2689.71 1545 0.666763 520
14228.4 3117.29 1912.86 0.774543 520
13743.6 1978.03 945.178 0.288604 521
13910.4 2319.3 1255.31 0.504619 521
14032.4 2699.9 1545 0.67479 521
14184 3096.44 1868.37 0.782627 521
13743.5 1978.34 945.178 0.288922 522
13910.2 2319.62 1255.31 0.5049 522
14032.1 2700.25 1545 0.675067 522
14183.6 3096.89 1868.37 0.782936 522
13745.8 1970.5 945.178 0.280899 523
13933.2 2319.05 1275.24 0.49612 523
14040.2 2690.11 1545 0.667069 523
14227.9 3117.94 1912.86 0.77494 523
13745.7 1970.55 945.178 0.280949 524
13915.2 2310.43 1255.31 0.496865 524
14040.2 2690.01 1545 0.666996 524
14228 3117.83 1912.86 0.774882 524
13745.8 1970.43 945.178 0.280816 525
13915.3 2310.34 1255.31 0.496788 525
14040.2 2690.01 1545 0.667 525
14228 3117.77 1912.86 0.774849 525
13745.9 1970.25 945.178 0.280624 526
13915.4 2310.13 1255.31 0.496603 526
14040.4 2689.72 1545 0.666801 526
14228.1 3117.53 1912.86 0.774723 526
13746 1970.13 945.178 0.280496 527
13915.5 2310.02 1255.31 0.496515 527
14040.4 2689.62 1545 0.66673 527
14195.2 3084.83 1868.37 0.774549 527
13746 1970.05 945.178 0.28041 528
13915.5 2309.99 1255.31 0.496488 528
14040.4 2689.61 1545 0.66672 528
14194.7 3085.7 1868.37 0.77503 528
13746 1970 945.178 0.280349 529
13915.5 2309.97 1255.31 0.496472 529
14040.5 2689.5 1545 0.666645 529
14194.9 3085.33 1868.37 0.774823 529
13745.8 1970.41 945.178 0.280797 530
13933.3 2318.88 1275.24 0.495972 530
14040.3 2689.84 1545 0.66688 530
14195.2 3084.77 1868.37 0.774516 530
13742 1982.52 945.178 0.293282 531
13925.6 2333.03 1275.24 0.508155 531
14028.2 2705.34 1545 0.679016 531
14178.4 3102.4 1868.37 0.786716 531
13742.6 1979.5 945.178 0.290271 532
13909.8 2320.48 1255.31 0.505645 532
14032 2701.11 1545 0.675529 532
14183.9 3097.6 1868.37 0.783078 532
13742.7 1979.23 945.178 0.289989 533
13909.9 2320.17 1255.31 0.505377 533
14032.2 2700.79 1545 0.675289 533
14184.3 3097.12 1868.37 0.782779 533
13745.2 1970.83 945.178 0.281351 534
13915.3 2310.36 1255.31 0.496802 534
14040.7 2689.92 1545 0.66675 534
14195.9 3085.2 1868.37 0.774421 534
13745.4 1970.77 945.178 0.281258 535
13915.3 2310.4 1255.31 0.496842 535
14040.5 2690.03 1545 0.6669 535
14195.4 3085.6 1868.37 0.774766 535
13742.9 1979.52 945.178 0.290209 536
13909.6 2320.81 1255.31 0.505941 536
14031.3 2701.51 1545 0.675969 536
14182.8 3098.01 1868.37 0.783591 536
13745.3 1971.3 945.178 0.281774 537
13914.9 2311.13 1255.31 0.49748 537
14039.8 2690.82 1545 0.667555 537
14194.4 3086.3 1868.37 0.775346 537
13909.8 2320.43 1255.31 0.505602 538
14031.5 2701.12 1545 0.675698 538
14183.1 3097.51 1868.37 0.783326 538
13743.2 1978.98 945.178 0.289595 539
13909.8 2320.34 1255.31 0.505526 539
14031.5 2701.04 1545 0.675677 539
14215.6 3130.44 1912.86 0.783527 539
13743.3 1978.97 945.178 0.28958 540
13909.9 2320.27 1255.31 0.505464 540
14031.5 2701.04 1545 0.67568 540
14215.7 3130.29 1912.86 0.783448 540
13743.2 1979.01 945.178 0.289625 541
13909.8 2320.32 1255.31 0.505511 541
14031.5 2701.05 1545 0.675687 541
14215.8 3130.04 1912.86 0.783313 541
13743.3 1978.91 945.178 0.289512 542
13909.9 2320.23 1255.31 0.505432 542
14031.5 2701 1545 0.675648 542
14215.8 3130.05 1912.86 0.783315 542
13743.3 1978.92 945.178 0.289523 543
13909.9 2320.19 1255.31 0.505394 543
14031.6 2700.85 1545 0.675548 543
14215.8 3130.04 1912.86 0.783309 543
13743.3 1978.89 945.178 0.289499 544
13909.9 2320.2 1255.31 0.505403 544
14031.6 2700.82 1545 0.675526 544
14215.7 3130.16 1912.86 0.783376 544
13743.3 1978.88 945.178 0.289486 545
13909.9 2320.16 1255.31 0.505371 545
14031.6 2700.86 1545 0.675549 545
14215.9 3129.93 1912.86 0.783249 545
13743.3 1978.91 945.178 0.289519 546
13909.9 2320.15 1255.31 0.505365 546
14031.6 2700.82 1545 0.675527 546
14215.8 3130.01 1912.86 0.78329 546
13743.3 1978.87 945.178 0.289473 547
13909.9 2320.21 1255.31 0.505415 547
14031.6 2700.82 1545 0.675522 547
14215.9 3129.94 1912.86 0.783253 547
13743.3 1978.86 945.178 0.289463 548
13909.9 2320.17 1255.31 0.505381 548
14031.6 2700.83 1545 0.675528 548
14183 3097.39 1868.37 0.783319 548
13743.3 1978.82 945.178 0.289423 549
13909.9 2320.14 1255.31 0.505355 549
14031.6 2700.83 1545 0.675532 549
14183 3097.44 1868.37 0.783347 549
13743.3 1978.79 945.178 0.289385 550
13909.9 2320.15 1255.31 0.505362 550
14031.6 2700.78 1545 0.675499 550
14215.9 3129.95 1912.86 0.783258 550
13743.3 1978.85 945.178 0.289445 551
13909.9 2320.18 1255.31 0.505386 551
14031.6 2700.83 1545 0.675531 551
14215.8 3130 1912.86 0.783286 551
13743.3 1978.91 945.178 0.289514 552
13909.9 2320.16 1255.31 0.50537 552
14031.6 2700.82 1545 0.675527 552
14215.7 3130.21 1912.86 0.783397 552
13743.3 1978.83 945.178 0.289427 553
13909.9 2320.13 1255.31 0.505344 553
14031.6 2700.82 1545 0.675521 553
14183 3097.46 1868.37 0.783359 553
13743.3 1978.82 945.178 0.289414 554
13909.9 2320.15 1255.31 0.505361 554
14031.6 2700.84 1545 0.675537 554
14183.1 3097.26 1868.37 0.783245 554
13743.3 1978.91 945.178 0.289512 555
13909.9 2320.22 1255.31 0.505425 555
14031.6 2700.88 1545 0.675562 555
14215.9 3129.93 1912.86 0.783247 555
13743.3 1978.95 945.178 0.289556 556
13909.8 2320.33 1255.31 0.505519 556
14031.5 2701.03 1545 0.675668 556
14182.9 3097.55 1868.37 0.783408 556
13743.3 1978.95 945.178 0.289563 557
13909.8 2320.3 1255.31 0.505495 557
14031.5 2701.1 1545 0.675717 557
14215.8 3130.09 1912.86 0.783333 557
13743.3 1978.95 945.178 0.289555 558
13909.8 2320.3 1255.31 0.505495 558
14031.5 2700.98 1545 0.675637 558
14183 3097.4 1868.37 0.783323 558
13743.2 1978.97 945.178 0.289588 559
13909.9 2320.28 1255.31 0.505471 559
14031.5 2701 1545 0.675649 559
14183.2 3097.01 1868.37 0.78311 559
13743.3 1978.95 945.178 0.289563 560
13909.9 2320.27 1255.31 0.505463 560
14031.5 2701.04 1545 0.675678 560
14182.9 3097.54 1868.37 0.7834 560
13743.2 1978.99 945.178 0.289599 561
13909.8 2320.32 1255.31 0.505509 561
14031.5 2700.98 1545 0.675635 561
14183 3097.33 1868.37 0.783287 561
13743.3 1978.95 945.178 0.289556 562
13909.8 2320.31 1255.31 0.505503 562
14031.5 2701.06 1545 0.675689 562
14183 3097.39 1868.37 0.783319 562
13743.2 1978.99 945.178 0.289609 563
13909.9 2320.28 1255.31 0.505477 563
14031.5 2701.08 1545 0.6757 563
14182.9 3097.62 1868.37 0.783442 563
13743.3 1978.95 945.178 0.289555 564
13909.8 2320.29 1255.31 0.505486 564
14031.5 2701.05 1545 0.675682 564
14182.9 3097.55 1868.37 0.783407 564
13743.3 1978.94 945.178 0.289547 565
13909.8 2320.3 1255.31 0.505495 565
14031.5 2701.09 1545 0.675708 565
14182.9 3097.53 1868.37 0.783393 565
13743.2 1978.98 945.178 0.289595 566
13909.8 2320.35 1255.31 0.505538 566
14031.5 2701.06 1545 0.675689 566
14183 3097.31 1868.37 0.783272 566
13743.3 1978.95 945.178 0.289562 567
13909.8 2320.3 1255.31 0.505494 567
14031.5 2701.06 1545 0.67569 567
14182.9 3097.53 1868.37 0.783393 567
13744.3 1975.53 945.178 0.286054 568
13912.1 2316.28 1255.31 0.501978 568
14035 2696.63 1545 0.672186 568
14187.9 3092.51 1868.37 0.779863 568
13744.3 1975.44 945.178 0.285962 569
13912.1 2316.19 1255.31 0.501897 569
14035.1 2696.54 1545 0.672111 569
14188.1 3092.2 1868.37 0.779663 569
13744.3 1975.46 945.178 0.285985 570
13912.1 2316.18 1255.31 0.501889 570
14035.1 2696.51 1545 0.672094 570
14188 3092.47 1868.37 0.779813 570
13744.3 1975.44 945.178 0.285962 571
13912.1 2316.17 1255.31 0.501878 571
14035.2 2696.48 1545 0.672068 571
14188 3092.37 1868.37 0.779761 571
13744.3 1975.44 945.178 0.285967 572
13912.1 2316.17 1255.31 0.501882 572
14035.1 2696.48 1545 0.672072 572
14188 3092.38 1868.37 0.779766 572
13744.3 1975.44 945.178 0.285967 573
13912.1 2316.17 1255.31 0.501882 573
14035.1 2696.48 1545 0.672072 573
14188 3092.38 1868.37 0.779766 573
13744.3 1975.44 945.178 0.285967 574
13912.1 2316.17 1255.31 0.501882 574
14035.1 2696.48 1545 0.672072 574
14188 3092.38 1868.37 0.779766 574
13744.3 1975.44 945.178 0.285967 575
13912.1 2316.17 1255.31 0.501882 575
14035.1 2696.48 1545 0.672072 575
14188 3092.38 1868.37 0.779766 575
13744.3 1975.44 945.178 0.285967 576
13912.1 2316.17 1255.31 0.501882 576
14035.1 2696.48 1545 0.672072 576
14188 3092.38 1868.37 0.779766 576
13744.3 1975.44 945.178 0.285967 577
13912.1 2316.17 1255.31 0.501882 577
14035.1 2696.48 1545 0.672072 577
14188 3092.38 1868.37 0.779766 577
