# x y d a f
13563.2 6298.22 5021.26 0.113016 255
13757 5691.41 5021.26 -0.00228386 256
13898.5 5236.33 5021.26 -0.0840401 257
13988.8 4473.43 5021.26 -0.20254 258
14048.1 4230.14 5021.26 -0.24455 259
14123.5 4085.06 5021.26 -0.266976 260
14348.5 4148.3 5021.26 -0.235231 261
14535.1 4479.86 5021.26 -0.168456 262
14696.8 4865.33 5021.26 -0.0949121 263
14927.2 5538.13 5021.26 0.0253208 264
15026.9 5635.75 5021.26 0.0371525 265
15231.2 5180.39 5021.26 -0.0597911 266
15231.2 5180.39 5021.26 -0.0597911 267
15274.1 4040.36 5021.26 -0.277495 268
15068.4 3125.92 5021.26 -0.454635 269
14767.3 2202.92 5021.26 -0.626096 270
14638.4 1766.04 5021.26 -0.6982 271
14660.1 1667.38 5021.26 -0.707901 272
14713 1536.37 5021.26 -0.719348 273
14799.4 1455.3 5021.26 -0.718826 274
14874 1369.2 5021.26 -0.721521 275
14854.8 1146.89 5021.26 -0.756818 276
14664.4 759.196 5021.26 -0.835467 277
14450.6 405.78 5021.26 -0.909693 278
14000.2 -71.8993 5021.26 -1.03108 279
13662.5 -411.858 5021.26 -1.11684 280
12345.2 -224.865 5021.26 -0.513526 429
12550.2 -100.42 5021.26 -0.475824 430
12773.7 73.7554 5021.26 -0.428655 431
12911.4 105.056 5021.26 -0.414047 432
13087.4 -111.035 5021.26 -0.4429 433
13115.2 -312.735 5021.26 -0.476632 434
13112.6 -573.621 5021.26 -0.521474 435
13295.8 -477.343 5021.26 -0.488295 436
13443.1 -351.871 5021.26 -0.455679 437
13573.2 -221.498 5021.26 -0.423623 438
13652.7 -134.507 5021.26 -0.404867 439
13654.5 -165.334 5021.26 -0.411685 440
13637.3 -175.227 5021.26 -0.414796 441
13607.4 -160.05 5021.26 -0.414662 442
13577.4 -144.375 5021.26 -0.413531 443
13577.4 -144.375 5021.26 -0.413531 444
13563.7 -140.882 5021.26 -0.41371 445
13554.9 -131.737 5021.26 -0.413138 446
13545.4 -131.694 5021.26 -0.413632 447
13539.1 -129.999 5021.26 -0.413629 448
13536.5 -123.621 5021.26 -0.413072 449
13531.4 -123.281 5021.26 -0.413579 450
13532.2 -118.818 5021.26 -0.413064 451
13532.7 -116.809 5021.26 -0.412987 452
13532.2 -121.101 5021.26 -0.413411 453
13532.3 -122.932 5021.26 -0.413584 454
13532.6 -124.104 5021.26 -0.41363 455
13535.8 -118.165 5021.26 -0.412988 456
13536.3 -117.527 5021.26 -0.413122 457
13537 -116.402 5021.26 -0.413126 458
13537.8 -114.796 5021.26 -0.413006 459
13538.8 -112.957 5021.26 -0.413003 460
13537.3 -117.14 5021.26 -0.413564 461
13537 -118.638 5021.26 -0.413584 462
13538.2 -115.92 5021.26 -0.412996 463
13538.2 -115.393 5021.26 -0.413124 464
13537 -118.805 5021.26 -0.413568 465
13536.3 -121.193 5021.26 -0.413584 466
13538.1 -115.725 5021.26 -0.412974 467
13538.4 -114.607 5021.26 -0.412974 468
13537.2 -117.947 5021.26 -0.413394 469
13536.4 -120.21 5021.26 -0.413617 470
13538.3 -114.812 5021.26 -0.412975 471
13536.7 -119.075 5021.26 -0.413602 472
13537.9 -116.189 5021.26 -0.412997 473
13538.3 -114.935 5021.26 -0.412974 474
13538.2 -115.188 5021.26 -0.412995 475
13538.5 -114.043 5021.26 -0.412975 476
13539 -112.245 5021.26 -0.412975 477
13539.5 -110.787 5021.26 -0.412976 478
13539.7 -110.163 5021.26 -0.412976 479
13539.7 -110.163 5021.26 -0.412976 480
13539.7 -110.163 5021.26 -0.412976 481
13539.7 -110.163 5021.26 -0.412976 482
13539.7 -110.163 5021.26 -0.412976 483
13539.7 -110.163 5021.26 -0.412976 484
13539.7 -110.163 5021.26 -0.412976 485
13539.7 -110.163 5021.26 -0.412976 486
