# x y
6974.99 3122.48
6442.3 2883.64
6974.99 3122.72
6442.29 2887.28
16994.8 -200.56
16998.2 -199.815
17565.2 -333.216
16999.2 -200.876
16998.5 -201.466
17566.6 -331.873
16997.2 -202.915
17566.1 -331.044
16998.9 -199.307
17569.8 -325.76
17566.4 -330.074
17000.2 -197.245
11450.6 712.738
16997.8 -200.416
17000.5 -196.797
16999.9 -197.684
17569.3 -326.245
16999.2 -198.559
16997.2 -201.246
17000.8 -196.441
17569.4 -326.148
17000.8 -196.483
16998.7 -199.245
17567.1 -329.115
17000.5 -196.919
11407.9 732.602
16999.2 -198.609
11428.9 722.872
16997.9 -200.363
16998.5 -199.51
16998.4 -199.702
16999.1 -198.698
11450.3 712.285
16997.6 -200.761
11450.2 712.145
11428.1 721.817
16998.1 -200.075
11450.1 712.061
11450.6 712.753
16999.1 -198.774
11450.5 712.577
17567.6 -328.47
11428.9 722.83
11428.6 722.42
16997.4 -200.958
11428.1 721.854
11450.2 712.142
11471.8 700.59
11449.7 711.578
11450.4 712.532
11386.3 740.369
16997.7 -200.514
11406.1 730.226
11406.2 730.423
11450.1 712.044
11428.4 722.206
11449.8 711.607
11428.1 721.771
11428.5 722.339
11449.8 711.714
11450.3 712.31
11449.9 711.806
16998.1 -199.979
11450.1 712.117
16999.1 -198.724
11406 730.074
11450.5 712.581
16998.6 -199.437
11450.6 712.69
11450 711.986
11428.7 722.644
11450.1 712.023
13098.4 -1324.98
11450.1 712.098
11450.5 712.643
11429.2 723.313
16997.2 -201.233
17000.5 -196.554
16998.4 -199.26
16998.4 -199.306
11450 711.885
11450.5 712.637
11449.9 711.768
11472.7 701.725
16997.3 -201.415
16007.2 -754.174
18830.9 -6855.72
19444.8 -42.4803
15683.1 -4038.37
11390.8 1177.71
13127.3 1064.3
10735.9 1123.22
13108.2 1087.24
12992.2 1051.32
17699.8 -669.171
13072.5 1073.01
17072.2 -424.602
13604.6 1290.61
13052.5 1080.44
13356.7 1336.1
12958.2 1125.43
16530.5 -185.919
12946 1100
13454.4 1303.54
13438 1310.24
16039.5 -118.748
13018.7 1126.3
13429 1341.66
13413.9 1340.1
13006.7 1126.15
13396.6 1328.02
12903.6 1122.54
12887.2 1106.63
13376.3 1306.16
13361.5 1271.79
12962.4 1069.93
12959 1101.69
13352.5 1308.96
10792.8 1109.77
12947.5 1100.88
13848.3 1631.33
13337.9 1308.02
13451.6 1348.81
13990.1 1689.97
12948.7 1137.64
13990.2 1690.21
13451.9 1349.81
10759.3 1128.11
13451.4 1367.96
12949.7 1152.62
13833.8 1695.18
12950.4 1152.85
13451.8 1367.5
13835.1 1697.48
16957.6 -223.041
13039.2 1136.6
13448.8 1357.2
13832.8 1685.01
16950.2 -242.934
10756.2 1125.29
13446.7 1351.54
13982.9 1692.32
13447.6 1361.91
13983.2 1706.24
10791.9 1117.7
13197.3 681.927
13442.9 1349.17
12942.8 1137.57
13977.1 1689
12937.8 1128.08
13818.1 1662.12
13436.7 1336.43
12933.5 1127.28
13962 1672.45
13431.3 1336.37
12930.2 1133.42
13954.8 1681.83
13425.9 1342.69
12922.2 1123.69
13791.3 1653.99
13416.6 1332.27
12913.8 1112.58
13928.3 1647.26
13405.1 1315.73
16380 -196.767
12906.9 1117.29
13761.3 1640.15
13394.5 1322.27
16376.8 -185.05
12904.8 1121.87
13748.9 1644.32
13388.1 1327.88
12895.1 1092
13885.4 1617.21
13376.4 1291.89
16355.7 -245.011
12699 1727.72
12887.1 1087.43
13365.2 1286.33
13868.6 1607.12
12613.4 1719.33
13699.9 1598.01
13351.6 1290.29
12479.9 1674.22
12785.5 1071.71
13552.4 1549.93
13227.4 1257.72
15502.4 -95.5663
12521.2 1688.52
12861.8 1073.34
11342.3 1171.46
13812.7 1581.53
13326.9 1266.93
12567.8 1709.95
12853.7 1087.75
13647.6 1586.89
11243.6 1354.45
13304.4 1333.91
13628.5 1640.84
13150.5 2024.97
12541 1715.39
12842.9 1101.05
13763.5 1611.45
13296 1297.99
12510.8 1721.12
13106.7 2027.15
11236.2 1364.86
12829.7 1112.1
13729.3 1620.55
12559.9 1743.26
13444.6 2305.1
13711.6 1637.54
13263.6 1325.93
12824 1128.03
12544.4 1756.01
13417.4 2320.49
13061.4 2054.53
11237.5 1377.62
13695.7 1657.41
12531 1763.66
13042.2 2062.28
12814.3 1153.62
13277.1 2294.18
11232.5 1381.53
13681.8 1670.54
11538.9 1720.17
13373.5 2332.32
13671.2 1680.86
13359.3 1364.43
12586.2 1777.89
13120.8 2085.44
13365.8 2325.71
13358.9 1360.83
13821.6 1691.28
12576.7 1775.76
13108.4 2086.19
12898.6 1153.68
13350.9 2324.78
13811.9 1692.42
13352.7 1364.2
11546.4 1716.53
13340.1 2313.33
13346.5 1354.76
13766.7 2653.62
13651 1668.17
13336.9 2285.73
11545.2 1705.72
12891.5 1125.77
13763.1 2623.56
13800.7 1655.47
13343.8 1331.13
12891.6 1130.82
12561.5 1752.54
13087.2 2054.71
13325.6 2288.94
13794.7 1658.14
13341.6 1337.03
13747.9 2624.24
11560.4 1712.71
13314.3 2292.69
11249.5 1372.89
13732.7 2627.59
13790 1667.75
12550 1757.03
11555.1 1712.11
13716.9 2626.11
13302 2292.35
13783.5 1671.65
13337.3 1347.21
13055.7 2064.5
12889.3 1146.99
13407.3 2331.22
13622.5 1665.31
13331.8 1354.28
13696.9 2628.73
12610.2 1756.5
13158.1 2063.33
13405.1 2302.47
11257.8 1366.08
13772 1650.71
13849.1 2649.31
16411.5 -194.416
12595.5 1777.65
13137.6 2088.73
13380.2 2329.79
13322.4 1358.49
13817.8 2679.58
12594.4 1759.6
13378.6 2302.04
13136.1 2063.6
13320.9 1333.34
13756.8 1653.69
13815.8 2645.35
12586.3 1761.91
13798.7 2651.8
13365 2307.32
13125 2069.14
11246.8 1368.87
13749.4 1662.29
12580.1 1784.2
13226 2126.19
13352.3 2339.26
13443.2 1373.64
13908.8 1713.13
13948.2 2747.84
12650.8 1810.19
13220.6 2139.27
13441.3 1386.33
13345.9 2352.76
13905.3 1728.5
13939.9 2763.47
16455.7 -94.7273
12576.4 1795.14
13220.6 2140.11
13441.3 1388.18
13939.9 2765.1
13905.4 1730.54
13217.8 2136.8
13472.4 2389.21
13437.8 1385.16
13937.8 2762.57
12645.1 1811.92
13469.6 2389.05
13215.1 2137
13899.6 1728.78
13435.3 1385.75
13934.9 2762.96
12569.1 1790.17
13213.8 2132.1
13339.5 2345.05
13433.3 1379.56
13733.4 1706.57
13934.1 2756.2
16445.3 -106.325
12567.7 1791.64
13212.2 2133.48
13466.8 2385.85
13432.2 1381.37
13932.2 2759.14
12641.7 1806.11
13211.7 2133.43
13466.3 2386.07
13896.1 1723.03
13431.8 1381.19
13931.7 2758.77
12641.7 1806.16
13211.8 2132.37
13466.5 2384.77
13731.6 1706.86
13431.7 1381.12
13932 2757.65
12721.1 1820.61
13212.3 2130.72
13467 2383.82
13431.8 1378.99
13896.4 1721.24
13932.7 2756.06
13467.4 2385
13212.6 2131.39
13933.1 2756.68
13432.1 1380.35
13896.8 1722.44
13467.5 2387.23
13212.7 2133.88
13933.1 2759.08
13896.8 1724.59
13432.2 1382.69
12643.3 1804.99
13213.8 2138.26
13468.5 2390.56
13433.3 1386.91
13898 1731.24
13934.2 2765.29
12723.9 1825.65
13936.5 2765.81
13470.4 2392.47
13215.4 2138.67
13434.4 1387.96
13899.4 1732.61
13070.8 1167.71
13470.6 2395.93
11558.2 1730.77
11251.6 1379.4
13936.6 2769
13899.5 1737.59
12646.1 1805.01
13939.1 2761.77
13472.6 2388.81
11559.4 1727.83
11252.3 1376.89
13900.7 1731.06
16444.7 -87.8074
13344 2328.62
13106.3 2088.72
13774.4 2677
13734.6 1689.32
13305.1 1364.63
15985.3 -24.5916
13340.6 2318.38
13103.4 2080.13
13770.3 2666.2
13303.5 1356.33
12568 1759.44
13102.9 2066.95
13340 2303.59
13303 1343.99
13769.6 2646.91
13098.3 2071.47
13333.9 2308.36
13302.9 1350.02
13761.2 2651.74
13729.6 1671.99
12715.1 1797.42
11550.7 1710.25
13327 2310.68
11247.7 1363.76
13752.3 2653.53
12711.3 1795.03
13320.7 2307.99
13087.6 2072.12
13299.9 1352.95
13744.2 2650.88
11545.1 1709.57
13313.9 2311.8
13299.8 1358.59
13735 2652.21
12629.2 1771.76
13313.7 2293.69
13082.3 2059.2
13299.6 1342.46
13734.7 2630.11
12704.7 1785.65
13307.6 2290.59
13077.6 2057.49
13298.6 1340.67
13726.9 2627.64
13074.8 2043.2
13723.3 2609.26
13304.6 2274.99
11243.5 1350.96
13715.5 1645.04
12695.5 1768.77
13423.7 2303.27
13067 2035.89
13291.5 1320.65
13713.5 2599.12
12769.9 1805.16
13407.3 2330.72
11550.7 1706.17
11235 1357.87
13856.4 2686.61
13156.8 2087.78
13398.7 2331.06
11232.5 1357.89
13845.6 2686.89
12681.5 1777.17
13157 2070.73
11507.1 1031.59
13399 2312.24
13286.6 1334.57
13846 2663.83
12761 1798.53
13150.6 2080.01
13390.6 2321.01
13414.2 1345.4
13834.5 2672.88
13382.3 2325.03
13143.9 2084.11
11230 1356.39
13824.1 2677.06
12664.6 1799.96
13023 2070.34
13366.7 2338.83
13803.6 2691.91
13282.8 1366.14
13367.4 2322.49
13132.3 2082.55
13283.5 1351.2
13804.5 2671.51
13498.7 2362.92
13128.4 2083.74
11243.1 1356.42
13797.7 2672.58
13357.2 2320.32
13124.4 2081.43
13967.1 2731.63
11242.3 1355.43
13487.3 2362.6
13119.6 2083.65
11240.9 1355.54
13959.2 2733.22
11549.5 1701.23
13352 2310.12
11225.4 1351.48
13784.1 2656.2
12736.4 1796.24
11572.6 1706.85
13346.3 2310.43
11239.1 1350.94
13777 2656.14
12734 1804.73
11570.5 1711.23
13340.6 2320.16
11223.6 1353.92
13769.1 2666.21
12734.8 1793.52
13112.3 2069.94
13770.3 2649.81
13477.3 2346.06
11224 1349.11
11568.8 1702.09
13337.5 2301.92
13283.4 1338.39
13764.9 2644.07
13200.7 2260.03
11537.8 1694.29
11208.7 1346.33
13588.4 2581.22
12995.5 2008.75
11194.6 1336.19
13591.6 2546.61
13203.5 2230.42
11209.8 1349.5
11532.1 1696.8
13186.3 2263.89
13568.2 2582.19
11303 1256.76
11557.2 1701.31
11210.1 1348.19
13307.7 2295.95
13722.3 2634.97
12718.4 1800.79
11553.7 1706.85
11224.6 1352.33
13712.7 2648.39
13300.4 2308.81
11223.3 1352.8
11578.9 1714.62
13709 2650.4
13431.3 2352.02
12802.7 1820.32
11577.3 1715.76
11222.3 1353.82
13878.6 2716.75
13428.7 2355.01
12802.7 1819.65
11577.3 1715.98
11222.2 1354.06
13878.4 2717.81
13428.6 2355.93
11221.5 1354.01
11576.6 1715.33
13427.9 2356.04
13877.5 2718.93
11220.9 1353.45
13192 2109.47
13427.3 2356.2
13877.2 2718.4
13419.7 1359.78
13191.7 2108.8
13427.3 2354.39
13877.2 2717.11
11220.5 1353.19
11575.7 1715.2
13427.2 2355.55
13877.1 2717.53
11220.3 1353.2
11575.4 1715.07
13426.8 2355.69
13876.6 2718.05
11220.2 1352.68
13191.6 2107.9
13427.1 2354.33
13877.1 2716.36
11220.2 1352.89
13191.1 2110.2
13426.5 2356.39
13876.5 2717.62
11220.3 1352.77
11575.4 1714.92
13426.6 2356.36
13876.4 2718.59
11220.5 1352.24
11575.7 1714.26
13427.1 2355.24
13877.2 2716.95
11220.5 1352.25
11575.7 1714.31
13427.2 2354.92
13877.2 2716.86
11220.6 1352.01
13191.9 2108.06
13427.4 2354.7
13877.5 2716.39
12801.1 1819.62
11220.7 1351.95
11576 1713.94
13427.5 2354.78
13877.4 2716.98
11576.1 1713.73
11220.8 1351.75
13427.7 2354.42
13877.8 2715.78
11220.9 1351.96
11576.1 1714.01
13427.5 2354.93
13877.5 2716.9
11221 1352.29
13192 2108.68
13427.3 2355.99
13877.2 2717.67
11221 1352.31
13192 2108.86
13427.4 2355.75
13877.2 2717.86
11221.1 1351.95
13192.2 2108.28
13427.7 2355
13877.5 2717.79
11576.3 1713.92
11221.1 1351.89
13427.7 2355.18
13877.6 2717.3
11576.3 1713.95
11221.1 1351.98
13427.7 2355
13877.6 2717.59
11576.4 1713.77
11221.2 1351.72
13427.9 2354.98
13877.9 2716.58
11576.3 1713.95
11221.2 1351.94
13427.7 2355.53
13877.6 2717.45
11576.4 1713.89
13427.9 2354.89
13420.2 1359.6
13878 2716.65
11576.5 1713.45
11221.2 1351.52
13428 2354.62
13878 2716.59
11576.4 1713.94
11221.2 1351.74
13427.7 2355.5
13877.7 2716.86
11576.3 1714.01
11221.2 1351.85
13427.7 2355.48
13877.6 2717.48
11576.3 1713.91
11221.2 1352
13427.6 2355.83
13877.5 2717.8
11576.2 1713.76
11220.9 1351.74
13427.6 2355.2
13877.5 2717.07
11575.9 1713.84
11220.7 1351.85
13427.3 2355.51
13877.2 2717.24
11576 1713.47
11220.8 1351.58
13427.4 2354.71
13877.3 2716.63
11219.1 1352.1
11574.3 1714.08
13425.9 2354.51
13875.8 2716.36
11574.8 1714.14
11219.6 1352.24
13426.2 2355.44
13876.1 2717.61
11574.4 1715.63
11219.3 1353.37
13425.7 2357.4
13875.6 2720.04
11235.2 1358.5
13569.9 2415.54
11602.3 1729.63
14063.7 2804.68
13897.2 2558.7
11266.7 1370.75
11660 1761.09
14500.3 3016.6
13723.1 2538.02
11630 1766.95
11266.4 1380.87
14500.2 3060.99
13740.7 2523.66
11639 1760.6
13700.7 1428.54
14290.4 2955.43
13756.6 2508.61
13333.9 2190.94
11256.4 1369.54
14311.6 2939.57
13753 2544.88
11615.8 1761.06
11272.1 1380.78
14307.4 2981.22
13481.7 2235.37
13699.7 1418.92
14334.7 2957.06
13773.4 2521.22
11652.5 1779.41
11273.3 1387.4
13944.5 2630.29
14565.5 3108.57
13621 2548.78
11599.3 1775.29
11256.9 1394.56
14347.2 3055.14
14172.1 2733.95
11696.5 1801.36
11310.4 1396.36
14877.4 3265.12
13663.4 2537.17
11588.2 1760.53
13695.7 1468.07
14191.7 2961.32
13662.5 2567.85
11587.8 1773.46
14190.5 2998.86
11275.9 1397.26
12861 1829.23
11550.6 1702.49
11244.3 1350.97
13874.4 2707.95
13418.7 2345.17
11550.6 1701.86
11244.3 1350.45
13874.3 2706.41
13418.7 2344.2
12861.3 1830.39
11550.9 1703.97
13419 2348.25
11244.7 1352.07
13874.6 2711.41
12771.1 1820.9
13416.9 2357.21
11550.2 1708.16
11229 1355.27
13871.7 2721.28
12771.1 1816.96
11550.2 1707.5
13416.9 2355.52
11244.8 1354.63
13871.7 2719.56
12774.5 1801.67
11552.9 1698.78
13423.6 2335.03
11245.3 1347.79
13880.7 2696.68
12774.5 1800.89
11552.9 1698.82
13423.6 2335.29
11245.3 1347.84
13880.7 2696.76
12772.4 1811.07
11551.2 1704.24
11244.9 1352.39
13875.2 2709.66
13419.5 2347.49
12860.3 1837.86
11576.2 1715.79
13416.8 2357.86
11244.7 1356.59
14051.6 2787.31
12955.9 1871.56
11603.2 1732.14
13706 2469.99
11261 1363.78
14249.7 2888.31
10839.9 1311.72
13059.3 1927.96
11632 1758.81
13872.3 2571.1
11278 1377.84
14714.4 3122.38
13887.1 2587.82
11609.3 1757.66
11279 1381.45
14491.3 3052.44
12298.6 342.678
12791.2 1858.99
13595.4 2464.84
11565.3 1734.26
13555.1 1419.38
14104.9 2868.95
12792.4 1890.56
11566.1 1752.61
13597.1 2510.36
11248.6 1385
14107.1 2924.28
12735.5 1869.54
11562.6 1747.65
13646.6 2520.68
11242.8 1382.53
14170.7 2943.79
12751.4 1854.89
13677.1 2504.54
11549.9 1733.75
14210.8 2928.79
11247.1 1375.38
11224.2 1478.06
13569.1 2468.87
13415.1 2229.75
11258.3 1375.38
12714.3 1829.24
11561.2 1725.15
11252.3 1368.67
12719.2 1867.31
11564.1 1747.79
13758 2564.73
11254.3 1384.93
11293.8 1579.89
13363.8 2237.51
11249.3 1382.69
12689.4 1852.32
13279.7 2212.51
13512.1 1448.82
13111.3 1207.37
12726.8 1831.23
13023.5 1179.09
13537.8 1412.43
12662.1 1862.71
11213.3 1489.79
11233 1388.51
11256.3 1378.09
13147.3 1190.87
12787 1809.4
11262.9 1467.46
11248.6 1358.6
13049.2 1145.75
12799.4 1785.66
11238 1349.7
12887.1 1812.04
13595.2 1357.11
11277.6 1467.8
13909.9 1385.78
11267.4 1382.05
11219.5 1378.2
13919.5 1768.91
14112.8 1876.31
13686.4 1501.59
17616.1 -64.8589
13723.2 1500.56
13621.8 1466.88
13661.8 1443.72
19504.3 -6884.55
17797.5 -87.982
11380.3 1105.33
11384.6 1108.24
16813.4 -68.9595
11029 925.879
16788.3 -202.686
15869.4 -43.1214
12991.3 979.872
12808.2 1024.95
13186.6 1211.41
12784.8 1046.44
13252.2 1230.84
13220.7 1257.59
12847.8 1061.59
12732.9 1018.91
13176 1195.05
12709.2 1023.8
13136.7 1199.7
11343.2 1030.73
12671.5 914.705
13515.7 1775.52
13658.3 947.284
13088.9 781.388
12886.8 1867.43
13104 1304.69
12853.8 1063.2
12502 915.519
12797.8 1777.09
12995.3 1964.98
12581.3 968.338
12939.4 1128.12
12592.7 1031.57
13032.7 2052.61
12837.2 1856.31
12938.8 1202.47
13277 1467.31
13371.7 2323.92
12887 1932.45
12437.5 1667.28
13187.4 2165.84
13033.9 1264.87
12676.3 1080.43
13380.3 1545.32
13430.3 2425.65
12367.1 1648.99
12785.1 1899.62
12604.6 1079.18
13060.9 2118.79
13252.5 1524.92
12936 1256.37
13281.1 2362.12
12354.6 1654.34
12472.7 1098.45
12849.9 2068.84
12686.6 1882.88
13133.3 1521.28
12845.1 1262.87
13137.9 2319.84
12459.6 1696.01
12822.5 1945.23
13030.6 1289.64
12616.2 1110.6
13000 2144.84
13320.3 2421.24
12271.4 1686.21
12487.1 1142.41
11481 1681.74
12879.4 2136.01
13061.5 2362.19
12274.7 1639.24
12427.9 1097.62
12573.1 1854.46
12767.6 1258.84
12796.1 2049.26
13066.6 2290.09
12378.4 1672.08
12496 1108.91
11493 1666.38
12942.6 1274.82
12956.2 2117.08
13261.8 2382.87
12431.1 1691.39
12568.6 1112.95
11504.6 1676.85
12944.7 1289.36
13037.3 2155.29
13237.4 2394.09
12361.9 1700.81
12574.8 1134.29
12947.3 1314.64
13019.7 2178.5
13337.8 2458.4
12549.4 1738.65
12726.6 1128.37
13224.8 2249.62
11556.9 1707.53
13149.3 1321.21
13594.3 2562.39
12555.1 1705.01
12732.9 1091.19
13156.4 1279.07
13232.4 2204.57
13602.9 2510.64
12550.1 1719.21
12928.6 1981.46
13162 1296.95
13584.2 2528.83
13219 2221.38
12617.8 1737.47
12829.2 1106.89
13019.3 2011.03
13278.1 1304.97
13329.9 2263.14
13724.3 2588.1
12610.3 1752.6
12921.6 1118.21
13113.9 2055.37
13401.9 1325.34
13313.6 2284.78
13703 2611.01
12615.4 1730.29
11590.3 1704.29
13286.6 1299.84
13454 2290.74
13882 2633.56
12605.7 1753.98
13107 2054.55
13406.8 1328.79
13436.8 2321.42
13860.4 2666.45
12594.4 1772.29
13400.5 1354.05
13092.8 2076.76
13840.5 2693.03
13420.4 2344.48
12663.2 1796.41
13393.6 1369.99
13082.2 2090.32
13826.7 2710.07
13408.2 2360.25
20233.6 -952.396
12661 1804.46
13009 1160.01
13390.7 1380.95
13079.8 2099.24
13405.8 2369.63
13823.9 2720.57
12654 1809.6
13001.5 1168.65
11579.8 1743
13383.3 1389.1
13397.8 2376.95
13815.1 2730.56
12649.7 1803.87
11576.4 1736.65
13378.4 1378.38
13395.7 2367.69
13814.6 2718.46
12648.4 1798.57
11574.6 1733.86
13375.9 1374.84
13813.6 2714.19
13394.5 2363.52
12648 1799.98
11574.7 1733.66
13376.2 1373.6
13813.7 2713.78
13394.5 2363.43
12648 1795.24
13068 2088.39
13375.5 1369.74
13814.1 2708.95
13394.8 2358.6
12648.2 1793.64
11574.6 1729.05
13375.7 1367.61
13814.4 2707.51
13394.9 2357.43
12648 1794.45
11574.5 1729.15
13375.5 1368.49
13814.3 2707.78
13394.9 2357.45
12648.7 1793.24
11575.3 1727.78
13376.4 1366.68
13815.3 2705.82
13395.7 2355.96
12647.2 1786.89
11573.8 1723.41
13374 1358.65
13815.9 2696.06
13395.5 2347.59
12648.1 1792.13
11574.8 1725.95
13375.9 1365.41
13814.5 2704.83
13395 2354.74
12649.9 1791.98
13070 2084.77
13377.6 1366.57
13815.9 2705.65
13396.6 2355.18
12649.9 1791.97
11576.6 1725.82
13377.7 1366.2
13815.8 2705.86
13396.6 2355.24
12651.9 1790.73
11578.3 1725.41
13379.4 1365.9
13817.6 2705.17
13398.3 2354.84
12650.5 1784.42
11576.8 1721.51
13377.3 1357.11
13818.5 2695.23
13398.3 2346.51
12650.4 1784.63
11576.9 1721.23
13377.2 1357.52
13818.3 2696.03
13398.2 2346.72
12648.4 1784.72
11574.9 1720.99
13375.5 1356.27
13816.5 2695.14
13396.4 2346.21
12647.2 1783.31
11573.6 1719.97
13373.9 1356.15
13815.3 2694.14
13395.3 2344.43
12646.2 1783.72
11572.8 1719.6
13373.1 1356.34
13814.2 2694.53
13394.3 2344.67
12646.3 1783.39
11572.7 1720.24
13373 1356.62
13814 2695.18
13394.1 2345.38
12645.5 1783.64
11572.1 1719.76
13372.6 1355.66
13813.5 2694.72
13393.5 2345.1
12645.5 1781.98
13066 2074.62
13371.9 1355.98
13813.2 2694.16
13393.3 2344.13
12645.1 1783.16
11571.7 1719.23
13372.2 1354.96
13813.1 2694.29
13393.1 2344.6
12645.5 1781.95
11571.7 1719.71
13372 1355.84
13813.3 2693.89
13393.1 2344.91
12645.4 1782.21
13066 2074.4
13372.1 1355.67
13813.3 2693.85
13393.1 2344.86
12645.6 1782.22
13066.1 2074.92
13372.1 1356
13813.2 2694.64
13393.3 2344.71
12647.1 1783.45
11573.4 1719.96
13374.1 1357.52
13813.9 2697.09
13394.2 2346.86
12648.5 1782.95
13068.6 2076.59
13375.3 1357.76
13815.3 2696.92
13395.7 2346.55
12648.2 1784
13068.8 2075.82
13375.5 1357.06
13815.3 2696.72
13395.6 2346.97
12648 1780.75
13068.7 2072.51
13374.6 1353.7
13815.9 2692.47
13396 2342.6
12646.7 1782.8
11573.6 1718.12
13373.7 1354.4
13815.1 2692.96
13395 2343.63
12646.3 1781.88
13067 2073.77
13372.9 1354.4
13814.4 2693.29
13394.3 2343.75
13719.1 1680.11
13195.6 1127.84
12569.1 1766.99
11572.9 1718.18
13372.7 1355.32
13814.2 2693.95
13394.1 2344.47
13718.9 1680.85
13195 1126.9
12645.9 1780.94
13372 1354.96
11572.3 1718
13813.9 2693.28
13393.7 2344.07
11307.5 1269.2
12568 1768.43
13065.8 2076.04
13371.3 1357.67
13393.2 2345.83
13813 2696.95
13085 1154.26
12642.5 1801.11
11570.9 1729.89
13499.4 1380.29
13532.3 2414.14
13993.8 2792.02
12634.5 1832.21
11566.2 1748.24
13488.6 1422.75
13521.2 2457.57
13980.8 2842.76
12716.5 1856.28
11568.3 1752.84
13483.5 1431.63
13523.2 2468.83
13798.4 2785.31
12628.6 1863.52
13160.3 2203.73
13475.2 1464.94
13974.2 2896.75
13514.7 2502.82
13189.5 2136.37
13476.8 1390.05
13837.6 2744.29
13553.1 2428.59
12721 1864.19
13179.4 2183.94
13466.1 1440.83
14011.8 2875.69
13541.9 2481.84
12724.8 1863.35
13551.2 2482.77
11584.4 1757.81
13462.6 1440.24
14024.5 2878.08
11589.7 1754.85
13458.9 1431.66
13562.4 2475.95
13852.8 2798.57
11595.1 1746.27
13457 1411.1
13869.6 2777.59
13575.2 2455.78
11597.6 1746.39
13452.6 1411.43
13581.7 2457.76
14067.5 2852.67
13573.7 2509.13
11594.2 1768.64
13445.3 1458.28
14058.3 2912.18
11595.4 1779.08
13578.8 2535.55
11260.8 1402.89
14067 2945.2
11215.6 1507.12
11574.3 1778.95
13451.6 2508.19
11242.5 1405.8
13904.2 2897.41
11335.3 1312.81
13334.1 2457.58
11554.8 1767.94
11243 1401.55
13753.9 2823.34
11406.8 1312.8
14174.4 2759.78
11676.2 1806.5
11307.1 1405.91
14610 3185.31
14005.6 2702.42
11656.5 1799.89
11292.5 1404.85
14643.8 3201.29
10851 1325.53
14037.5 2694.62
11667.7 1794.6
11294.1 1398.48
14687.6 3194.37
13189 1984.42
14074.6 2675.61
11651 1776.85
11312.7 1389.21
14738.5 3177.2
13930 2595.5
11636.3 1759.48
11299.1 1379.08
14542.6 3061.87
13806.2 2641.98
13498.9 2339.46
11273.3 1402.34
14375.7 3102.44
11617 1779.34
13851.7 2639.59
11279 1396.96
13589.3 2417.54
11289.3 1417.42
11281.8 1405.19
11266.1 1402
11348.5 1390.79
14174.6 1706.73
19359.6 32.5278
13499.3 1631.21
11435.9 1125.44
11390.7 1107.45
16752.2 65.8068
13284.1 636.767
16697.6 -123.813
11484.5 1053.17
11484.4 1053.15
11484.4 1053.32
13287.8 638.951
11484.6 1053.36
