# x y d a f
13113.2 1141.54 2434.55 -0.0222323 8
12611.7 846.372 2114.21 -0.157953 8
13113.2 1141.6 2434.55 -0.0222131 9
12611.7 846.443 2114.21 -0.15792 9
13113.3 1141.83 2434.55 -0.0221261 10
12611.7 846.412 2114.21 -0.157935 10
13113.2 1141.61 2434.55 -0.0222066 11
12611.7 846.427 2114.21 -0.157928 11
13113.2 1141.73 2434.55 -0.0221648 12
12611.8 846.525 2114.21 -0.157881 12
13113.3 1141.92 2434.55 -0.0220913 13
12611.7 846.413 2114.21 -0.157934 13
13113.3 1141.85 2434.55 -0.0221197 14
12611.8 846.526 2114.21 -0.157881 14
13113.3 1141.92 2434.55 -0.0220914 15
12611.7 846.428 2114.21 -0.157927 15
13113.2 1141.61 2434.55 -0.0222067 16
12611.7 846.428 2114.21 -0.157927 16
13113.2 1141.73 2434.55 -0.0221649 17
12611.8 846.493 2114.21 -0.157896 17
13113.2 1141.75 2434.55 -0.0221551 18
12611.7 846.443 2114.21 -0.15792 18
13113.2 1141.66 2434.55 -0.0221883 19
12611.8 846.64 2114.21 -0.157828 19
13113.3 1141.81 2434.55 -0.0221326 20
12611.8 846.51 2114.21 -0.157889 20
13113.2 1141.67 2434.55 -0.0221847 21
12611.8 846.494 2114.21 -0.157896 21
13113.3 1141.91 2434.55 -0.0220978 22
12611.8 846.541 2114.21 -0.157874 22
13113.3 1141.85 2434.55 -0.0221202 23
12611.7 846.442 2114.21 -0.15792 23
13113.2 1141.59 2434.55 -0.0222157 24
12611.8 846.454 2114.21 -0.157914 24
13113.2 1141.61 2434.55 -0.0222071 25
12611.7 846.427 2114.21 -0.157927 25
13113.3 1141.81 2434.55 -0.0221326 26
12611.8 846.509 2114.21 -0.157889 26
13113.2 1141.62 2434.55 -0.022204 27
12611.7 846.427 2114.21 -0.157927 27
13113.2 1141.7 2434.55 -0.0221749 28
12611.8 846.493 2114.21 -0.157896 28
13113.3 1141.85 2434.55 -0.0221197 29
12611.8 846.51 2114.21 -0.157888 29
13113.3 1141.81 2434.55 -0.0221326 30
12611.8 846.509 2114.21 -0.157889 30
13113.4 1142.04 2434.55 -0.0220491 31
12611.7 846.412 2114.21 -0.157934 31
13113.2 1141.69 2434.55 -0.0221783 32
12611.7 846.443 2114.21 -0.15792 32
13113.1 1141.58 2434.55 -0.0222201 33
12611.8 846.51 2114.21 -0.157889 33
13113.3 1141.92 2434.55 -0.0220914 34
12611.7 846.427 2114.21 -0.157928 34
13113.3 1141.79 2434.55 -0.0221396 35
12556.4 856.647 2060 -0.1573 35
13113.3 1141.8 2434.55 -0.022136 36
12611.8 846.495 2114.21 -0.157896 36
13113.2 1141.74 2434.55 -0.0221584 37
12611.7 846.396 2114.21 -0.157942 37
13113.1 1141.56 2434.55 -0.0222265 38
12611.7 846.429 2114.21 -0.157927 38
13113.3 1141.85 2434.55 -0.0221192 39
12611.8 846.519 2114.21 -0.157885 39
13113.4 1142.08 2434.55 -0.0220362 40
12611.7 846.444 2114.21 -0.15792 40
13113.2 1141.74 2434.55 -0.0221615 41
12611.8 846.543 2114.21 -0.157874 41
13113.2 1141.62 2434.55 -0.022203 42
12611.8 846.495 2114.21 -0.157896 42
13113.3 1141.93 2434.55 -0.0220908 43
12611.8 846.526 2114.21 -0.157881 43
13113.1 1141.56 2434.55 -0.022227 44
12611.7 846.445 2114.21 -0.15792 44
13113.1 1141.51 2434.55 -0.0222459 45
12611.8 846.465 2114.21 -0.157911 45
13113.2 1141.73 2434.55 -0.0221649 46
12556.4 856.647 2060 -0.1573 46
13113.3 1141.81 2434.55 -0.0221326 47
12611.8 846.587 2114.21 -0.157853 47
13113.3 1141.94 2434.55 -0.0220858 48
12611.7 846.412 2114.21 -0.157935 48
13113.1 1141.58 2434.55 -0.02222 49
12611.7 846.444 2114.21 -0.15792 49
13113.2 1141.66 2434.55 -0.0221873 50
12611.7 846.331 2114.21 -0.157972 50
13113.3 1141.84 2434.55 -0.0221245 51
12611.8 846.638 2114.21 -0.157828 51
13113.1 1141.58 2434.55 -0.0222195 52
12611.8 846.609 2114.21 -0.157842 52
13113.2 1141.75 2434.55 -0.022155 53
12611.7 846.409 2114.21 -0.157935 53
13113.3 1141.8 2434.55 -0.0221365 54
12611.7 846.442 2114.21 -0.15792 54
13113.2 1141.63 2434.55 -0.0222002 55
12611.8 846.615 2114.21 -0.157839 55
13113.2 1141.61 2434.55 -0.0222072 56
12611.8 846.585 2114.21 -0.157853 56
13113.2 1141.68 2434.55 -0.0221819 57
12611.7 846.426 2114.21 -0.157928 57
13113.2 1141.73 2434.55 -0.0221649 58
12611.8 846.494 2114.21 -0.157896 58
13113.1 1141.49 2434.55 -0.0222518 59
12611.8 846.479 2114.21 -0.157903 59
13113.2 1141.66 2434.55 -0.0221883 60
12611.8 846.541 2114.21 -0.157874 60
13113.1 1141.41 2434.55 -0.022281 61
12611.8 846.438 2114.21 -0.157921 61
13113.1 1141.58 2434.55 -0.0222204 62
12611.8 846.493 2114.21 -0.157897 62
13113.2 1141.74 2434.55 -0.0221584 63
12611.8 846.51 2114.21 -0.157889 63
13113.2 1141.72 2434.55 -0.0221679 64
12611.8 846.624 2114.21 -0.157835 64
13113.2 1141.7 2434.55 -0.0221751 65
12611.8 846.494 2114.21 -0.157896 65
13113.2 1141.71 2434.55 -0.0221718 66
12611.8 846.509 2114.21 -0.157889 66
13113.2 1141.67 2434.55 -0.022184 67
12611.8 846.452 2114.21 -0.157914 67
13113.3 1141.84 2434.55 -0.0221236 68
12611.7 846.426 2114.21 -0.157928 68
13113.3 1141.84 2434.55 -0.0221236 69
12611.8 846.508 2114.21 -0.157889 69
13113.3 1141.82 2434.55 -0.0221293 70
12611.7 846.426 2114.21 -0.157927 70
13113.3 1141.8 2434.55 -0.0221383 71
12611.8 846.543 2114.21 -0.157871 71
13113.3 1141.81 2434.55 -0.0221335 72
12611.7 846.41 2114.21 -0.157935 72
13113.3 1141.85 2434.55 -0.0221175 73
12611.8 846.5 2114.21 -0.157892 73
13113.3 1141.85 2434.55 -0.0221197 74
12611.8 846.583 2114.21 -0.157853 74
13113.3 1141.85 2434.55 -0.0221166 75
12611.7 846.425 2114.21 -0.157927 75
13113.2 1141.59 2434.55 -0.0222136 76
12611.8 846.5 2114.21 -0.157891 76
13113.2 1141.61 2434.55 -0.0222066 77
12611.8 846.507 2114.21 -0.157889 77
13113.3 1141.94 2434.55 -0.0220844 78
12611.8 846.492 2114.21 -0.157896 78
13113.3 1141.79 2434.55 -0.0221396 79
12611.8 846.598 2114.21 -0.157846 79
13113.2 1141.71 2434.55 -0.0221685 80
12611.8 846.523 2114.21 -0.157881 80
13113.2 1141.76 2434.55 -0.0221514 81
12611.7 846.425 2114.21 -0.157928 81
13113.3 1141.94 2434.55 -0.0220844 82
12611.7 846.426 2114.21 -0.157928 82
13113.2 1141.71 2434.55 -0.0221713 83
12611.7 846.412 2114.21 -0.157934 83
13113.3 1141.83 2434.55 -0.0221257 84
12611.7 846.428 2114.21 -0.157927 84
13113.2 1141.63 2434.55 -0.0222002 85
12611.8 846.542 2114.21 -0.157874 85
13113.3 1141.84 2434.55 -0.0221231 86
12611.8 846.495 2114.21 -0.157896 86
13113.2 1141.6 2434.55 -0.0222131 87
12611.8 846.595 2114.21 -0.157849 87
13113.3 1141.79 2434.55 -0.0221396 88
12611.8 846.511 2114.21 -0.157889 88
13113.3 1141.86 2434.55 -0.0221142 89
12611.7 846.411 2114.21 -0.157936 89
13113.3 1141.85 2434.55 -0.0221192 90
12611.7 846.428 2114.21 -0.157927 90
13113.3 1141.83 2434.55 -0.0221261 91
12611.7 846.444 2114.21 -0.15792 91
13113.3 1141.98 2434.55 -0.022071 92
12611.8 846.525 2114.21 -0.157881 92
13113.3 1141.96 2434.55 -0.0220784 93
12611.8 846.525 2114.21 -0.157881 93
13113.2 1141.68 2434.55 -0.0221814 94
12611.8 846.525 2114.21 -0.157881 94
13113.3 1141.87 2434.55 -0.0221128 95
12611.8 846.494 2114.21 -0.157896 95
13113.3 1141.99 2434.55 -0.0220679 96
12611.7 846.442 2114.21 -0.15792 96
13113.2 1141.73 2434.55 -0.0221643 97
12556.2 856.371 2060 -0.157432 97
13113.2 1141.67 2434.55 -0.0221847 98
12611.7 846.396 2114.21 -0.157942 98
13113.2 1141.63 2434.55 -0.0222002 99
12611.8 846.585 2114.21 -0.157853 99
13113.1 1141.57 2434.55 -0.0222237 100
12556.3 856.55 2060 -0.157346 100
13113.2 1141.63 2434.55 -0.0222002 101
12611.8 846.526 2114.21 -0.157881 101
13113.1 1141.57 2434.55 -0.0222206 102
12611.8 846.526 2114.21 -0.157881 102
13113.2 1141.71 2434.55 -0.0221713 103
12611.7 846.413 2114.21 -0.157934 103
13113.3 1141.83 2434.55 -0.0221262 104
12611.8 846.51 2114.21 -0.157889 104
13113.1 1145.03 2434.55 -0.0214693 105
12611.9 849.442 2114.21 -0.157205 105
13113.4 1147.9 2434.55 -0.0212508 106
12612.1 851.997 2114.21 -0.157078 106
13113.5 1148.59 2434.55 -0.0213381 107
12612.3 852.982 2114.21 -0.157051 107
13114.2 1150.79 2434.55 -0.021313 108
12612.9 855.016 2114.21 -0.157095 108
13114.4 1151.2 2434.55 -0.021362 109
12613.2 855.56 2114.21 -0.157096 109
13115 1152.18 2434.55 -0.0213374 110
12613.7 856.405 2114.21 -0.157127 110
13115.4 1152.8 2434.55 -0.0213796 111
12614.1 857.106 2114.21 -0.157143 111
13115.8 1153.52 2434.55 -0.0213342 112
12614.5 857.802 2114.21 -0.157097 112
13115.9 1150.03 2434.55 -0.0221945 113
12614.4 854.851 2114.21 -0.157912 113
13115.9 1147.91 2434.55 -0.0223017 114
12614.6 853.056 2114.21 -0.157893 114
13115.9 1150.91 2434.55 -0.0214463 115
12614.8 855.444 2114.21 -0.157121 115
13115.9 1147.56 2434.55 -0.0221218 116
12614.4 852.141 2114.21 -0.157929 116
13115.7 1150.36 2434.55 -0.0213839 117
12614.5 854.743 2114.21 -0.157114 117
13115.5 1151.8 2434.55 -0.0213294 118
12558.8 866.073 2060 -0.156553 118
13115.4 1152.53 2434.55 -0.0214174 119
12614.3 857.043 2114.21 -0.157096 119
13115.6 1152.78 2434.55 -0.0213264 120
12614.3 857.037 2114.21 -0.157099 120
13115.7 1153.58 2434.55 -0.021405 121
12614.5 858.036 2114.21 -0.157104 121
13116 1154.08 2434.55 -0.0213143 122
12614.7 858.32 2114.21 -0.157089 122
13116.1 1154.32 2434.55 -0.0213059 123
12614.7 858.427 2114.21 -0.157143 123
13116.2 1154.38 2434.55 -0.0214219 124
12615 858.882 2114.21 -0.157104 124
13116.3 1154.62 2434.55 -0.0213902 125
12559.7 869.146 2060 -0.156509 125
13116.5 1154.93 2434.55 -0.0213764 126
12559.8 869.321 2060 -0.156555 126
13116.7 1155.23 2434.55 -0.0213481 127
12615.4 859.453 2114.21 -0.157143 127
13116.7 1155.27 2434.55 -0.0213706 128
12615.5 859.679 2114.21 -0.157082 128
13116.7 1155.29 2434.55 -0.0213969 129
12615.6 859.753 2114.21 -0.157089 129
13116.9 1155.54 2434.55 -0.02136 130
12615.6 859.809 2114.21 -0.157136 130
13116.8 1155.4 2434.55 -0.0214356 131
12615.7 859.961 2114.21 -0.157097 131
13116.9 1155.59 2434.55 -0.0213905 132
12615.7 859.922 2114.21 -0.157144 132
13116.9 1155.71 2434.55 -0.0213665 133
12615.7 860.061 2114.21 -0.157105 133
13116.9 1155.59 2434.55 -0.0214287 134
12615.7 860.098 2114.21 -0.157112 134
13117.1 1155.96 2434.55 -0.0213253 135
12615.8 860.233 2114.21 -0.15709 135
13117 1155.9 2434.55 -0.0213735 136
12615.8 860.206 2114.21 -0.157136 136
13117.1 1156.04 2434.55 -0.0213348 137
12615.8 860.334 2114.21 -0.15709 137
13117 1155.89 2434.55 -0.0214088 138
12615.9 860.487 2114.21 -0.157043 138
13117.1 1155.98 2434.55 -0.0213841 139
12615.9 860.394 2114.21 -0.157098 139
13117.1 1156.05 2434.55 -0.021374 140
12615.9 860.419 2114.21 -0.157104 140
13117.1 1156.07 2434.55 -0.0213701 141
12615.9 860.352 2114.21 -0.157144 141
13117 1155.85 2434.55 -0.0214614 142
12615.9 860.495 2114.21 -0.15709 142
13117.3 1156.45 2434.55 -0.0212448 143
12616 860.569 2114.21 -0.157062 143
13117.1 1155.96 2434.55 -0.0214357 144
12615.9 860.514 2114.21 -0.157097 144
13117.3 1156.36 2434.55 -0.021293 145
12616 860.632 2114.21 -0.15705 145
13117.1 1156.06 2434.55 -0.0214088 146
12616 860.599 2114.21 -0.157069 146
13117.2 1156.17 2434.55 -0.0213701 147
12616 860.668 2114.21 -0.157043 147
13117.1 1156.12 2434.55 -0.0213905 148
12616 860.634 2114.21 -0.157062 148
13117.3 1156.4 2434.55 -0.0212935 149
12616 860.587 2114.21 -0.15709 149
13117.2 1156.27 2434.55 -0.0213451 150
12616 860.56 2114.21 -0.157105 150
13117.2 1156.17 2434.55 -0.021383 151
12616 860.579 2114.21 -0.157097 151
13117.2 1156.31 2434.55 -0.0213322 152
12616 860.6 2114.21 -0.15709 152
13117.2 1156.32 2434.55 -0.0213284 153
12616 860.694 2114.21 -0.157047 153
13117.1 1156.04 2434.55 -0.0214318 154
12616 860.567 2114.21 -0.157108 154
13117.3 1156.43 2434.55 -0.0212892 155
12616 860.609 2114.21 -0.15709 155
13117.2 1156.31 2434.55 -0.0213348 156
12616 860.591 2114.21 -0.1571 156
13117.2 1156.24 2434.55 -0.0213637 157
12615.9 860.516 2114.21 -0.157136 157
13117.2 1156.32 2434.55 -0.0213322 158
12616 860.599 2114.21 -0.157097 158
13117.1 1156.06 2434.55 -0.0214292 159
12616 860.694 2114.21 -0.157054 159
13117.3 1156.43 2434.55 -0.0212935 160
12615.9 860.504 2114.21 -0.157143 160
13117.1 1156.08 2434.55 -0.0214222 161
12615.9 860.522 2114.21 -0.157136 161
13117.2 1156.19 2434.55 -0.021383 162
12616 860.664 2114.21 -0.157069 162
13117.2 1156.21 2434.55 -0.0213766 163
12560.6 870.696 2060 -0.156509 163
13117.3 1156.46 2434.55 -0.0212832 164
12616 860.6 2114.21 -0.1571 164
13117.3 1156.44 2434.55 -0.0212935 165
12615.9 860.51 2114.21 -0.157143 165
13117.2 1156.32 2434.55 -0.0213379 166
12616 860.591 2114.21 -0.157105 166
13117.2 1156.24 2434.55 -0.0213665 167
12615.9 860.526 2114.21 -0.157136 167
13117.2 1156.35 2434.55 -0.0213253 168
12616 860.699 2114.21 -0.157054 168
13117.3 1156.43 2434.55 -0.0212961 169
12616 860.602 2114.21 -0.1571 169
13117.2 1156.34 2434.55 -0.0213278 170
12615.9 860.51 2114.21 -0.157143 170
13117.3 1156.35 2434.55 -0.0213253 171
12615.9 860.527 2114.21 -0.157136 171
13117.2 1156.23 2434.55 -0.0213707 172
12615.9 860.543 2114.21 -0.157129 172
13117.2 1156.33 2434.55 -0.0213348 173
12616 860.587 2114.21 -0.157108 173
13117.2 1156.2 2434.55 -0.0213836 174
12616 860.58 2114.21 -0.157112 174
13117.2 1156.22 2434.55 -0.021374 175
12616 860.604 2114.21 -0.1571 175
13117.2 1156.2 2434.55 -0.021383 176
12615.9 860.544 2114.21 -0.157129 176
13117.2 1156.26 2434.55 -0.0213601 177
12616 860.685 2114.21 -0.157062 177
13117.2 1156.33 2434.55 -0.0213348 178
12616 860.604 2114.21 -0.1571 178
13117.1 1156.13 2434.55 -0.0214088 179
12615.9 860.527 2114.21 -0.157136 179
13117.3 1156.44 2434.55 -0.0212935 180
12560.5 870.591 2060 -0.156562 180
13117.3 1156.53 2434.55 -0.0212613 181
12616 860.67 2114.21 -0.157069 181
13117.3 1156.55 2434.55 -0.0212512 182
12615.9 860.512 2114.21 -0.157143 182
13117.2 1156.32 2434.55 -0.0213379 183
12616 860.609 2114.21 -0.157098 183
13117.3 1156.43 2434.55 -0.0212961 184
12615.9 860.529 2114.21 -0.157136 184
13117.2 1156.19 2434.55 -0.0213841 185
12560.5 870.606 2060 -0.156555 185
13117.3 1156.42 2434.55 -0.0213 186
12615.9 860.529 2114.21 -0.157136 186
13117.2 1156.21 2434.55 -0.0213766 187
12616 860.686 2114.21 -0.157062 187
13117.1 1155.98 2434.55 -0.021464 188
12616 860.642 2114.21 -0.157082 188
13117.2 1156.2 2434.55 -0.0213836 189
12616 860.588 2114.21 -0.157108 189
13117.2 1156.2 2434.55 -0.0213836 190
12615.9 860.512 2114.21 -0.157143 190
13117.3 1156.38 2434.55 -0.0213149 191
12615.9 860.529 2114.21 -0.157136 191
13117.4 1156.66 2434.55 -0.0212126 192
12616 860.642 2114.21 -0.157082 192
13117.2 1156.31 2434.55 -0.0213413 193
12616 860.611 2114.21 -0.157097 193
13117.2 1156.35 2434.55 -0.0213278 194
12615.9 860.544 2114.21 -0.157129 194
13117.3 1156.44 2434.55 -0.0212935 195
12560.5 870.607 2060 -0.156555 195
13117.2 1156.21 2434.55 -0.0213771 196
12616 860.702 2114.21 -0.157054 196
13117.3 1156.44 2434.55 -0.0212925 197
12616 860.718 2114.21 -0.157047 197
13117.1 1156.08 2434.55 -0.0214253 198
12616 860.626 2114.21 -0.15709 198
13117.2 1156.23 2434.55 -0.0213707 199
12616 860.611 2114.21 -0.157097 199
13117.2 1156.35 2434.55 -0.0213278 200
12616 860.642 2114.21 -0.157082 200
13117.3 1156.37 2434.55 -0.0213183 201
12616 860.609 2114.21 -0.157098 201
13117.2 1156.24 2434.55 -0.021367 202
12616 860.642 2114.21 -0.157082 202
13117.2 1156.31 2434.55 -0.0213413 203
12616 860.626 2114.21 -0.15709 203
13117.3 1156.42 2434.55 -0.0213 204
12616 860.717 2114.21 -0.157047 204
13117.1 1156 2434.55 -0.0214576 205
12616 860.611 2114.21 -0.157097 205
13117.2 1156.33 2434.55 -0.0213348 206
12560.5 870.622 2060 -0.156547 206
13117.2 1156.22 2434.55 -0.0213735 207
12560.5 870.606 2060 -0.156555 207
13117.2 1156.26 2434.55 -0.0213601 208
12615.9 860.544 2114.21 -0.157129 208
13117.2 1156.2 2434.55 -0.021383 209
12615.9 860.544 2114.21 -0.157129 209
13117.3 1156.44 2434.55 -0.0212935 210
12615.9 860.529 2114.21 -0.157136 210
13117.2 1156.35 2434.55 -0.0213278 211
12615.9 860.544 2114.21 -0.157129 211
13117.2 1156.18 2434.55 -0.0213905 212
12616 860.67 2114.21 -0.157069 212
13117.2 1156.21 2434.55 -0.0213766 213
12616 860.611 2114.21 -0.157097 213
13117.3 1156.35 2434.55 -0.0213253 214
12616 860.618 2114.21 -0.157093 214
13117.2 1156.32 2434.55 -0.0213379 215
12615.9 860.498 2114.21 -0.15715 215
13117.3 1156.53 2434.55 -0.0212613 216
12616 860.626 2114.21 -0.15709 216
13117.2 1156.2 2434.55 -0.021383 217
12615.9 860.544 2114.21 -0.157129 217
13117.3 1156.44 2434.55 -0.021293 218
12616 860.642 2114.21 -0.157082 218
13117.4 1156.57 2434.55 -0.0212448 219
12616 860.686 2114.21 -0.157062 219
13117.2 1156.33 2434.55 -0.0213348 220
12616 860.595 2114.21 -0.157104 220
13117.2 1156.22 2434.55 -0.0213735 221
12615.9 860.529 2114.21 -0.157136 221
13117.2 1156.33 2434.55 -0.0213343 222
12560.5 870.637 2060 -0.15654 222
13117.3 1156.54 2434.55 -0.0212577 223
12560.6 870.701 2060 -0.156509 223
13117.2 1156.25 2434.55 -0.0213637 224
12560.5 870.59 2060 -0.156563 224
13117.1 1156.06 2434.55 -0.0214318 225
12616 860.564 2114.21 -0.157119 225
13117.3 1156.4 2434.55 -0.0213064 226
12560.6 870.702 2060 -0.156509 226
13117.1 1156.07 2434.55 -0.0214292 227
12616 860.686 2114.21 -0.157062 227
13117.2 1156.33 2434.55 -0.0213348 228
12560.5 870.622 2060 -0.156547 228
13117.3 1156.42 2434.55 -0.0212995 229
12616 860.686 2114.21 -0.157062 229
13117.1 1156.09 2434.55 -0.0214228 230
12616 860.58 2114.21 -0.157112 230
13117.3 1156.36 2434.55 -0.0213214 231
12616 860.626 2114.21 -0.15709 231
13117.2 1156.18 2434.55 -0.02139 232
12616 860.626 2114.21 -0.15709 232
13122.1 1164.86 2434.55 -0.0173919 233
12621.9 867.033 2114.21 -0.153215 233
13119.8 1154.95 2434.55 -0.021375 234
12618.5 859.339 2114.21 -0.157095 234
13118.9 1155.3 2434.55 -0.0213873 235
12562.3 869.805 2060 -0.156516 235
13117.8 1155.83 2434.55 -0.0214001 236
12616.6 860.295 2114.21 -0.157093 236
13117.5 1156.2 2434.55 -0.0213276 237
12616.2 860.459 2114.21 -0.1571 237
13117.2 1156.32 2434.55 -0.0213301 238
12560.5 870.475 2060 -0.156607 238
13116.9 1156.17 2434.55 -0.0214301 239
12615.8 860.799 2114.21 -0.157055 239
13117 1156.45 2434.55 -0.0213353 240
12560.2 870.71 2060 -0.156562 240
13116.9 1156.19 2434.55 -0.0214257 241
12615.8 860.795 2114.21 -0.157062 241
13116.9 1156.29 2434.55 -0.0213833 242
12615.8 860.736 2114.21 -0.157083 242
13116.9 1156.07 2434.55 -0.0214578 243
12615.8 860.704 2114.21 -0.15709 243
13117.1 1156.44 2434.55 -0.0213151 244
12615.9 860.762 2114.21 -0.157054 244
13117.1 1156.19 2434.55 -0.0213971 245
12616 860.769 2114.21 -0.157036 245
13117.3 1156.61 2434.55 -0.0212379 246
12615.9 860.528 2114.21 -0.157144 246
13117.2 1156.22 2434.55 -0.0213771 247
12616 860.628 2114.21 -0.15709 247
13117.2 1156.24 2434.55 -0.0213637 248
12616 860.605 2114.21 -0.157097 248
13117.2 1156.33 2434.55 -0.0213323 249
12616 860.622 2114.21 -0.15709 249
13117.2 1156.17 2434.55 -0.02139 250
12616 860.62 2114.21 -0.15709 250
13117.1 1156.08 2434.55 -0.0214227 251
12616 860.62 2114.21 -0.15709 251
13117.2 1156.19 2434.55 -0.021383 252
12616 860.682 2114.21 -0.157061 252
13121.9 1164.36 2434.55 -0.0175763 253
12621.9 866.963 2114.21 -0.153246 253
13120.6 1154.69 2434.55 -0.0212985 254
12619.5 859.101 2114.21 -0.156995 254
13119.6 1154.69 2434.55 -0.0214669 255
12618.6 859.443 2114.21 -0.157046 255
13121.7 1154.1 2434.55 -0.0213062 256
12620.6 858.494 2114.21 -0.157014 256
13120.4 1154.73 2434.55 -0.0213352 257
12619.1 858.93 2114.21 -0.157135 257
13119.2 1155.27 2434.55 -0.021346 258
12617.9 859.564 2114.21 -0.157104 258
13117.6 1155.8 2434.55 -0.0214297 259
12616.4 860.406 2114.21 -0.157066 259
13117 1156.55 2434.55 -0.0212859 260
12615.7 860.773 2114.21 -0.157064 260
13116.8 1156.5 2434.55 -0.0213366 261
12615.5 860.764 2114.21 -0.157106 261
13116.7 1156.5 2434.55 -0.0213464 262
12615.4 860.732 2114.21 -0.157138 262
13121.5 1164.93 2434.55 -0.0174442 263
12621.4 867.166 2114.21 -0.153252 263
13119.3 1155.12 2434.55 -0.0213736 264
12562.6 869.492 2060 -0.156559 264
13118.8 1155.83 2434.55 -0.0212437 265
12617.4 859.844 2114.21 -0.157106 265
13117.4 1155.57 2434.55 -0.0215226 266
12616.4 860.347 2114.21 -0.157103 266
13117.3 1156.24 2434.55 -0.0213303 267
12560.7 870.599 2060 -0.156511 267
13117.1 1156.09 2434.55 -0.0214243 268
12615.9 860.521 2114.21 -0.15714 268
13116.9 1156.41 2434.55 -0.0213397 269
12615.7 860.74 2114.21 -0.157083 269
13116.9 1156.36 2434.55 -0.0213644 270
12615.7 860.796 2114.21 -0.157062 270
13116.8 1156.09 2434.55 -0.021458 271
12615.7 860.72 2114.21 -0.15709 271
13116.9 1156.16 2434.55 -0.0214255 272
12615.8 860.629 2114.21 -0.157125 272
13117.1 1156.4 2434.55 -0.0213249 273
12615.9 860.688 2114.21 -0.157083 273
13117.3 1156.61 2434.55 -0.0212438 274
12615.9 860.717 2114.21 -0.157062 274
13117.2 1156.26 2434.55 -0.0213636 275
12615.9 860.551 2114.21 -0.157128 275
13117.2 1156.26 2434.55 -0.0213614 276
12616 860.717 2114.21 -0.157048 276
13117.2 1156.17 2434.55 -0.02139 277
12560.5 870.634 2060 -0.15654 277
13117.3 1156.35 2434.55 -0.0213219 278
12616 860.617 2114.21 -0.15709 278
13117.2 1156.31 2434.55 -0.0213381 279
12615.9 860.502 2114.21 -0.157143 279
13117.3 1156.47 2434.55 -0.0212796 280
12616 860.633 2114.21 -0.157082 280
13117.1 1156.08 2434.55 -0.0214228 281
12616 860.618 2114.21 -0.15709 281
13117.3 1156.45 2434.55 -0.0212871 282
12616 860.538 2114.21 -0.157129 282
13117.2 1156.31 2434.55 -0.0213413 283
12616 860.615 2114.21 -0.157093 283
13117.4 1156.59 2434.55 -0.0212368 284
12616 860.622 2114.21 -0.15709 284
13117.3 1156.36 2434.55 -0.0213219 285
12616 860.592 2114.21 -0.157105 285
13117.3 1156.44 2434.55 -0.021293 286
12616 860.625 2114.21 -0.15709 286
13117.2 1156.32 2434.55 -0.0213387 287
12616 860.595 2114.21 -0.157104 287
13117.4 1156.7 2434.55 -0.0211986 288
12616 860.605 2114.21 -0.1571 288
13117.2 1156.33 2434.55 -0.0213348 289
12615.9 860.529 2114.21 -0.157136 289
13117.3 1156.37 2434.55 -0.0213214 290
12616 860.611 2114.21 -0.157097 290
13117.2 1156.32 2434.55 -0.0213379 291
12615.9 860.545 2114.21 -0.157129 291
13117.2 1156.28 2434.55 -0.0213516 292
12616 860.688 2114.21 -0.157062 292
13117.2 1156.31 2434.55 -0.0213413 293
12616 860.627 2114.21 -0.15709 293
13117.2 1156.23 2434.55 -0.021373 294
12616 860.628 2114.21 -0.15709 294
13117.3 1156.44 2434.55 -0.021293 295
12616 860.718 2114.21 -0.157047 295
13117.4 1156.56 2434.55 -0.0212484 296
12616 860.703 2114.21 -0.157054 296
13117.2 1156.23 2434.55 -0.0213701 297
12616 860.742 2114.21 -0.157036 297
13117.2 1156.31 2434.55 -0.0213413 298
12616 860.704 2114.21 -0.157054 298
13117.3 1156.47 2434.55 -0.0212837 299
12616 860.687 2114.21 -0.157062 299
13117.4 1156.66 2434.55 -0.0212126 300
12616 860.704 2114.21 -0.157054 300
13117.3 1156.45 2434.55 -0.0212892 301
12616.1 860.802 2114.21 -0.157008 301
13117.4 1156.69 2434.55 -0.0211997 302
12560.6 870.717 2060 -0.156502 302
13117.4 1156.56 2434.55 -0.0212479 303
12616 860.703 2114.21 -0.157054 303
13117.4 1156.59 2434.55 -0.0212383 304
12616 860.687 2114.21 -0.157062 304
13117.2 1156.32 2434.55 -0.0213387 305
12560.6 870.776 2060 -0.156473 305
13117.2 1156.35 2434.55 -0.0213278 306
12560.6 870.776 2060 -0.156473 306
13117.5 1156.84 2434.55 -0.0211476 307
12616.3 861.228 2114.21 -0.156807 307
13122.3 1164.04 2434.55 -0.0176476 308
12566.6 876.408 2060 -0.152796 308
13121.1 1155.41 2434.55 -0.0209977 309
12619.8 859.446 2114.21 -0.156787 309
13119.9 1154.97 2434.55 -0.021337 310
12618.6 859.358 2114.21 -0.157049 310
13118.4 1155.83 2434.55 -0.021291 311
12617.2 860.192 2114.21 -0.157004 311
13118.4 1155.84 2434.55 -0.0212877 312
12617.1 860.062 2114.21 -0.157065 312
13117.4 1156.05 2434.55 -0.0213728 313
12616.3 860.597 2114.21 -0.157021 313
13117.3 1156.42 2434.55 -0.0212848 314
12560.6 870.668 2060 -0.156503 314
13117 1156.54 2434.55 -0.0212968 315
12615.7 860.838 2114.21 -0.15704 315
13117.1 1156.71 2434.55 -0.0212355 316
12615.7 860.826 2114.21 -0.157047 316
13117.1 1156.56 2434.55 -0.021283 317
12560.3 870.804 2060 -0.156502 317
13117.3 1156.87 2434.55 -0.0211607 318
12616 861.139 2114.21 -0.156882 318
13117.4 1156.92 2434.55 -0.0211289 319
12616.1 861.074 2114.21 -0.156897 319
13122.1 1164.48 2434.55 -0.0175292 320
12622 867.038 2114.21 -0.153202 320
13119.9 1155.26 2434.55 -0.0212528 321
12618.6 859.534 2114.21 -0.156996 321
13118.6 1156.24 2434.55 -0.0211511 322
12617.3 860.57 2114.21 -0.15684 322
13122.8 1164.26 2434.55 -0.0174759 323
12622.7 866.679 2114.21 -0.153198 323
13130 1160.85 2434.55 -0.0173898 324
12629.8 863.205 2114.21 -0.15312 324
13131 1160.23 2434.55 -0.0174104 325
12630.9 862.692 2114.21 -0.153095 325
13131.6 1159.91 2434.55 -0.0174023 326
12631.4 862.27 2114.21 -0.153133 326
13131.9 1160.08 2434.55 -0.0172724 327
12631.7 862.381 2114.21 -0.152999 327
13131.6 1159.58 2434.55 -0.0174593 328
12631.5 862.181 2114.21 -0.153093 328
13131.4 1159.66 2434.55 -0.0174503 329
12631.2 862.009 2114.21 -0.153199 329
13130.9 1159.8 2434.55 -0.0174578 330
12630.7 862.296 2114.21 -0.15314 330
13130.7 1160.03 2434.55 -0.017402 331
12630.6 862.464 2114.21 -0.153097 331
13130.5 1160.13 2434.55 -0.0173894 332
12630.3 862.357 2114.21 -0.153179 332
13130.3 1160 2434.55 -0.0174576 333
12630.1 862.364 2114.21 -0.153201 333
13125.1 1152.35 2434.55 -0.0211391 334
12623.9 856.732 2114.21 -0.156805 334
13121.5 1153.86 2434.55 -0.0212473 335
12620.4 858.429 2114.21 -0.156851 335
13118.9 1155.23 2434.55 -0.0212303 336
12617.6 859.524 2114.21 -0.15696 336
13117.2 1156.27 2434.55 -0.0211892 337
12616 860.74 2114.21 -0.156822 337
13120.2 1164.96 2434.55 -0.0175238 338
12620 867.418 2114.21 -0.15324 338
13118.8 1156.01 2434.55 -0.0210392 339
12617.5 860.172 2114.21 -0.156782 339
13120.7 1155.12 2434.55 -0.0210283 340
12619.5 859.265 2114.21 -0.156777 340
13119.3 1155.21 2434.55 -0.0212506 341
12618 859.409 2114.21 -0.157027 341
13118.3 1155.77 2434.55 -0.0212381 342
12617 860.115 2114.21 -0.156942 342
13117 1156.27 2434.55 -0.0212883 343
12615.8 860.639 2114.21 -0.156998 343
13116.8 1156.64 2434.55 -0.0212133 344
12615.6 860.982 2114.21 -0.156916 344
13121.5 1164.37 2434.55 -0.0175709 345
12621.3 866.829 2114.21 -0.1533 345
13124.2 1163.25 2434.55 -0.0175161 346
12624 865.756 2114.21 -0.153204 346
13127 1162 2434.55 -0.017442 347
12626.9 864.499 2114.21 -0.153117 347
13130.3 1160.17 2434.55 -0.0174825 348
12574.7 872.493 2060 -0.15261 348
13131 1159.67 2434.55 -0.0175058 349
12631 862.308 2114.21 -0.153136 349
13131.4 1159.7 2434.55 -0.0174204 350
12631.3 861.986 2114.21 -0.153198 350
13123.3 1153.39 2434.55 -0.0211792 351
12621.9 857.433 2114.21 -0.157013 351
13118.5 1155.52 2434.55 -0.0212685 352
12617.2 859.831 2114.21 -0.156999 352
13117.1 1156.14 2434.55 -0.0212972 353
12615.9 860.53 2114.21 -0.156996 353
13115.8 1156.95 2434.55 -0.0212528 354
12614.6 861.337 2114.21 -0.156945 354
13115.7 1157.11 2434.55 -0.021239 355
12558.9 871.346 2060 -0.156448 355
13115.8 1156.99 2434.55 -0.0212719 356
12614.6 861.452 2114.21 -0.156934 356
13116.1 1157.07 2434.55 -0.0212171 357
12614.7 861.149 2114.21 -0.157041 357
13116.3 1157 2434.55 -0.0212098 358
12615 861.272 2114.21 -0.156941 358
13116.5 1156.74 2434.55 -0.0212706 359
12615.2 861.013 2114.21 -0.157019 359
13116.9 1156.74 2434.55 -0.0212129 360
12615.5 860.782 2114.21 -0.157055 360
13116.9 1156.6 2434.55 -0.0212648 361
12615.7 861.012 2114.21 -0.156947 361
13117.1 1156.54 2434.55 -0.0212486 362
12615.9 860.924 2114.21 -0.15694 362
13117.2 1156.39 2434.55 -0.0212867 363
12560.5 870.661 2060 -0.156494 363
13117.3 1156.44 2434.55 -0.0212614 364
12616.1 860.734 2114.21 -0.157001 364
13117.5 1156.65 2434.55 -0.0211853 365
12616.1 860.617 2114.21 -0.157054 365
13117.7 1157.06 2434.55 -0.0210347 366
12616.2 860.844 2114.21 -0.15695 366
13117.3 1156.28 2434.55 -0.0213279 367
12616.2 860.849 2114.21 -0.156954 367
13117.4 1156.52 2434.55 -0.0212414 368
12616.1 860.775 2114.21 -0.156993 368
13117.4 1156.65 2434.55 -0.0211997 369
12560.6 870.731 2060 -0.156474 369
13117.3 1156.5 2434.55 -0.0212613 370
12616 860.7 2114.21 -0.15704 370
13117.3 1156.52 2434.55 -0.0212543 371
12616.1 860.809 2114.21 -0.156993 371
13117.4 1156.69 2434.55 -0.0211932 372
12616.1 860.873 2114.21 -0.156965 372
13117.3 1156.55 2434.55 -0.0212484 373
12616.1 860.78 2114.21 -0.157011 373
13117.4 1156.59 2434.55 -0.021235 374
12616.1 860.821 2114.21 -0.156993 374
13117.3 1156.48 2434.55 -0.0212763 375
12616.1 860.839 2114.21 -0.156986 375
13117.4 1156.64 2434.55 -0.0212157 376
12616 860.727 2114.21 -0.15704 376
13117.4 1156.56 2434.55 -0.0212484 377
12616.1 860.956 2114.21 -0.156932 377
13117.3 1156.46 2434.55 -0.0212827 378
12560.6 870.788 2060 -0.156466 378
13117.3 1156.54 2434.55 -0.0212549 379
12616.1 860.829 2114.21 -0.156993 379
13117.2 1156.33 2434.55 -0.0213315 380
12616.1 860.829 2114.21 -0.156993 380
13117.3 1156.48 2434.55 -0.0212768 381
12616.1 860.845 2114.21 -0.156986 381
13117.4 1156.67 2434.55 -0.0212092 382
12616 860.699 2114.21 -0.157055 382
13117.4 1156.62 2434.55 -0.021228 383
12616 860.747 2114.21 -0.157032 383
13117.3 1156.46 2434.55 -0.0212866 384
12616.1 860.846 2114.21 -0.156986 384
13117.3 1156.54 2434.55 -0.0212549 385
12616 860.716 2114.21 -0.157047 385
13117.2 1156.35 2434.55 -0.0213278 386
12616.1 860.946 2114.21 -0.156939 386
13117.5 1156.91 2434.55 -0.0211182 387
12616.1 860.831 2114.21 -0.156993 387
13039 1159.38 2362.94 -0.020816 388
12560.7 870.902 2060 -0.156412 388
13132 1168.54 2434.55 -0.0152154 389
12574.7 879.277 2060 -0.150344 389
13146.1 1181.3 2434.55 -0.0100181 390
12584.7 887.445 2060 -0.145599 390
12569.9 903.494 2008.5 -0.135475 391
12591.4 911.403 2008.5 -0.128528 392
12589.9 899.663 1959.51 -0.125821 393
12575.7 912.672 1912.86 -0.116443 394
12603.3 905.74 1912.86 -0.113302 395
12590.9 898.629 1868.37 -0.109844 396
12608 890.783 1868.37 -0.109422 397
12627.8 874.813 1868.37 -0.111189 398
12630.8 870.739 1868.37 -0.111697 399
12631.6 870.028 1868.37 -0.111405 400
12620.9 863.861 1868.37 -0.114962 401
12619.8 872.102 1868.37 -0.111203 402
12618.6 872.421 1868.37 -0.111253 403
12617.5 873.094 1868.37 -0.111145 404
12616.4 873.263 1868.37 -0.111257 405
12614 873.699 1868.37 -0.111416 406
12613.6 874.568 1868.37 -0.111133 407
12613.3 874.228 1868.37 -0.111327 408
12614.2 875.415 1868.37 -0.110578 409
12608.3 867.545 1868.37 -0.114964 410
12611.8 874.742 1868.37 -0.110855 411
12612 870.887 1868.37 -0.11147 412
12562.7 866.364 1825.91 -0.115823 413
12567.8 870.132 1825.91 -0.112245 414
12577.3 869.174 1825.91 -0.10951 415
12539 849.16 1785.34 -0.116989 416
12518.5 844.254 1746.52 -0.115257 417
12479.7 823.64 1709.36 -0.125675 418
12497 832.919 1673.75 -0.10904 419
12494 840.878 1606.8 -0.0955315 420
13073.7 1098.8 2008.5 0.0448116 421
12484.1 815.413 1575.3 -0.107075 421
12514.1 814.177 1545 -0.100125 422
13022.5 1098.96 1912.86 0.0551315 422
12514.5 827.09 1487.78 -0.0872109 423
13024.7 1113.53 1868.37 0.070355 423
12509.4 812.942 1487.78 -0.096368 424
13019.2 1098.54 1868.37 0.0634011 424
12500.5 808.366 1434.64 -0.09757 425
13012.7 1090.48 1825.91 0.0655527 425
12537.5 801.504 1434.64 -0.0978589 426
13047.1 1086.86 1825.91 0.0672569 426
12524.6 802.193 1409.48 -0.0978123 427
13057.7 1086.36 1825.91 0.0681794 427
12536.2 802.186 1409.48 -0.0970955 428
13067.8 1088.15 1825.91 0.0697429 428
12549.8 804.886 1409.48 -0.0958424 429
13080.8 1091.99 1825.91 0.0712725 429
12553.9 811.353 1409.48 -0.092329 430
13084 1100.17 1825.91 0.0746902 430
12549.6 809.452 1409.48 -0.0954217 431
13080.7 1096.31 1825.91 0.0714234 431
12543.1 813.19 1409.48 -0.0961076 432
13074.4 1099.85 1825.91 0.0708266 432
12537.3 815.873 1409.48 -0.0960759 433
13068.6 1102.42 1825.91 0.0707908 433
12528.4 820.132 1409.48 -0.0960199 434
13059.7 1106.75 1825.91 0.0708674 434
12525.4 821.675 1409.48 -0.0960191 435
13056.6 1108.3 1825.91 0.0708705 435
12523.1 822.924 1409.48 -0.0959973 436
13054.4 1109.52 1825.91 0.0708717 436
12520.7 824.651 1409.48 -0.0959437 437
13052 1111.17 1825.91 0.070876 437
12520.2 825.168 1409.48 -0.0959511 438
13051.5 1111.85 1825.91 0.0709501 438
12520.1 825.665 1409.48 -0.0958755 439
13051.3 1112.19 1825.91 0.0709288 439
12520.2 825.885 1409.48 -0.0959186 440
13051.4 1112.5 1825.91 0.0709422 440
12520.4 826.255 1409.48 -0.0958077 441
13051.6 1112.82 1825.91 0.0709955 441
12520.6 826.286 1409.48 -0.0958945 442
13051.9 1112.96 1825.91 0.0709854 442
12520.9 826.413 1409.48 -0.0958922 443
13052.2 1112.97 1825.91 0.0709301 443
12521.5 826.601 1409.48 -0.0958968 444
13052.8 1113.29 1825.91 0.0709916 444
12521.6 826.71 1409.48 -0.0958214 445
13052.8 1113.21 1825.91 0.070955 445
12521.8 826.796 1409.48 -0.0958207 446
13053.1 1113.59 1825.91 0.0710973 446
12522.1 826.824 1409.48 -0.0959116 447
13053.4 1113.56 1825.91 0.071002 447
12522.3 826.972 1409.48 -0.0958638 448
13053.5 1113.44 1825.91 0.0709096 448
12522.5 827.102 1409.48 -0.0958782 449
13053.7 1113.64 1825.91 0.0709334 449
12522.6 827.282 1409.48 -0.0958039 450
13053.8 1113.88 1825.91 0.0710122 450
12522.6 827.282 1409.48 -0.0958039 451
13053.8 1113.88 1825.91 0.0710122 451
12522.6 827.282 1409.48 -0.0958039 452
13053.8 1113.88 1825.91 0.0710122 452
12522.6 827.282 1409.48 -0.0958039 453
13053.8 1113.88 1825.91 0.0710122 453
12522.5 827.185 1409.48 -0.0958708 454
13053.8 1113.75 1825.91 0.0709521 454
12522.5 827.185 1409.48 -0.0958708 455
13053.8 1113.75 1825.91 0.0709521 455
12522.5 827.185 1409.48 -0.0958708 456
13053.8 1113.75 1825.91 0.0709521 456
12522.5 827.185 1409.48 -0.0958708 457
13053.8 1113.75 1825.91 0.0709521 457
12522.5 827.185 1409.48 -0.0958708 458
13053.8 1113.75 1825.91 0.0709521 458
12522.5 827.185 1409.48 -0.0958708 459
13053.8 1113.75 1825.91 0.0709521 459
