# x y d a f
15287 4287.24 6910.82 0.245145 11
15287.9 4291.06 6910.82 0.24559 12
15287.3 4290.39 6910.82 0.245539 13
15290.3 4245.88 6910.82 0.239049 14
15280.5 4292.07 6910.82 0.245246 15
15285.7 4249.45 6910.82 0.239079 16
15280.3 4251.11 6910.82 0.238873 17
15273.4 4297.54 6910.82 0.245236 18
15280.4 4259.4 6910.82 0.239921 19
13608.8 1499.04 5923.56 -0.150623 20
15275.4 4297.97 6910.82 0.245264 20
15279.3 4298.31 6910.82 0.245523 21
15285.6 4258.64 6910.82 0.239981 22
15279.9 4298.48 6910.82 0.24544 23
15282.5 4297.51 6910.82 0.245516 24
15287.3 4255.51 6910.82 0.239681 25
15288 4258.51 6910.82 0.240032 26
15280.9 4296.98 6910.82 0.245318 27
15283.3 4297.84 6910.82 0.245591 28
15281.1 4297.11 6910.82 0.245338 29
15281.6 4299.18 6910.82 0.245579 30
15286.4 4258.6 6910.82 0.239932 31
15279.7 4298.23 6910.82 0.245366 32
15279.6 4297.81 6910.82 0.245316 33
15285.8 4261.1 6910.82 0.240137 34
15279.6 4301.37 6910.82 0.24566 35
15281.7 4297.39 6910.82 0.245381 36
15287.7 4260.5 6910.82 0.240155 37
15287.3 4258.62 6910.82 0.239935 38
15278.3 4303.08 6910.82 0.245723 39
15277.8 4301.14 6910.82 0.245498 40
15279.8 4298.83 6910.82 0.245481 41
15283.3 4298.61 6910.82 0.245602 42
15285.3 4298.18 6910.82 0.2457 43
15285.3 4298.06 6910.82 0.245687 44
15287.4 4294.63 6910.82 0.245459 45
15288.5 4297.12 6910.82 0.245819 46
15288.3 4296.35 6910.82 0.245728 47
15282.3 4293.85 6910.82 0.245152 48
15282.7 4295.39 6910.82 0.245331 49
15284 4297.53 6910.82 0.245704 50
15288.3 4257.58 6910.82 0.240055 51
15280.3 4296.53 6910.82 0.245361 52
15285 4256.42 6910.82 0.23975 53
15285.2 4257.35 6910.82 0.239859 54
15281.5 4257.57 6910.82 0.239603 55
15278.5 4258.53 6910.82 0.2395 56
15278 4265.32 6910.82 0.24012 57
15273.1 4303.09 6910.82 0.245464 58
15273.4 4304.48 6910.82 0.245627 59
15285.3 4262.86 6910.82 0.240175 60
15282.6 4261.38 6910.82 0.239783 61
15276.6 4298.51 6910.82 0.245026 62
15281.2 4301.35 6910.82 0.245607 63
15283.9 4298.32 6910.82 0.245438 64
14137.9 3687.24 5923.56 0.197072 65
15289.3 4258.02 6910.82 0.239811 65
15289.6 4259.49 6910.82 0.239982 66
15282.1 4297.22 6910.82 0.245206 67
15287.6 4259.24 6910.82 0.239875 68
15277.6 4299.57 6910.82 0.245207 69
15280.7 4299.01 6910.82 0.245369 70
15280.9 4299.79 6910.82 0.24546 71
15284.1 4300.64 6910.82 0.24573 72
15288.6 4257.46 6910.82 0.239756 73
15281.9 4299.16 6910.82 0.245428 74
15287.2 4260.58 6910.82 0.240029 75
15283.1 4258.6 6910.82 0.23954 76
15280.1 4260.01 6910.82 0.239509 77
15278.8 4264.27 6910.82 0.239849 78
15278 4267.11 6910.82 0.24005 79
15277.3 4264.23 6910.82 0.239714 80
15273.5 4304.7 6910.82 0.245412 81
15278.3 4302.86 6910.82 0.245512 82
15285.8 4262.52 6910.82 0.239957 83
15280.1 4300.76 6910.82 0.245294 84
15284.1 4302.42 6910.82 0.245725 85
15285.8 4298.81 6910.82 0.245486 86
15287 4295.62 6910.82 0.245254 87
15284.5 4301.39 6910.82 0.24575 88
15285.3 4299.76 6910.82 0.245718 89
15286.4 4298.21 6910.82 0.245653 90
15287.3 4298.25 6910.82 0.245754 91
15286.7 4295.67 6910.82 0.245454 92
15287.1 4294.61 6910.82 0.245409 93
15290.9 4256.59 6910.82 0.239966 94
15282.2 4295.98 6910.82 0.245308 95
15282.1 4295.39 6910.82 0.245238 96
14625.4 3815.37 6379.22 0.202131 97
15284.1 4299.85 6910.82 0.245893 97
15285.6 4299.59 6910.82 0.245951 98
15286 4297.79 6910.82 0.24583 99
15289.3 4255.94 6910.82 0.239942 100
15281.5 4297.25 6910.82 0.24551 101
15283 4298.21 6910.82 0.245756 102
15284.4 4295.34 6910.82 0.245509 103
15288.8 4257.57 6910.82 0.240116 104
15281 4295.36 6910.82 0.245273 105
15286.4 4260.46 6910.82 0.240275 106
15282.4 4259.69 6910.82 0.239897 107
15282 4258.12 6910.82 0.239713 108
15276.5 4301.65 6910.82 0.245653 109
15285.1 4260.39 6910.82 0.240153 110
15285.7 4262.81 6910.82 0.240436 111
15278.5 4295.3 6910.82 0.245017 112
15279 4285.89 6910.82 0.244107 113
14065.5 1419.66 6379.22 -0.15204 113
15281.4 4248.84 6910.82 0.238963 114
15277.8 4257.06 6910.82 0.239942 115
15271.9 4298.1 6910.82 0.245553 116
15271.7 4297.31 6910.82 0.245461 117
15274.5 4298 6910.82 0.245735 118
15278.5 4296.51 6910.82 0.245816 119
13620.1 1499.98 5923.56 -0.149834 119
15278.5 4296.54 6910.82 0.245821 120
15282.4 4256.07 6910.82 0.240112 121
15277.7 4257.19 6910.82 0.239925 122
15277.4 4256.03 6910.82 0.239791 123
15273.5 4257.76 6910.82 0.239748 124
15271 4260.16 6910.82 0.239829 125
15269.7 4261.58 6910.82 0.239817 126
15270.1 4307.34 6910.82 0.246303 127
15273.2 4320.8 6910.82 0.247877 128
15974.3 4503.09 7539.08 0.24944 129
14676.6 3851.74 6379.22 0.208129 130
15330.8 4325.47 6910.82 0.250077 130
15278.6 3988.68 6910.82 0.210947 131
13694.5 1488.67 5923.56 -0.149553 131
15361.1 4349.55 6910.82 0.253762 131
13320.9 1515.91 5528.66 -0.154667 132
13741.3 1449.09 5923.56 -0.154901 133
13807.1 1465.15 5923.56 -0.149679 135
13416.8 1529.97 5528.66 -0.148624 136
13556.2 1501.09 5528.66 -0.148039 140
13948.1 1443.01 5923.56 -0.147981 141
13656.2 1203.95 5528.66 -0.196066 146
13523 2161.58 5183.12 -0.0242605 147
13013.1 3472.34 4364.73 0.242727 148
13343.7 1272.28 5183.12 -0.194109 148
13422.6 1259.72 5183.12 -0.194027 151
13453.4 1270.72 5183.12 -0.189852 152
13485.9 1264.37 5183.12 -0.1894 153
13515.4 1272.53 5183.12 -0.18664 154
15342.9 3347.46 6379.22 0.160224 156
13579.5 1271.36 5183.12 -0.183703 156
13589.2 1309.35 5183.12 -0.176246 157
13624.4 1306.73 5183.12 -0.175033 158
13717 1260.91 5183.12 -0.177799 160
15624.1 3430.92 6379.22 0.174518 161
13797.2 2536.2 4878.23 0.0669056 161
13441.4 1323.87 4878.23 -0.174601 161
13833.5 2536.68 4878.23 0.067921 162
13872.1 2539.86 4878.23 0.0695567 163
13493.4 1316.66 4878.23 -0.173148 163
14012.6 2993.42 4878.23 0.15051 164
13765.3 2951.98 4607.22 0.152429 165
14122.6 3003.16 4878.23 0.155896 166
13697.1 2570.17 4607.22 0.0842402 166
13581.9 1337.53 4878.23 -0.162732 166
14040.7 2609.84 4878.23 0.0895518 167
13371.3 1346.46 4607.22 -0.164378 168
13413.4 1358.13 4607.22 -0.157921 169
13452.9 1337.18 4607.22 -0.158316 170
13466 1373.84 4607.22 -0.150251 171
13503.8 1349.01 4607.22 -0.151587 172
13572.8 1305.4 4607.22 -0.153348 173
13951.5 1533.67 4878.23 -0.0978949 173
13989.9 1518.57 4878.23 -0.0975924 174
13721.1 1575.55 4607.22 -0.0913036 175
13756.4 1556.71 4607.22 -0.0919782 176
13768.7 1587.26 4607.22 -0.0855004 177
13464.7 1358.19 4364.73 -0.137654 178
13819.4 1588.18 4607.22 -0.080968 178
13884.8 1533.6 4607.22 -0.0845881 179
13526.8 1304.99 4364.73 -0.141205 179
13897.7 1564.54 4607.22 -0.0780744 180
13942.2 1472.06 4607.22 -0.0895922 181
13354 1277.79 4146.49 -0.1462 181
13382.9 1300.68 4146.49 -0.137699 182
14277.1 2202.59 4607.22 0.0582762 182
12965.7 2011.79 3455.41 0.032467 183
13999.6 1501.15 4607.22 -0.0781875 183
14360.7 2161.33 4607.22 0.0578857 184
14045.5 1451.2 4607.22 -0.0826535 184
13803.8 1452.22 4364.73 -0.0855602 186
12645.4 1976.28 3071.48 0.039148 187
13607.6 1494.67 4146.49 -0.0775115 187
13635.6 1476.74 4146.49 -0.0789996 188
13663.7 1469.32 4146.49 -0.0782116 189
13346.7 1250.3 3949.04 -0.136477 189
13695.7 1470 4146.49 -0.0753806 190
13377.3 1248.56 3949.04 -0.13399 190
13748.3 1471.6 4146.49 -0.0702546 191
13753.6 1483.28 4146.49 -0.0675725 192
13768.8 1461.04 4146.49 -0.0711814 193
14244.7 1911.62 4364.73 0.0287115 194
13798.4 1465.72 4146.49 -0.0678153 194
13290.5 1265.17 3769.54 -0.126394 194
13632.5 1459.62 3949.04 -0.0677531 195
13334.6 1245.16 3769.54 -0.126174 195
13662.1 1452.58 3949.04 -0.0660413 196
13363.8 1238.11 3769.54 -0.124294 196
13669.1 1467.43 3949.04 -0.0624861 197
13367.7 1246.4 3769.54 -0.122127 197
13416 1247.77 3769.54 -0.117099 198
13718 1471.69 3949.04 -0.0571704 198
13423.7 1264.42 3769.54 -0.112766 199
13727 1491.01 3949.04 -0.0525757 199
13778 1476.68 3949.04 -0.051171 200
13472.8 1247.78 3769.54 -0.111789 200
13510.8 1251.21 3769.54 -0.107345 201
13625 1493.38 3769.54 -0.0461465 201
13655.7 1484.14 3769.54 -0.0451361 202
13368.7 1261.97 3605.65 -0.105805 202
13395.3 1261.19 3605.65 -0.102927 203
13683.8 1485.81 3769.54 -0.041916 203
13716.7 1483.56 3769.54 -0.0390586 204
13427.6 1258.35 3605.65 -0.0999308 204
13765 1460.14 3769.54 -0.039052 205
13473.5 1232.39 3605.65 -0.100551 205
13767.9 1466.32 3769.54 -0.0375431 206
13793.4 1462.91 3769.54 -0.035557 207
13616.9 1474.08 3605.65 -0.034334 208
13676.2 1465.64 3605.65 -0.0301589 209
13677.6 1468.6 3605.65 -0.0294083 210
13709.8 1467.44 3605.65 -0.0265496 211
13768.9 1456.22 3605.65 -0.0231645 212
13770.5 1459.63 3605.65 -0.0223031 213
13801.5 1463.01 3605.65 -0.0185683 214
13669.3 1466.2 3455.41 -0.0154508 215
13700.5 1461.09 3455.41 -0.0134839 216
13581 1453.36 3317.2 -0.012719 217
13581.1 1453.43 3317.2 -0.0127016 218
13642.4 1453.37 3317.2 -0.00633362 219
13503.3 1456.21 3189.61 -0.00578095 220
13325.2 1229.86 3071.48 -0.0671808 221
13694 1447.94 3317.2 -0.00154104 221
13209.1 1239.54 2961.78 -0.066601 222
13556 1452.44 3189.61 -0.000335175 222
13580.8 1450.31 3189.61 0.00191028 223
13273.9 1221.88 2961.78 -0.0629411 224
13621 1438.73 3189.61 0.00408411 224
13621 1438.6 3189.61 0.00404739 225
13645.9 1447.18 3189.61 0.00903202 226
13217.8 1235.55 2859.65 -0.0543449 227
13673.1 1452.42 3189.61 0.0135225 227
13700.6 1452.97 3189.61 0.016545 228
13729 1455.98 3189.61 0.0203131 229
13626.5 1452.56 3071.48 0.0232693 230
13131.5 1237.63 2675.16 -0.0429485 231
13652.7 1451.99 3071.48 0.0260988 231
13157.9 1233.86 2675.16 -0.0409761 232
13678.9 1449.96 3071.48 0.0282794 232
13706.4 1453.48 3071.48 0.0320069 233
13096.4 1237.39 2591.56 -0.0377414 234
13586.4 1450.55 2961.78 0.0322826 234
13145.2 1234.2 2591.56 -0.0331415 235
13634.4 1450.58 2961.78 0.037181 235
13059.6 1232.73 2513.03 -0.0347166 236
13634.9 1451.68 2961.78 0.0375076 236
13657 1449.05 2961.78 0.0388848 237
13594.8 1454.47 2859.65 0.0476209 238
13598.1 1462.53 2859.65 0.0500856 239
13544.6 1457.87 2764.33 0.0557053 240
13275.6 1249.89 2591.56 -0.0124374 241
13548.5 1467.78 2764.33 0.0588211 241
13575.4 1468.32 2764.33 0.0614672 242
13245.5 1241.23 2513.03 -0.00916548 243
13604.5 1459.45 2764.33 0.0619349 243
16014.7 968.385 5183.12 -0.0539275 243
13234.5 1251.46 2439.11 0.00208483 244
13673.6 1474.89 2764.33 0.07327 244
13238.2 1260.77 2439.11 0.00555062 245
13678.7 1487.83 2764.33 0.0772666 245
13198.6 1259.37 2369.43 0.0095469 246
13616.2 1481.4 2675.16 0.081287 246
13233.5 1256.04 2369.43 0.0128583 247
13258.7 1241.55 2369.43 0.0114438 248
13211.1 1240.05 2241.35 0.0249155 252
13205.9 1219.86 2182.37 0.0276664 254
13236.6 1234.45 2182.37 0.0384562 255
13221.8 1223.9 2126.41 0.0424181 256
13165.5 1225.94 2073.25 0.0443204 257
13154 1222.36 2022.68 0.0511825 258
13125.1 1215.48 1974.52 0.0532341 259
13150.8 1212.72 1974.52 0.0564018 260
13149.3 1208.57 1974.52 0.0545703 261
13194.5 1180.18 1928.6 0.0600287 265
13170.8 1181.23 1884.77 0.0662032 266
13193.6 1175.99 1884.77 0.0679224 267
13144.4 1161.95 1842.89 0.062721 268
13122.4 1155.34 1802.82 0.0646565 269
13142.9 1154.17 1802.82 0.068144 270
13140.2 1140.06 1764.47 0.0695371 271
13585.6 1360.01 2126.41 0.147845 271
12182.6 1087.09 863.853 0.0834597 272
13520.6 1328.87 2073.25 0.138779 272
12187 1085.36 846.223 0.0897376 273
13480.6 1327.36 2022.68 0.14477 273
12230.5 1086.86 846.223 0.0995029 274
13463 1334.14 1974.52 0.155447 274
12218.7 1075.54 837.676 0.0888166 275
13456.5 1309.46 1974.52 0.144825 275
12231.9 1076.71 829.299 0.0942775 276
13471.4 1317.55 1974.52 0.150474 276
12256.7 1077.71 829.299 0.0982508 277
13440.7 1317.4 1928.6 0.155658 277
12300.6 1081.87 821.088 0.108151 278
12290 1070.65 813.038 0.0970842 279
12305.5 1070.57 805.145 0.0994755 280
12346.6 1078.89 797.403 0.110976 281
13493.1 1327.81 1884.77 0.169688 281
12344.7 1067.75 797.403 0.0986203 282
13445.4 1297.74 1842.89 0.158899 282
12380.8 1082.98 789.809 0.115524 283
13898.1 1740.8 2182.37 0.311071 284
12380.2 1067.16 767.869 0.0991619 285
13415.6 1288.98 1764.47 0.161555 285
13835.4 1694.45 2126.41 0.300679 285
12409.8 1071.23 753.908 0.10272 286
13452 1298.13 1764.47 0.165767 286
13806.9 1692.08 2073.25 0.30821 286
13065.2 1068.58 1405.59 0.055372 287
13411.8 1269.41 1727.71 0.153991 287
13803.8 1664.77 2073.25 0.297361 287
13090.2 1091.93 1382.16 0.0695995 288
13418.4 1296.88 1692.45 0.170727 288
13834.1 1705.92 2073.25 0.315632 288
13065.6 1068.73 1359.51 0.0545319 289
13416.3 1271.92 1692.45 0.157203 289
13831.8 1677.92 2073.25 0.304327 289
13066.9 1060.25 1337.58 0.0470599 290
13403.8 1260.38 1658.6 0.152252 290
13850.3 1671.11 2073.25 0.301041 290
14037.5 1921.08 2241.35 0.373194 290
13419.9 1295.15 1626.08 0.171475 291
13834.4 1705.35 2022.68 0.322361 291
14064.8 1974.98 2241.35 0.394688 291
13084.5 1078.05 1275.84 0.0537072 292
13442.7 1283.68 1626.08 0.162773 292
13854.9 1692.93 2022.68 0.315979 292
14023.8 1938.02 2182.37 0.38964 292
13884 1709.84 2022.68 0.321337 293
14048.6 1955.63 2182.37 0.395701 293
13067.9 1061.86 1219.56 0.0365939 294
12786.1 1358.53 931.797 0.33419 294
14048 1925.87 2182.37 0.384482 294
13089.3 1073.26 1201.88 0.038313 295
13423.3 1276.18 1535.74 0.156951 295
13862.4 1689.91 1974.52 0.317208 295
14014.4 1928.04 2126.41 0.393173 295
13079.2 1074.23 1168.03 0.0358631 296
13444.2 1280.61 1535.74 0.156748 296
14026.4 1936.93 2126.41 0.396589 296
13831.9 1683.8 1928.6 0.320215 296
13055.6 1077.73 1120.67 0.0348942 297
13383.5 1278.59 1454.91 0.160028 297
13800.4 1684.33 1884.77 0.326136 297
13931 1910.79 2022.68 0.40386 297
13026.8 1055.88 1091.18 0.0166336 298
13359.3 1252.34 1429.83 0.145218 298
13759.8 1646.08 1842.89 0.314357 298
13931.9 1884.17 2022.68 0.392653 298
14139.6 2225.23 2241.35 0.485281 298
13020.8 1049.15 1063.2 0.00546941 299
13355.5 1244.44 1405.59 0.138179 299
13776.9 1641.92 1842.89 0.309993 299
13947.2 1880.31 2022.68 0.38949 299
14152.1 2220.31 2241.35 0.483012 299
13034.6 1055.32 1023.83 -0.00215883 300
13357 1254.22 1359.51 0.139636 300
13772.8 1655.18 1802.82 0.318145 300
13928.1 1890.34 1974.52 0.399958 300
14112.8 2221.15 2182.37 0.495168 300
13043.8 1062.33 999.155 -0.00410006 301
13365.9 1264.06 1337.58 0.142587 301
13948.6 1910.8 1974.52 0.407074 301
13797 1673.85 1802.82 0.324299 301
14128.1 2243.85 2182.37 0.503445 301
13020.2 1080.79 921.443 -0.00563023 302
13336.7 1276 1256.51 0.14565 302
13733.8 1667.58 1692.45 0.331197 302
13902.3 1904.71 1884.77 0.414728 302
14058.7 2219.68 2073.25 0.512299 302
12975.3 1073.76 854.947 -0.0228946 303
13286.6 1260.05 1184.71 0.134375 303
13658.4 1631.1 1594.81 0.324403 303
13841.9 1865.4 1802.82 0.408887 303
13982 2161.98 1974.52 0.507619 303
12975.2 1067.33 829.299 -0.0396171 304
13293.6 1255.39 1168.03 0.125825 304
13677.5 1633.13 1594.81 0.321698 304
13858.4 1868.65 1802.82 0.407886 304
13995.2 2165.83 1974.52 0.508048 304
12944 1069.45 767.869 -0.0507536 305
13245.8 1250.7 1091.18 0.122201 305
13617 1614.59 1507.82 0.322818 305
13807.4 1847.98 1727.71 0.410068 305
13030.6 1652.99 931.797 0.533231 305
12963.4 1065.54 753.908 -0.0681093 306
13276.9 1251.28 1091.18 0.113954 306
13643.4 1621.08 1507.82 0.321414 306
13831 1856.06 1727.71 0.410456 306
13055 1663 931.797 0.5358 306
12971.5 1062.04 727.455 -0.0865455 307
13295.4 1250.16 1077.01 0.105571 307
13671.2 1626.93 1507.82 0.319586 307
13855.8 1864.18 1727.71 0.410844 307
14009.9 2171.73 1928.6 0.515465 307
12931.8 1064.13 658.174 -0.10488 308
13235.3 1241.93 987.261 0.0971633 308
13622.1 1605.95 1429.83 0.316075 308
13783.4 1827.55 1626.08 0.409244 308
13914.1 2112.09 1802.82 0.515585 308
12965.1 1071 637.922 -0.124339 309
13274.1 1254.45 975.646 0.0912709 309
13665.5 1627.98 1429.83 0.318602 309
13822.7 1852.67 1626.08 0.414207 309
13985.2 2159.21 1842.89 0.521836 309
14243.6 2618.74 2182.37 0.631142 309
13293 1251.82 964.301 0.0791253 310
13691.1 1632.55 1429.83 0.315023 310
13845.5 1859.47 1626.08 0.41311 310
14004.4 2167.76 1842.89 0.522823 310
14258.2 2626.1 2182.37 0.632982 310
13641.9 2134.49 1480.89 0.613971 310
13283.4 1267.21 901.412 0.0766936 311
13649.2 1632.75 1337.58 0.32037 311
13830.6 1864.56 1564.72 0.419405 311
13969.7 2160.06 1764.47 0.531446 311
14190.9 2589.71 2073.25 0.642548 311
13293.3 1262.8 882.233 0.0618778 312
13673.7 1635.94 1337.58 0.315192 312
13852.2 1870.34 1564.72 0.417328 312
13988 2166.82 1764.47 0.531274 312
14251.1 2630.99 2126.41 0.643791 312
13650.2 2141.78 1429.83 0.624712 312
13309.8 1254.47 872.946 0.0429164 313
13717.3 1640.62 1359.51 0.306716 313
13901 1882.49 1594.81 0.411765 313
14077.7 2208.31 1842.89 0.527385 313
14367.8 2705.31 2241.35 0.641368 313
13690.2 2160.35 1454.91 0.62211 313
13314 1258.5 821.088 0.0270188 314
13704.3 1642.59 1295.78 0.30788 314
13889.1 1884.48 1535.74 0.416743 314
14078.1 2217.6 1802.82 0.535375 314
13298.7 1261.97 767.869 0.00898562 315
13703.9 1640.7 1256.51 0.30001 315
13874.2 1874.48 1480.89 0.411976 315
14078.5 2211.02 1764.47 0.53252 315
13718 2170.53 1405.59 0.627603 315
13306 1258.04 753.908 -0.00725952 316
13703.1 1640.59 1237.76 0.296669 316
13889.1 1882.24 1480.89 0.411189 316
14057.4 2202.58 1727.71 0.534348 316
14435.3 2767.72 2241.35 0.653443 316
13708.7 2167.9 1382.16 0.630926 316
13292.8 1250.45 721.13 -0.027896 317
13703 1634.96 1219.56 0.289229 317
13880.6 1874.33 1454.91 0.40725 317
14071 2206.91 1727.71 0.532602 317
14446.8 2771.53 2241.35 0.652699 317
13721.8 2173.05 1382.16 0.629693 317
13255 1251.7 658.174 -0.0434247 318
13660.9 1624.49 1151.8 0.287256 318
13833.2 1857.88 1382.16 0.408826 318
14025.9 2186.24 1658.6 0.536483 318
13706.4 1650.71 1151.8 0.289082 319
13896.5 1898.07 1405.59 0.414213 319
14092.4 2240.11 1692.45 0.5449 319
13733.8 1668.96 1136.03 0.289231 320
13936.3 1924.59 1405.59 0.417421 320
14128.5 2271.2 1692.45 0.550795 320
13724 1665.62 1091.18 0.281769 321
13925 1920.14 1359.51 0.415231 321
14098.5 2255.5 1626.08 0.552757 321
13700.6 1664.53 1036.62 0.279632 322
13912 1920.7 1316.35 0.416849 322
14095.1 2260.55 1594.81 0.556897 322
13696.3 1663.23 1011.34 0.275445 323
13892.2 1915.22 1275.84 0.417942 323
14083.5 2259.55 1564.72 0.560879 323
13714.7 1670.21 987.261 0.268572 324
13895.3 1920.75 1237.76 0.418871 324
14068.1 2256.15 1507.82 0.566498 324
13697.7 1667.78 942.385 0.267203 325
13886.3 1919.71 1201.88 0.42149 325
14089.6 2272.97 1507.82 0.571052 325
13700 1674.27 891.719 0.266303 326
13903.7 1930.5 1168.03 0.425304 326
14088.2 2274.27 1454.91 0.578721 326
13688.2 2151.19 1036.62 0.679126 326
13684.3 1660.41 854.947 0.252166 327
13879.4 1910.93 1120.67 0.417987 327
14064.5 2250.21 1405.59 0.575258 327
13675.8 2131.01 999.155 0.675409 327
13682.9 1662.97 821.088 0.249306 328
13867 1910.54 1077.01 0.42221 328
14067.8 2258.98 1382.16 0.58258 328
13671.3 1660.7 775.046 0.243737 329
13860.6 1907.25 1036.62 0.422395 329
14038.1 2239.95 1316.35 0.587119 329
13869.9 2269.34 1168.03 0.67854 329
13688.1 1666.14 740.446 0.235016 330
13873.6 1911.08 999.155 0.421619 330
14047.1 2240.78 1275.84 0.590961 330
13691.1 1662.43 702.796 0.219419 331
13868.4 1903.14 953.217 0.416174 331
14237.4 2661.23 1564.72 0.73503 331
13688 1666.06 647.89 0.209543 332
13858.7 1899.64 891.719 0.415793 332
14030.8 2219.26 1168.03 0.595216 332
14207.5 2628.09 1480.89 0.741601 332
13693.3 1661.73 623.533 0.191893 333
13867.3 1898.07 872.946 0.409037 333
14038.8 2219.83 1151.8 0.594774 333
14224.9 2640.16 1480.89 0.744295 333
13875.1 1898.83 837.676 0.402646 334
14216 2623.29 1429.83 0.747238 334
13838.7 1881.01 775.046 0.393943 335
14191.6 2602.16 1382.16 0.74979 335
13940.5 2277.24 1023.83 0.690188 335
13822.4 1857.06 740.446 0.367819 336
14172.5 2558.55 1337.58 0.736227 336
13934 2255.22 999.155 0.676908 336
13834.8 1861.2 696.89 0.352407 337
14173.6 2558.65 1295.78 0.742558 337
13962.9 2278.24 987.261 0.682622 337
14214.8 2594.02 1295.78 0.742893 338
14188.9 2591.7 1237.76 0.75704 339
13995.1 2322.62 942.385 0.695517 339
13989.1 2149.65 797.403 0.527677 341
13996 2162.76 767.869 0.532708 342
13993.5 2143.34 733.893 0.50609 343
14017.5 2164.27 708.803 0.498825 344
14009.8 2156.69 674.227 0.484167 345
14037.2 2200.1 642.867 0.48703 346
14022 2176.88 592.356 0.456541 347
14015 2162.84 560.337 0.42774 348
14238.1 2572.4 727.455 0.631278 356
14131.4 3476.71 1237.76 1.20856 358
14129.6 3455.21 1201.88 1.20698 359
14476.3 3666.79 1594.81 1.06009 359
14129.4 3437.98 1168.03 1.20624 360
14464.2 3628.9 1535.74 1.05546 360
14120.5 3436.62 1120.67 1.21593 361
14124.9 3436.8 1105.73 1.21348 362
14128.1 3441.16 1091.18 1.21299 363
15164 3334.99 1658.6 0.610658 363
14132.4 3447.56 1077.01 1.21186 364
15198.4 3358.24 1658.6 0.60087 364
14134 3441.98 1049.75 1.20932 365
15179.4 3344.31 1594.81 0.590385 365
14138.3 3437.18 1023.83 1.20491 366
14132.6 3488.25 999.155 1.2215 367
14141.4 3474.82 975.646 1.20643 368
14144.3 3460.44 942.385 1.19983 369
14442.6 3602.22 1219.56 1.02031 369
14142.3 3448.51 911.318 1.19361 370
14145 3451.3 891.719 1.18778 371
14148.6 3458.8 872.946 1.18242 372
14150 3460.51 846.223 1.17568 373
14147.4 3486.89 813.038 1.17498 374
14153.6 3480.37 782.358 1.15623 375
14147.6 3516.13 753.908 1.16171 376
14150.1 3513.77 727.455 1.14817 377
14148.6 3510.63 696.89 1.1388 378
14144.4 3507.15 663.439 1.13075 379
14140.7 3502.42 628.257 1.11983 380
14143.4 3542.52 609.779 1.11421 381
14145 3568.45 605.328 1.11456 382
15539.7 3644.17 696.89 0.405721 415
