# x y d a f
12474 1883.67 1673.75 0.302141 1
13015.6 1184.4 2295.43 -0.0583464 1
13664.7 1771.68 2869.29 0.14924 1
13342.8 1422.89 2591.62 0.0379501 1
14058.1 2156 3213.6 0.241526 1
12474 1883.67 1673.75 0.302141 2
13015.6 1184.38 2295.43 -0.0583583 2
13342.8 1422.75 2591.62 0.0379001 2
13664.8 1771.82 2869.29 0.149285 2
13929.9 2125.38 3090 0.241804 2
12474 1883.66 1673.75 0.302134 3
13015.5 1184.05 2295.43 -0.0584988 3
13664.7 1771.37 2869.29 0.149139 3
13261 1421.01 2510.63 0.0384222 3
13929.7 2123.97 3090 0.24141 3
12473.8 1884 1673.75 0.302344 4
13342.7 1423.17 2591.62 0.0380575 4
13015.6 1184.64 2295.43 -0.0582468 4
13664.5 1772.26 2869.29 0.149441 4
14057.7 2155.93 3213.6 0.241537 4
12473.8 1884.03 1673.75 0.302361 5
13015.5 1184.59 2295.43 -0.0582684 5
13664.5 1771.88 2869.29 0.149318 5
13342.6 1422.77 2591.62 0.0379078 5
13929.5 2125.74 3090 0.241935 5
12473.8 1884.06 1673.75 0.302376 6
13015.6 1184.81 2295.43 -0.0581716 6
13664.5 1771.81 2869.29 0.149297 6
13342.7 1422.95 2591.62 0.0379751 6
13929.5 2125.51 3090 0.241872 6
12473.8 1883.94 1673.75 0.302314 7
13015.6 1184.81 2295.43 -0.0581722 7
13664.5 1771.77 2869.29 0.149284 7
13342.7 1423.03 2591.62 0.0380057 7
13929.5 2124.98 3090 0.241723 7
12473.7 1883.56 1673.75 0.302132 8
13015.5 1184.36 2295.43 -0.0583659 8
13664.4 1771.56 2869.29 0.149214 8
13342.6 1422.67 2591.62 0.0378711 8
13929.5 2125.12 3090 0.24176 8
12473.7 1882.76 1673.75 0.301741 9
13260.8 1420.78 2510.63 0.0383369 9
13015.4 1183.78 2295.43 -0.0586163 9
13664.4 1770.83 2869.29 0.148981 9
14057.5 2154.73 3213.6 0.241214 9
12473.5 1883.03 1673.75 0.301894 10
13015.5 1184.38 2295.43 -0.058359 10
13342.5 1422.61 2591.62 0.0378516 10
13664.2 1771.01 2869.29 0.149046 10
14057.4 2155.18 3213.6 0.241349 10
12473.6 1883.46 1673.75 0.302105 11
13015.5 1184.4 2295.43 -0.0583487 11
13664.3 1771.57 2869.29 0.149226 11
13342.5 1422.49 2591.62 0.0378036 11
14057.4 2155.27 3213.6 0.241374 11
12473.8 1883.65 1673.75 0.302178 12
13015.5 1184.61 2295.43 -0.0582605 12
13664.4 1771.36 2869.29 0.149151 12
13342.6 1422.55 2591.62 0.0378267 12
13929.4 2124.74 3090 0.241657 12
12473.7 1883.38 1673.75 0.302045 13
13015.5 1184.16 2295.43 -0.0584525 13
13664.4 1771.13 2869.29 0.149078 13
13342.6 1422.44 2591.62 0.0377861 13
13929.5 2125.17 3090 0.241774 13
12473.7 1883.22 1673.75 0.301967 14
13342.5 1421.95 2591.62 0.0376018 14
13015.5 1183.85 2295.43 -0.0585832 14
13664.4 1770.84 2869.29 0.148985 14
13929.4 2124.85 3090 0.241684 14
12474 1882.44 1673.75 0.30152 15
13015.5 1183.14 2295.43 -0.0588873 15
13664.7 1769.84 2869.29 0.148642 15
13342.7 1421.15 2591.62 0.0373002 15
13929.8 2122.93 3090 0.241101 15
12474.1 1882.67 1673.75 0.301631 16
13015.4 1183.02 2295.43 -0.0589373 16
13664.7 1769.76 2869.29 0.148618 16
13342.6 1420.93 2591.62 0.0372203 16
14058.1 2153.65 3213.6 0.240877 16
12473.8 1883.36 1673.75 0.302029 17
13015.6 1184.57 2295.43 -0.0582772 17
13342.6 1422.39 2591.62 0.0377663 17
13664.4 1771.19 2869.29 0.149095 17
13929.4 2124.73 3090 0.24165 17
12473.8 1883.86 1673.75 0.302272 18
13015.6 1184.97 2295.43 -0.0581058 18
13664.5 1771.73 2869.29 0.149268 18
13342.7 1422.83 2591.62 0.0379281 18
13929.5 2125.09 3090 0.241751 18
12473.8 1884.09 1673.75 0.302388 19
13015.6 1184.82 2295.43 -0.0581712 19
13664.5 1772.31 2869.29 0.149455 19
13342.7 1423.16 2591.62 0.0380526 19
14057.7 2156.28 3213.6 0.24163 19
12473.8 1884.19 1673.75 0.302435 20
13015.6 1185.08 2295.43 -0.0580606 20
13664.5 1772.13 2869.29 0.149396 20
13342.7 1423.04 2591.62 0.0380068 20
13929.5 2125.59 3090 0.241892 20
12474.3 1883.43 1673.75 0.301764 21
13015.7 1184.31 2295.43 -0.0585912 21
13665 1771.4 2869.29 0.148988 21
13343 1422.56 2591.62 0.0376465 21
13930.3 2125.09 3090 0.24157 21
12474.6 1884.21 1673.75 0.301735 22
13016 1184.79 2295.43 -0.0587408 22
13665.3 1771.74 2869.29 0.14883 22
13343.3 1423.14 2591.62 0.0375532 22
14058.7 2155.39 3213.6 0.240987 22
12474.8 1884.74 1673.75 0.301663 23
13016.2 1185.66 2295.43 -0.0586646 23
13343.4 1423.58 2591.62 0.037464 23
13665.4 1772.32 2869.29 0.148796 23
13930.7 2125.74 3090 0.241325 23
12474.9 1885.86 1673.75 0.302065 24
13016.3 1186.56 2295.43 -0.0584048 24
13665.6 1773.69 2869.29 0.149141 24
13343.6 1425.07 2591.62 0.0379082 24
14059 2157.73 3213.6 0.241356 24
12475 1885.87 1673.75 0.301809 25
13016.5 1188.17 2295.43 -0.0579379 25
13343.8 1426.56 2591.62 0.0382687 25
13665.9 1775.62 2869.29 0.149589 25
14059.4 2160.03 3213.6 0.24183 25
12475 1886.4 1673.75 0.301955 26
13016.5 1188.25 2295.43 -0.0579994 26
13665.9 1775.58 2869.29 0.149507 26
13343.8 1426.6 2591.62 0.0382006 26
13931.2 2129.45 3090 0.242069 26
12475 1886.78 1673.75 0.302051 27
13016.5 1188.56 2295.43 -0.0579525 27
13665.9 1776.04 2869.29 0.149593 27
13343.8 1427.01 2591.62 0.0382778 27
13931.2 2130.43 3090 0.242294 27
12475.1 1887.11 1673.75 0.301962 28
13016.6 1189.01 2295.43 -0.0579713 28
13343.9 1427.54 2591.62 0.0382918 28
13666 1776.57 2869.29 0.149598 28
13931.3 2130.5 3090 0.242167 28
12475 1887.15 1673.75 0.301867 29
13016.5 1188.93 2295.43 -0.058117 29
13665.9 1776.27 2869.29 0.149424 29
13343.8 1427.34 2591.62 0.0381224 29
14059.4 2161.35 3213.6 0.241876 29
12475 1887.09 1673.75 0.301783 30
13016.5 1188.85 2295.43 -0.0581992 30
13665.8 1776.16 2869.29 0.149353 30
13343.8 1427.34 2591.62 0.0380799 30
13931.1 2129.83 3090 0.241885 30
12475.1 1887.93 1673.75 0.302097 31
13016.7 1189.94 2295.43 -0.0578147 31
13344 1428.62 2591.62 0.0384844 31
13666 1777.42 2869.29 0.149695 31
14059.5 2161.82 3213.6 0.24192 31
12475.2 1888.13 1673.75 0.302108 32
13016.7 1190.46 2295.43 -0.0576555 32
13344 1428.73 2591.62 0.0384686 32
13666.1 1777.63 2869.29 0.149709 32
14059.5 2161.47 3213.6 0.241776 32
12475.3 1888.74 1673.75 0.302373 33
13016.7 1190.67 2295.43 -0.0575968 33
13344 1428.8 2591.62 0.0384693 33
13666.2 1778.32 2869.29 0.149909 33
13931.4 2131.44 3090 0.242211 33
12474.9 1889.16 1673.75 0.302795 34
13016.7 1191.82 2295.43 -0.056949 34
13343.9 1429.88 2591.62 0.0390062 34
13665.9 1779.25 2869.29 0.150338 34
14059.2 2163.25 3213.6 0.242366 34
12474.7 1888.78 1673.75 0.3028 35
13016.5 1190.96 2295.43 -0.0571541 35
13343.7 1429.42 2591.62 0.0389801 35
13665.7 1778.65 2869.29 0.150267 35
14058.9 2162.16 3213.6 0.242178 35
12474.9 1887.63 1673.75 0.302136 36
13016.5 1189.93 2295.43 -0.0576468 36
13343.7 1428.18 2591.62 0.0384697 36
13665.8 1777.13 2869.29 0.149727 36
14059.3 2161.2 3213.6 0.241853 36
12475.1 1888.01 1673.75 0.302166 37
13016.6 1190.08 2295.43 -0.0577182 37
13343.9 1428.44 2591.62 0.0384496 37
13666 1777.7 2869.29 0.14981 37
13931.4 2131.8 3090 0.242397 37
12475.2 1888.04 1673.75 0.302102 38
13016.7 1190.13 2295.43 -0.0577689 38
13344 1428.4 2591.62 0.0383704 38
13666 1777.39 2869.29 0.149658 38
14059.6 2161.74 3213.6 0.241869 38
12475.2 1888.5 1673.75 0.30229 39
13016.7 1190.43 2295.43 -0.057671 39
13344 1428.7 2591.62 0.0384565 39
13666.1 1778.07 2869.29 0.14985 39
13931.3 2131.05 3090 0.242122 39
12475.3 1889.03 1673.75 0.302458 40
13016.8 1191.23 2295.43 -0.0574055 40
13344.2 1429.76 2591.62 0.0387834 40
13666.3 1778.9 2869.29 0.15006 40
14059.7 2162.42 3213.6 0.241984 40
12474.9 1889.06 1673.75 0.302722 41
13016.7 1191.45 2295.43 -0.0571265 41
13262.2 1428.62 2510.63 0.0397312 41
13665.9 1779.18 2869.29 0.150299 41
13931 2132.56 3090 0.242643 41
12474.9 1889.21 1673.75 0.302795 42
13016.7 1191.3 2295.43 -0.0571907 42
13343.9 1429.82 2591.62 0.0389651 42
13665.9 1779.48 2869.29 0.150394 42
13930.9 2132.07 3090 0.242505 42
12475.2 1888.94 1673.75 0.302583 43
13016.7 1190.8 2295.43 -0.057445 43
13344 1429.18 2591.62 0.038692 43
13666.1 1778.73 2869.29 0.150115 43
13931.3 2131.46 3090 0.242283 43
12475.5 1888.3 1673.75 0.302149 44
13016.7 1190.51 2295.43 -0.0576316 44
13344.1 1428.55 2591.62 0.0384011 44
13666.4 1777.73 2869.29 0.149729 44
14060 2161.55 3213.6 0.241765 44
12475.5 1888.36 1673.75 0.302143 45
13016.7 1189.8 2295.43 -0.0579641 45
13262.4 1426.98 2510.63 0.0389807 45
13666.4 1777.43 2869.29 0.149612 45
14059.9 2160.78 3213.6 0.24154 45
12475.5 1888.09 1673.75 0.301981 46
13016.7 1189.69 2295.43 -0.0580364 46
13262.3 1426.64 2510.63 0.0388277 46
13666.4 1777.24 2869.29 0.149528 46
13931.7 2130.25 3090 0.241828 46
12475.5 1887.93 1673.75 0.301853 47
13016.7 1189.72 2295.43 -0.0580669 47
13344.1 1428 2591.62 0.0381109 47
13666.4 1777.27 2869.29 0.149506 47
14060 2160.87 3213.6 0.241521 47
12475.5 1888.28 1673.75 0.302005 48
13016.7 1190.03 2295.43 -0.057952 48
13344.1 1428.24 2591.62 0.0381814 48
13666.4 1777.3 2869.29 0.149502 48
14060 2160.92 3213.6 0.241521 48
12475.5 1888.1 1673.75 0.301876 49
13016.8 1190.27 2295.43 -0.0578866 49
13344.1 1427.95 2591.62 0.0380467 49
13666.4 1777.64 2869.29 0.149585 49
14060.1 2162.07 3213.6 0.241808 49
12475.6 1888.41 1673.75 0.301996 50
13016.7 1189.85 2295.43 -0.0580903 50
13344.1 1428.02 2591.62 0.0380464 50
13666.4 1777.36 2869.29 0.149475 50
14060 2161.04 3213.6 0.241512 50
12475.5 1888.26 1673.75 0.301895 51
13016.7 1190.04 2295.43 -0.0580348 51
13262.4 1426.94 2510.63 0.0388116 51
13666.4 1777.02 2869.29 0.149348 51
13931.8 2130.81 3090 0.241888 51
12475.6 1888.15 1673.75 0.301818 52
13016.7 1189.76 2295.43 -0.0581694 52
13344.1 1427.84 2591.62 0.0379446 52
13666.4 1777.51 2869.29 0.14949 52
14060.1 2161.57 3213.6 0.241627 52
12475.6 1888.4 1673.75 0.30193 53
13016.8 1190.38 2295.43 -0.057916 53
13344.1 1428.12 2591.62 0.038043 53
13666.4 1777.4 2869.29 0.149449 53
14060 2160.82 3213.6 0.24142 53
12475.6 1888.19 1673.75 0.30182 54
13016.7 1189.81 2295.43 -0.0581644 54
13344.1 1428.03 2591.62 0.0380018 54
13666.4 1777.24 2869.29 0.149391 54
14060.1 2161.3 3213.6 0.241546 54
12475.6 1888.5 1673.75 0.301956 55
13016.8 1190.5 2295.43 -0.0578828 55
13344.2 1428.31 2591.62 0.0380938 55
13666.4 1777.12 2869.29 0.149343 55
14060.1 2161.44 3213.6 0.241576 55
12475.5 1888.21 1673.75 0.301811 56
13016.8 1190.2 2295.43 -0.0580153 56
13344.1 1428.04 2591.62 0.0379915 56
13666.4 1777.35 2869.29 0.149416 56
14060.1 2161.4 3213.6 0.241564 56
12475.6 1888.38 1673.75 0.301884 57
13016.8 1190.23 2295.43 -0.0580078 57
13344.1 1428.03 2591.62 0.0379836 57
13666.5 1777.6 2869.29 0.149491 57
14060.1 2161.39 3213.6 0.241556 57
12475.6 1888.3 1673.75 0.301841 58
13016.7 1189.85 2295.43 -0.058177 58
13262.4 1426.84 2510.63 0.0387187 58
13666.4 1777.39 2869.29 0.149422 58
14060.1 2161.07 3213.6 0.241465 58
12475.6 1888.45 1673.75 0.301911 59
13016.7 1190.1 2295.43 -0.0580714 59
13344.1 1428.07 2591.62 0.0379908 59
13666.4 1777 2869.29 0.149293 59
14060 2160.54 3213.6 0.24132 59
12475.5 1888.09 1673.75 0.301734 60
13016.7 1189.81 2295.43 -0.058201 60
13262.4 1426.54 2510.63 0.0385964 60
13666.4 1776.87 2869.29 0.14925 60
14060 2160.49 3213.6 0.241306 60
12475.5 1887.86 1673.75 0.301621 61
13016.7 1189.51 2295.43 -0.058333 61
13344.1 1427.96 2591.62 0.0379429 61
13666.3 1776.9 2869.29 0.149257 61
13931.8 2130.6 3090 0.241784 61
12475.5 1887.98 1673.75 0.301677 62
13016.7 1189.7 2295.43 -0.0582515 62
13344.1 1427.88 2591.62 0.0379129 62
13666.3 1776.83 2869.29 0.149232 62
14060 2160.87 3213.6 0.241407 62
12475.5 1887.81 1673.75 0.301586 63
13016.7 1189.59 2295.43 -0.0583071 63
13344.1 1427.83 2591.62 0.0378902 63
13666.4 1777.02 2869.29 0.14929 63
13931.8 2130.91 3090 0.241863 63
12475.5 1887.85 1673.75 0.301605 64
13016.7 1189.63 2295.43 -0.0582922 64
13666.3 1776.74 2869.29 0.149196 64
13262.3 1426.48 2510.63 0.0385575 64
14059.9 2160.32 3213.6 0.241254 64
12475.5 1887.86 1673.75 0.301606 65
13016.7 1189.42 2295.43 -0.0583845 65
13344 1427.48 2591.62 0.0377527 65
13666.3 1776.62 2869.29 0.149157 65
14059.9 2160.26 3213.6 0.241236 65
12475.4 1887.6 1673.75 0.30148 66
13016.7 1190.12 2295.43 -0.0580851 66
13344.1 1427.98 2591.62 0.0379364 66
13666.3 1776.93 2869.29 0.149255 66
14060.1 2161.72 3213.6 0.241629 66
12475.6 1888.63 1673.75 0.301978 67
13016.8 1190.46 2295.43 -0.0579436 67
13344.2 1428.52 2591.62 0.0381365 67
13666.5 1777.95 2869.29 0.149583 67
14060.1 2161.66 3213.6 0.241611 67
12475.5 1888.25 1673.75 0.301794 68
13016.7 1190.01 2295.43 -0.0581358 68
13262.4 1426.91 2510.63 0.038718 68
13666.4 1777.41 2869.29 0.149408 68
14060 2161.18 3213.6 0.241482 68
12475.6 1888.74 1673.75 0.30203 69
13016.9 1191.16 2295.43 -0.0576436 69
13344.2 1428.92 2591.62 0.0382855 69
13666.4 1777.58 2869.29 0.14946 69
14060.1 2161.95 3213.6 0.241688 69
12475.6 1888.74 1673.75 0.302027 70
13016.8 1190.41 2295.43 -0.0579677 70
13344.2 1428.72 2591.62 0.0382077 70
13666.4 1777.69 2869.29 0.149495 70
14060.1 2161.72 3213.6 0.241626 70
12475.5 1888.3 1673.75 0.301811 71
13016.7 1190.06 2295.43 -0.0581202 71
13262.4 1426.92 2510.63 0.0387185 71
13666.4 1777.42 2869.29 0.149408 71
14060 2161.59 3213.6 0.241592 71
12475.6 1888.55 1673.75 0.301933 72
13016.8 1190.49 2295.43 -0.0579353 72
13344.1 1428.38 2591.62 0.0380788 72
13666.4 1777.57 2869.29 0.149455 72
13931.8 2131.31 3090 0.241968 72
12475.5 1888.4 1673.75 0.301856 73
13016.8 1190.32 2295.43 -0.0580074 73
13262.4 1427.06 2510.63 0.0387715 73
13666.4 1777.85 2869.29 0.149543 73
14059.9 2160.8 3213.6 0.241377 73
12475.5 1888.44 1673.75 0.301878 74
13016.8 1190.21 2295.43 -0.0580577 74
13344.1 1428.22 2591.62 0.0380169 74
13666.4 1777.16 2869.29 0.149322 74
14060 2161 3213.6 0.24143 74
12475.5 1888.4 1673.75 0.301855 75
13016.7 1190.08 2295.43 -0.0581118 75
13344.1 1428.09 2591.62 0.0379675 75
13666.3 1777.06 2869.29 0.149291 75
13931.8 2130.61 3090 0.241769 75
12475.5 1888.09 1673.75 0.301702 76
13016.7 1189.74 2295.43 -0.0582594 76
13344.1 1427.81 2591.62 0.0378645 76
13666.3 1776.91 2869.29 0.14924 76
14060 2161.55 3213.6 0.241578 76
12475.5 1887.77 1673.75 0.301547 77
13016.7 1189.79 2295.43 -0.0582371 77
13344.1 1428.07 2591.62 0.0379598 77
13666.3 1776.8 2869.29 0.149204 77
14059.9 2160.29 3213.6 0.241236 77
12475.4 1887.59 1673.75 0.30146 78
13016.7 1189.47 2295.43 -0.0583777 78
13344.1 1428.03 2591.62 0.0379474 78
13666.3 1776.77 2869.29 0.149196 78
14060 2161.04 3213.6 0.241439 78
12475.4 1887.51 1673.75 0.301422 79
13016.7 1189.53 2295.43 -0.0583506 79
13666.3 1776.49 2869.29 0.149106 79
13344.1 1427.73 2591.62 0.0378327 79
14059.9 2160.34 3213.6 0.24125 79
12475.4 1887.45 1673.75 0.301389 80
13016.7 1189.5 2295.43 -0.058365 80
13344.1 1428.01 2591.62 0.0379363 80
13666.3 1776.95 2869.29 0.149251 80
14060 2160.84 3213.6 0.241384 80
12475.5 1888.51 1673.75 0.301906 81
13016.8 1190.54 2295.43 -0.0579209 81
13344.1 1428.35 2591.62 0.0380623 81
13666.3 1776.95 2869.29 0.149251 81
13931.7 2130.25 3090 0.241668 81
12475.5 1887.87 1673.75 0.301593 82
13016.7 1189.81 2295.43 -0.0582342 82
13344.1 1428.07 2591.62 0.0379604 82
13666.4 1777.27 2869.29 0.149353 82
14060 2161.05 3213.6 0.241439 82
12475.5 1888.39 1673.75 0.301846 83
13016.7 1189.85 2295.43 -0.0582174 83
13262.4 1426.77 2510.63 0.0386526 83
13666.4 1777.23 2869.29 0.149342 83
13931.8 2130.6 3090 0.241764 83
12475.4 1887.55 1673.75 0.301438 84
13016.7 1189.62 2295.43 -0.0583147 84
13344.1 1428.19 2591.62 0.0380022 84
13666.3 1776.87 2869.29 0.149227 84
13931.9 2131.31 3090 0.241965 84
12475.5 1887.7 1673.75 0.301512 85
13016.6 1189.32 2295.43 -0.0584443 85
13344 1427.58 2591.62 0.037775 85
13666.3 1776.43 2869.29 0.149086 85
14060 2161.03 3213.6 0.241436 85
12475.4 1887.06 1673.75 0.301198 86
13016.6 1189.18 2295.43 -0.0585019 86
13666.3 1776.45 2869.29 0.14909 86
13344.1 1427.73 2591.62 0.0378327 86
13931.6 2129.37 3090 0.24142 86
12475.4 1887.64 1673.75 0.301483 87
13016.7 1189.57 2295.43 -0.0583344 87
13344 1427.32 2591.62 0.0376802 87
13666.2 1776.15 2869.29 0.148995 87
14060 2160.88 3213.6 0.241395 87
12475.5 1887.91 1673.75 0.301611 88
13016.7 1189.98 2295.43 -0.0581589 88
13344.1 1428.12 2591.62 0.0379779 88
13666.4 1777.19 2869.29 0.149327 88
14060 2160.97 3213.6 0.241417 88
12475.5 1888.22 1673.75 0.301763 89
13016.8 1190.2 2295.43 -0.0580663 89
13344.1 1428.23 2591.62 0.0380167 89
13666.4 1777.57 2869.29 0.149451 89
14060.1 2161.71 3213.6 0.241617 89
12475.5 1888.37 1673.75 0.301832 90
13016.7 1190.05 2295.43 -0.0581306 90
13344.1 1428.08 2591.62 0.0379621 90
13666.4 1777.32 2869.29 0.14937 90
14060.1 2161.63 3213.6 0.241595 90
12475.5 1887.75 1673.75 0.301534 91
13016.8 1190.51 2295.43 -0.0579334 91
13344.1 1428.31 2591.62 0.0380473 91
13666.4 1777.04 2869.29 0.149278 91
14060 2161.12 3213.6 0.241457 91
12475.6 1888.46 1673.75 0.301877 92
13016.7 1190.11 2295.43 -0.0581056 92
13344.1 1428.12 2591.62 0.0379778 92
13666.4 1777.34 2869.29 0.149377 92
14060 2161.27 3213.6 0.241498 92
12475.5 1888.44 1673.75 0.301872 93
13016.8 1190.35 2295.43 -0.058003 93
13344.1 1428.34 2591.62 0.0380601 93
13666.4 1777.42 2869.29 0.149401 93
13931.8 2131.18 3090 0.241928 93
12475.5 1888.12 1673.75 0.301717 94
13016.8 1190.49 2295.43 -0.0579443 94
13344.1 1428.31 2591.62 0.0380465 94
13666.4 1777.56 2869.29 0.149448 94
14060.2 2162.5 3213.6 0.241833 94
12475.5 1888.3 1673.75 0.301801 95
13016.8 1190.78 2295.43 -0.0578184 95
13344.1 1428.29 2591.62 0.0380388 95
13666.4 1777.64 2869.29 0.149471 95
14060.1 2162.11 3213.6 0.241725 95
12475.5 1888.38 1673.75 0.301839 96
13016.7 1190.07 2295.43 -0.0581208 96
13262.3 1426.66 2510.63 0.0386102 96
13666.3 1777.01 2869.29 0.14927 96
14060 2161.37 3213.6 0.241526 96
12475.5 1888.18 1673.75 0.301745 97
13016.8 1190.74 2295.43 -0.0578352 97
13344.1 1428.06 2591.62 0.0379551 97
13666.4 1777.42 2869.29 0.1494 97
14060.1 2162.11 3213.6 0.241725 97
12475.5 1888.1 1673.75 0.301707 98
13016.7 1190.16 2295.43 -0.0580837 98
13344.1 1428.16 2591.62 0.0379934 98
13666.4 1777.48 2869.29 0.14942 98
14060 2161.56 3213.6 0.241577 98
12475.5 1888.46 1673.75 0.301882 99
13016.8 1190.31 2295.43 -0.0580181 99
13344.1 1428.18 2591.62 0.0380005 99
13666.4 1777.28 2869.29 0.149358 99
14060.1 2161.75 3213.6 0.241629 99
12475.5 1888.22 1673.75 0.301762 100
13016.7 1189.94 2295.43 -0.0581778 100
13344.1 1428.32 2591.62 0.0380511 100
13666.4 1777.57 2869.29 0.149449 100
14060.1 2161.95 3213.6 0.241684 100
12475.5 1888.31 1673.75 0.301807 101
13016.8 1190.22 2295.43 -0.0580577 101
13344.1 1428.17 2591.62 0.037994 101
13666.4 1777.26 2869.29 0.14935 101
14060.1 2162.3 3213.6 0.241777 101
12475.5 1888.44 1673.75 0.301871 102
13016.7 1189.96 2295.43 -0.0581706 102
13262.3 1426.69 2510.63 0.0386232 102
13666.4 1777.54 2869.29 0.149441 102
14060 2161.51 3213.6 0.241563 102
12475.6 1888.58 1673.75 0.301936 103
13016.7 1189.96 2295.43 -0.0581706 103
13344.1 1428.27 2591.62 0.0380311 103
13666.4 1777.28 2869.29 0.149358 103
14060 2161.56 3213.6 0.241578 103
12475.5 1888.29 1673.75 0.301797 104
13016.8 1190.18 2295.43 -0.0580739 104
13344.1 1428.18 2591.62 0.038001 104
13666.4 1777.31 2869.29 0.149365 104
14060.1 2161.73 3213.6 0.241622 104
12475.5 1888.21 1673.75 0.301757 105
13016.8 1190.18 2295.43 -0.0580734 105
13344.1 1428.14 2591.62 0.0379851 105
13666.4 1777.64 2869.29 0.149472 105
14060.1 2162.2 3213.6 0.241751 105
12475.5 1888.47 1673.75 0.301887 106
13016.8 1190.46 2295.43 -0.057957 106
13344.1 1428.2 2591.62 0.0380064 106
13666.4 1777.26 2869.29 0.14935 106
14060.1 2162.18 3213.6 0.241744 106
12475.5 1888.53 1673.75 0.301913 107
13016.7 1190.05 2295.43 -0.0581321 107
13344.1 1428.19 2591.62 0.0380016 107
13666.4 1777.63 2869.29 0.149468 107
14060.1 2161.96 3213.6 0.241685 107
12475.6 1888.57 1673.75 0.301933 108
13016.7 1189.96 2295.43 -0.0581712 108
13344.1 1428.24 2591.62 0.0380217 108
13666.4 1777.55 2869.29 0.149444 108
14060.1 2162.13 3213.6 0.24173 108
12475.5 1888.26 1673.75 0.301781 109
13016.7 1189.88 2295.43 -0.0582047 109
13344.1 1428.02 2591.62 0.0379398 109
13666.4 1777.43 2869.29 0.149405 109
14060.1 2162.1 3213.6 0.241722 109
12475.5 1888.48 1673.75 0.301888 110
13016.8 1190.21 2295.43 -0.058062 110
13344.1 1428.21 2591.62 0.0380087 110
13666.4 1777.25 2869.29 0.149346 110
14060.1 2162 3213.6 0.241696 110
12475.5 1888.5 1673.75 0.301901 111
13016.7 1190.13 2295.43 -0.0580956 111
13344.1 1428.23 2591.62 0.0380169 111
13666.4 1777.29 2869.29 0.14936 111
14060.1 2162.06 3213.6 0.241712 111
12475.5 1888.12 1673.75 0.301713 112
13016.7 1189.93 2295.43 -0.0581827 112
13344.1 1428.21 2591.62 0.0380087 112
13666.4 1777.61 2869.29 0.149464 112
14060.1 2161.72 3213.6 0.241622 112
12475.5 1888.53 1673.75 0.301913 113
13016.8 1190.18 2295.43 -0.0580734 113
13344.2 1428.49 2591.62 0.0381159 113
13666.4 1777.26 2869.29 0.14935 113
14060.1 2161.94 3213.6 0.241681 113
12475.5 1888.2 1673.75 0.301753 114
13016.7 1190.06 2295.43 -0.0581267 114
13262.4 1426.96 2510.63 0.0387246 114
13666.4 1777.4 2869.29 0.149394 114
14060 2161.36 3213.6 0.241523 114
12475.5 1888.49 1673.75 0.301894 115
13016.8 1190.31 2295.43 -0.0580181 115
13262.4 1426.95 2510.63 0.0387232 115
13666.4 1777.17 2869.29 0.149322 115
14060.1 2161.91 3213.6 0.241671 115
12475.5 1888.32 1673.75 0.301816 116
13016.8 1190.38 2295.43 -0.0579883 116
13262.4 1427.42 2510.63 0.0389021 116
13666.4 1777.56 2869.29 0.149448 116
14060.1 2162.09 3213.6 0.241723 116
12475.5 1888.52 1673.75 0.301909 117
13016.8 1190.4 2295.43 -0.0579797 117
13262.4 1426.87 2510.63 0.0386926 117
13666.4 1777.44 2869.29 0.149409 117
14060.1 2161.97 3213.6 0.241689 117
12475.5 1888.48 1673.75 0.301888 118
13016.7 1190.06 2295.43 -0.0581287 118
13344.1 1428.21 2591.62 0.0380092 118
13666.3 1777.09 2869.29 0.149295 118
14060.2 2162.46 3213.6 0.241819 118
12475.6 1888.62 1673.75 0.301959 119
13016.8 1190.2 2295.43 -0.0580662 119
13344.2 1428.48 2591.62 0.0381123 119
13666.4 1777.4 2869.29 0.149394 119
14060.1 2162.11 3213.6 0.241726 119
12475.5 1888.41 1673.75 0.301855 120
13016.7 1190.09 2295.43 -0.0581118 120
13262.4 1426.94 2510.63 0.0387179 120
13666.3 1777.14 2869.29 0.149313 120
14060 2161.41 3213.6 0.241537 120
12475.3 1888.94 1673.75 0.302153 121
13016.8 1190.87 2295.43 -0.0577796 121
13344.1 1429.27 2591.62 0.038408 121
13666.2 1777.91 2869.29 0.149572 121
14059.8 2163.28 3213.6 0.24207 121
12475.5 1888.26 1673.75 0.301783 122
13016.7 1190.09 2295.43 -0.0581126 122
13344.1 1428.16 2591.62 0.0379932 122
13666.4 1777.59 2869.29 0.149456 122
14060.5 2165.47 3213.6 0.242634 122
12475.5 1888.26 1673.75 0.301784 123
13016.8 1190.62 2295.43 -0.0578891 123
13344.1 1428.32 2591.62 0.0380507 123
13666.4 1777.19 2869.29 0.149329 123
14060.4 2164.95 3213.6 0.242493 123
12475.6 1888.73 1673.75 0.302011 124
13016.8 1190.47 2295.43 -0.0579512 124
13344.2 1428.55 2591.62 0.0381362 124
13666.4 1777.39 2869.29 0.149393 124
14060.2 2162.71 3213.6 0.241889 124
12475.6 1889.23 1673.75 0.302253 125
13016.8 1190.2 2295.43 -0.0580651 125
13344.1 1428.21 2591.62 0.0380092 125
14060.2 2162.46 3213.6 0.241819 125
12475.5 1887.71 1673.75 0.301514 126
13016.8 1190.33 2295.43 -0.0580104 126
13344.1 1428.35 2591.62 0.0380628 126
13666.3 1776.86 2869.29 0.149222 126
13932 2132.86 3090 0.242399 126
12475.4 1887.38 1673.75 0.301356 127
13016.8 1190.44 2295.43 -0.0579643 127
13344.1 1428.44 2591.62 0.038097 127
13666.4 1777.49 2869.29 0.149424 127
13932 2132.61 3090 0.242328 127
12439.7 1877 1639.59 0.301719 128
13016.7 1190.16 2295.43 -0.0580818 128
13344.2 1428.63 2591.62 0.0381652 128
13666.4 1777.91 2869.29 0.149558 128
13931.9 2131.51 3090 0.242021 128
12439.7 1876.88 1639.59 0.301658 129
13016.8 1190.26 2295.43 -0.058041 129
13344.1 1428.31 2591.62 0.0380464 129
13666.4 1777.55 2869.29 0.149445 129
13931.9 2131.75 3090 0.242087 129
12439.7 1877.03 1639.59 0.301732 130
13016.8 1190.18 2295.43 -0.058074 130
13344.1 1428.36 2591.62 0.0380664 130
13666.4 1777.37 2869.29 0.149384 130
13932 2132.21 3090 0.242217 130
12475.7 1889.76 1673.75 0.302514 131
13016.8 1190.23 2295.43 -0.0580531 131
13344.1 1428.35 2591.62 0.0380629 131
13666.4 1777.59 2869.29 0.149456 131
13932 2132.9 3090 0.24241 131
12475.7 1889.44 1673.75 0.302357 132
13016.7 1190 2295.43 -0.058153 132
13344.1 1428.48 2591.62 0.0381101 132
13666.4 1777.72 2869.29 0.149497 132
14060.1 2162.04 3213.6 0.241708 132
12475.6 1889.44 1673.75 0.30236 133
13016.8 1190.21 2295.43 -0.0580609 133
13344.1 1428.51 2591.62 0.0381217 133
13666.4 1777.73 2869.29 0.149503 133
14060.1 2162.64 3213.6 0.241872 133
12439.7 1876.34 1639.59 0.30139 134
13016.7 1189.96 2295.43 -0.0581687 134
13344.1 1428.48 2591.62 0.0381095 134
13666.4 1777.6 2869.29 0.149461 134
13932 2132.52 3090 0.242304 134
12439.8 1877.09 1639.59 0.301764 135
13016.8 1190.32 2295.43 -0.0580147 135
13344.1 1428.45 2591.62 0.0381004 135
13666.4 1777.76 2869.29 0.14951 135
13932 2132.54 3090 0.242309 135
12439.8 1877.21 1639.59 0.301823 136
13016.8 1190.18 2295.43 -0.0580734 136
13262.4 1427.02 2510.63 0.0387479 136
13666.4 1777.86 2869.29 0.149543 136
13932 2132.89 3090 0.242407 136
12439.7 1877.01 1639.59 0.301723 137
13016.7 1189.89 2295.43 -0.0582013 137
13344.2 1428.5 2591.62 0.0381169 137
13666.4 1777.67 2869.29 0.149482 137
14060.1 2162.37 3213.6 0.241795 137
12475.4 1887.48 1673.75 0.301401 138
13016.8 1190.2 2295.43 -0.0580656 138
13262.4 1427.11 2510.63 0.0387831 138
13666.4 1777.9 2869.29 0.149554 138
13932 2132.53 3090 0.242306 138
12439.8 1877.12 1639.59 0.301777 139
13016.8 1190.2 2295.43 -0.0580656 139
13344.1 1428.3 2591.62 0.0380434 139
13666.4 1777.5 2869.29 0.149428 139
14060.2 2162.53 3213.6 0.24184 139
12475.4 1887.49 1673.75 0.301414 140
13016.8 1190.42 2295.43 -0.0579708 140
13262.4 1426.92 2510.63 0.0387114 140
13666.4 1777.87 2869.29 0.149547 140
14060.2 2163.02 3213.6 0.241976 140
12475.4 1887.36 1673.75 0.301343 141
13016.7 1190.12 2295.43 -0.0581021 141
13344.1 1428.17 2591.62 0.0379953 141
13666.4 1777.48 2869.29 0.149421 141
13932 2132.44 3090 0.242281 141
12439.7 1876.96 1639.59 0.301699 142
13016.8 1190.26 2295.43 -0.058041 142
13344.1 1428.23 2591.62 0.0380169 142
13666.4 1777.72 2869.29 0.149499 142
14060.2 2162.66 3213.6 0.241874 142
12439.7 1876.73 1639.59 0.301583 143
13016.8 1190.33 2295.43 -0.0580097 143
13344.1 1428.19 2591.62 0.038001 143
13666.4 1777.66 2869.29 0.149478 143
14060.2 2162.85 3213.6 0.241926 143
12439.7 1876.3 1639.59 0.301371 144
13016.7 1190.17 2295.43 -0.0580804 144
13344.1 1428.35 2591.62 0.0380612 144
13666.4 1777.48 2869.29 0.149422 144
14060.2 2162.56 3213.6 0.241849 144
12439.7 1876.24 1639.59 0.30134 145
13016.7 1190 2295.43 -0.0581506 145
13344.1 1428.02 2591.62 0.0379402 145
13666.4 1777.52 2869.29 0.149433 145
14060.2 2162.62 3213.6 0.241862 145
12553 1917.08 1746.52 0.304061 146
13232.9 1184.43 2510.63 -0.0554232 146
13526.4 1444.13 2770.35 0.0411523 146
14021.6 1840.11 3213.6 0.152095 146
14353 2247.48 3493.05 0.245089 146
13105.5 1293.73 2295.43 0.00636409 150
13396.9 1532.84 2510.63 0.0929042 150
13031.8 1276.17 2231.67 0.00733846 151
13308.5 1508.35 2434.55 0.0938179 151
13025.1 1253.28 2231.67 0.00752637 152
13301.1 1485.71 2434.55 0.0941602 152
13024.5 1247.89 2231.67 0.0078275 153
13381.2 1486.68 2510.63 0.0939563 153
13023.5 1242.23 2231.67 0.0077502 154
13380.3 1481.28 2510.63 0.093981 154
13021.5 1233.84 2231.67 0.00812769 155
13378.1 1472.74 2510.63 0.0942589 155
13021 1230.7 2231.67 0.00854552 156
13377.5 1469.69 2510.63 0.0946597 156
13020.6 1227.29 2231.67 0.00866076 157
13377.2 1466.52 2510.63 0.0948438 157
13020 1223.83 2231.67 0.00859217 158
13295.8 1456.82 2434.55 0.0953233 158
13018.5 1217.86 2231.67 0.00843317 159
13375.1 1456.92 2510.63 0.0945891 159
13017.9 1215.62 2231.67 0.00848711 160
13374.3 1454.46 2510.63 0.0945568 160
13016.5 1211.31 2231.67 0.00838061 161
13292.2 1443.66 2434.55 0.0949027 161
13015.8 1209.2 2231.67 0.0082209 162
13372.2 1447.78 2510.63 0.0942428 162
13015.3 1207.73 2231.67 0.00826324 163
13290.9 1439.81 2434.55 0.0947076 163
13014.7 1205.85 2231.67 0.00807095 164
13290.2 1437.93 2434.55 0.0945386 164
13013.5 1203.03 2231.67 0.0073396 165
13289.2 1434.79 2434.55 0.0937702 165
13011.9 1200.45 2231.67 0.0070837 166
13287.6 1432.3 2434.55 0.0935694 166
13010.8 1198.77 2231.67 0.00709181 167
13286.5 1430.34 2434.55 0.0934746 167
13010.4 1197.48 2231.67 0.00687064 168
13367 1435.86 2510.63 0.0930097 168
13010 1197.46 2231.67 0.00735295 169
13285.8 1429.6 2434.55 0.0939234 169
13009.9 1196.54 2231.67 0.00722215 170
13366.5 1434.95 2510.63 0.0933246 170
13009.9 1196.58 2231.67 0.00724157 171
13285.7 1428.57 2434.55 0.0937648 171
13009.9 1195.62 2231.67 0.00707108 172
13285.6 1427.51 2434.55 0.0935768 172
13009.7 1194.7 2231.67 0.00709531 173
13366.3 1432.96 2510.63 0.0931532 173
13010.3 1195.89 2231.67 0.00785588 174
13285.9 1428.26 2434.55 0.09446 174
13010 1193.43 2231.67 0.00696051 175
13285.9 1425.53 2434.55 0.0935536 175
13009.7 1193.12 2231.67 0.00699541 176
13366.3 1431.32 2510.63 0.0930498 176
13009.5 1194.15 2231.67 0.00748864 177
13285.2 1426 2434.55 0.0939371 177
13009.4 1193.97 2231.67 0.00744068 178
13365.8 1432.03 2510.63 0.0933892 178
13009.3 1193.73 2231.67 0.00736729 179
13285 1425.64 2434.55 0.0938501 179
13009.2 1193.49 2231.67 0.0072927 180
13285 1425.64 2434.55 0.0938737 180
13009.2 1193.52 2231.67 0.00734993 181
13284.9 1425.43 2434.55 0.0938368 181
13009.2 1193.56 2231.67 0.00740826 182
13284.8 1425.24 2434.55 0.0938026 182
13009.3 1193.61 2231.67 0.00744708 183
13284.9 1425.52 2434.55 0.0939208 183
13009.9 1195.2 2231.67 0.00813551 184
13285.4 1427.46 2434.55 0.0946694 184
13010.4 1195.58 2231.67 0.00829901 185
13285.8 1427.4 2434.55 0.0946552 185
13011.2 1195.45 2231.67 0.00822292 186
13286.7 1427.65 2434.55 0.0947257 186
13011.4 1195.32 2231.67 0.00814243 187
13286.9 1427.63 2434.55 0.0946995 187
13011.6 1195.7 2231.67 0.00827508 188
13287 1427.75 2434.55 0.0947165 188
13011.6 1195.63 2231.67 0.00824826 189
13287.1 1427.84 2434.55 0.0947517 189
13010.3 1193.48 2231.67 0.00728894 190
13285.9 1425.26 2434.55 0.0937321 190
13010.6 1195.61 2231.67 0.00817487 191
13286.1 1427.69 2434.55 0.0946406 191
13010.9 1195.64 2231.67 0.00817361 192
13286.4 1427.81 2434.55 0.0946733 192
13011.2 1195.48 2231.67 0.00807191 193
13286.9 1428.32 2434.55 0.0948288 193
13010.7 1194.01 2231.67 0.00742975 194
13286.3 1425.77 2434.55 0.0938539 194
13009.6 1193.44 2231.67 0.00718299 195
13285.4 1425.71 2434.55 0.0938207 195
13009.4 1193.74 2231.67 0.0073174 196
13285.2 1425.86 2434.55 0.0938842 196
13009.7 1193.86 2231.67 0.00738923 197
13366.1 1431.96 2510.63 0.0933572 197
13010.3 1195.94 2231.67 0.00827822 198
13285.6 1427.43 2434.55 0.0945153 198
13010.6 1195.35 2231.67 0.00803594 199
13366.9 1434.22 2510.63 0.094203 199
13011.3 1195.83 2231.67 0.00822483 200
13286.7 1427.87 2434.55 0.0946696 200
13011.5 1195.65 2231.67 0.00811913 201
13287 1427.94 2434.55 0.0946685 201
13011.8 1196.44 2231.67 0.00840756 202
13287.1 1428.21 2434.55 0.0947299 202
13011.7 1196.2 2231.67 0.00826272 203
13368 1434.87 2510.63 0.0943217 203
13010.9 1194.34 2231.67 0.00745804 204
13286.6 1426.16 2434.55 0.0938967 204
13010.3 1194.06 2231.67 0.00733362 205
13366.8 1432.66 2510.63 0.0934853 205
13009.5 1192.94 2231.67 0.00703583 206
13285.3 1424.92 2434.55 0.0935755 206
13009.3 1193.97 2231.67 0.00747231 207
13285 1426.02 2434.55 0.0939935 207
13009.6 1195.18 2231.67 0.00808683 208
13285.1 1427.28 2434.55 0.0945733 208
13010.3 1195.57 2231.67 0.00825645 209
13285.8 1427.9 2434.55 0.0948026 209
13011.1 1195.54 2231.67 0.00822183 210
13367.2 1433.84 2510.63 0.0941559 210
13010.7 1193.61 2231.67 0.0073653 211
13286.4 1425.71 2434.55 0.0939169 211
13010.9 1195.29 2231.67 0.00805723 212
13286.3 1427.38 2434.55 0.0945406 212
13011.1 1195.6 2231.67 0.00816899 213
13286.7 1427.91 2434.55 0.0947172 213
13011.3 1195.37 2231.67 0.00802934 214
13286.9 1427.84 2434.55 0.0946572 214
13011.5 1195.75 2231.67 0.00816235 215
13287 1428.01 2434.55 0.0946956 215
13011.4 1195.51 2231.67 0.0080161 216
13287 1428.01 2434.55 0.0946579 216
13011.6 1195.96 2231.67 0.00820404 217
13287 1428 2434.55 0.094653 217
13011.5 1195.91 2231.67 0.00816054 218
13287 1427.94 2434.55 0.0946119 218
13077.4 1194.71 2295.43 0.00743016 219
13287.1 1428.51 2434.55 0.0948004 219
13011.6 1196.3 2231.67 0.00826479 220
13287 1428.19 2434.55 0.0946499 220
13011.6 1196.19 2231.67 0.00820348 221
13367.8 1434.76 2510.63 0.0942373 221
13011.6 1196.26 2231.67 0.00820294 222
13286.9 1428.09 2434.55 0.0945753 222
13011.5 1196.15 2231.67 0.00814567 223
13287 1428.25 2434.55 0.094623 223
13011.6 1196.43 2231.67 0.00824345 224
13287 1428.38 2434.55 0.0946555 224
13011.6 1196.36 2231.67 0.00820685 225
13287 1428.3 2434.55 0.0946184 225
13011.5 1196.23 2231.67 0.00813224 226
13287.1 1428.69 2434.55 0.0947412 226
13011.5 1196.19 2231.67 0.00810952 227
13286.9 1428.26 2434.55 0.094582 227
13011.6 1196.57 2231.67 0.00826461 228
13286.9 1428.1 2434.55 0.0945163 228
13011.5 1196.09 2231.67 0.00805493 229
13367.7 1434.65 2510.63 0.0941069 229
13011.6 1196.37 2231.67 0.00816507 230
13286.9 1428.1 2434.55 0.0945059 230
13011.6 1196.49 2231.67 0.00820786 231
13287 1428.26 2434.55 0.0945599 231
13011.5 1196.29 2231.67 0.00812116 232
13287 1428.26 2434.55 0.0945569 232
13011.6 1196.39 2231.67 0.00816122 233
13287 1428.45 2434.55 0.094623 233
13011.6 1196.44 2231.67 0.00817952 234
13367.8 1434.9 2510.63 0.0941777 234
13011.5 1196.09 2231.67 0.00803052 235
13367.7 1434.69 2510.63 0.0941041 235
13011.5 1196.32 2231.67 0.00812453 236
13287 1428.41 2434.55 0.0946047 236
13011.5 1196.32 2231.67 0.00812405 237
13287 1428.33 2434.55 0.0945716 237
13011.5 1196.21 2231.67 0.00807725 238
13287 1428.33 2434.55 0.0945684 238
13011.6 1196.45 2231.67 0.00817567 239
13287 1428.33 2434.55 0.0945673 239
13011.5 1196.26 2231.67 0.00809507 240
13287 1428.35 2434.55 0.0945752 240
13011.6 1196.66 2231.67 0.00826236 241
13287.1 1428.67 2434.55 0.0946907 241
13011.4 1195.96 2231.67 0.00796437 242
13287 1428.27 2434.55 0.0945457 242
13011.6 1196.45 2231.67 0.00817173 243
13287 1428.3 2434.55 0.0945531 243
13011.6 1196.71 2231.67 0.00828019 244
13287 1428.55 2434.55 0.0946451 244
13011.6 1196.56 2231.67 0.00821564 245
13287 1428.45 2434.55 0.0946083 245
13011.5 1196.26 2231.67 0.00809282 246
13367.7 1434.62 2510.63 0.0940684 246
13011.6 1196.51 2231.67 0.00819566 247
13287 1428.41 2434.55 0.0945935 247
13011.6 1196.61 2231.67 0.00823901 248
13287 1428.32 2434.55 0.0945599 248
13011.5 1196.34 2231.67 0.00812445 249
13287 1428.55 2434.55 0.0946424 249
13011.6 1196.42 2231.67 0.00815672 250
13287 1428.58 2434.55 0.094656 250
13011.6 1196.55 2231.67 0.00821011 251
13287 1428.42 2434.55 0.0945973 251
13011.6 1196.59 2231.67 0.00822953 252
13287 1428.59 2434.55 0.094656 252
13011.5 1196.19 2231.67 0.00805998 253
13287 1428.34 2434.55 0.0945673 253
13011.6 1196.38 2231.67 0.00813954 254
13287 1428.39 2434.55 0.0945858 254
13011.5 1196.09 2231.67 0.00801663 255
13287 1428.32 2434.55 0.0945605 255
13011.6 1196.43 2231.67 0.00816009 256
13287 1428.48 2434.55 0.0946162 256
13011.6 1196.41 2231.67 0.00814958 257
13367.7 1434.71 2510.63 0.0940968 257
13011.6 1196.49 2231.67 0.00818289 258
13367.8 1434.82 2510.63 0.0941372 258
13011.5 1196.03 2231.67 0.00799327 259
13367.7 1434.44 2510.63 0.0940036 259
13011.6 1196.42 2231.67 0.00815672 260
13286.9 1428.17 2434.55 0.0945026 260
13011.5 1196.33 2231.67 0.00811779 261
13287 1428.3 2434.55 0.0945499 261
13011.6 1196.57 2231.67 0.00821846 262
13287 1428.4 2434.55 0.0945867 262
13011.5 1196.19 2231.67 0.00805998 263
13287 1428.49 2434.55 0.0946192 263
13011.6 1196.37 2231.67 0.00813617 264
13287 1428.49 2434.55 0.0946192 264
13011.5 1196.11 2231.67 0.00802329 265
13287 1428.34 2434.55 0.0945643 265
13011.6 1196.35 2231.67 0.00812501 266
13287 1428.36 2434.55 0.0945714 266
13011.5 1196.02 2231.67 0.00798773 267
13286.9 1428.25 2434.55 0.0945343 267
13011.5 1196.25 2231.67 0.00808166 268
13287 1428.31 2434.55 0.0945531 268
13011.5 1196.18 2231.67 0.00805557 269
13286.9 1428.06 2434.55 0.0944644 269
13011.5 1196.12 2231.67 0.00802667 270
13367.8 1434.77 2510.63 0.0941198 270
13011.5 1196 2231.67 0.00797994 271
13367.7 1434.61 2510.63 0.0940632 271
13011.6 1196.57 2231.67 0.00821789 272
13287 1428.39 2434.55 0.094584 272
13011.7 1197 2231.67 0.00839915 273
13287.1 1428.73 2434.55 0.0947081 273
13011.6 1196.7 2231.67 0.0082724 274
13367.9 1435.45 2510.63 0.0943598 274
13010.3 1194.68 2231.67 0.00742989 275
13286 1426.71 2434.55 0.0939499 275
13009.7 1194.05 2231.67 0.00718734 276
13285.4 1425.92 2434.55 0.0936798 276
13010.1 1195.98 2231.67 0.00803212 277
13285.5 1427.87 2434.55 0.0944475 277
13010.6 1194.96 2231.67 0.00764375 278
13286.1 1427.31 2434.55 0.0942795 278
13012.6 1198.62 2231.67 0.00943633 279
13368.3 1437.81 2510.63 0.0955629 279
13014.4 1198.82 2231.67 0.009706 280
13370 1438.07 2510.63 0.0958182 280
13016.2 1197.17 2231.67 0.00923436 281
13372.1 1437.19 2510.63 0.095696 281
13016.8 1197.12 2231.67 0.00926698 282
13372.5 1436.53 2510.63 0.0955048 282
13017.1 1198.72 2231.67 0.00996553 283
13372.6 1438.35 2510.63 0.0961917 283
13017.3 1199.15 2231.67 0.0101457 284
13372.9 1438.79 2510.63 0.0963464 284
13017 1198.13 2231.67 0.00971452 285
13372.5 1437.52 2510.63 0.0958985 285
13016.9 1198.89 2231.67 0.0100196 286
13372.4 1438.57 2510.63 0.0962671 286
13015.2 1195.49 2231.67 0.00830689 287
13371.4 1434.47 2510.63 0.0944965 287
13015.7 1200.26 2231.67 0.0103808 288
13371.3 1439.86 2510.63 0.0965309 288
13015.7 1200.3 2231.67 0.010398 289
13371.4 1440.37 2510.63 0.0967109 289
13016.2 1200.06 2231.67 0.0103426 290
13371.6 1439.34 2510.63 0.0963843 290
13016.3 1198.76 2231.67 0.00981046 291
13372.1 1438.54 2510.63 0.0960972 291
13016.6 1200.24 2231.67 0.0104491 292
13372 1439.53 2510.63 0.0964758 292
12833.2 1179.06 2060 0.00165345 293
13137.6 1396.04 2295.43 0.0882131 293
13397.9 1217.79 2591.62 0.0163266 294
12770.4 1070.04 1181.47 0.182965 315
12721.9 1054.77 1100.55 0.184841 316
12696.6 1044.72 1043.38 0.184499 317
12755 1014.92 1085.68 0.152126 318
12679.9 1004.36 991.853 0.152543 319
12923.3 1182.94 1217.27 0.256177 319
12713.8 1003.55 1004.25 0.145819 320
12958.7 1186.76 1236 0.253516 320
13174.7 1430.1 1434.64 0.364657 320
12762.4 1023.97 1004.25 0.151755 321
13017.1 1218.12 1255.31 0.264884 321
13254.5 1480.45 1487.78 0.379677 321
12809.9 1038.2 1004.25 0.14964 322
13057.7 1236.93 1255.31 0.268343 322
13342.8 1523.63 1545 0.386077 322
12857.9 1047.07 1030 0.146009 323
13137.8 1259.75 1317.05 0.267114 323
13417.6 1557.7 1606.8 0.388318 323
13712.8 1883.25 1912.86 0.475752 323
12853.6 1034 1004.25 0.128195 324
13135.7 1244.74 1295.81 0.254326 324
13433 1545.03 1606.8 0.377855 324
13724.4 1867.1 1912.86 0.467225 324
12862.8 1043.33 979.757 0.122901 325
13145.5 1253.94 1275.24 0.252528 325
13427.5 1548.65 1575.3 0.378607 325
13701.4 1859.57 1868.37 0.468635 325
12864.5 1041.98 967.953 0.115468 326
13137.1 1250.98 1255.31 0.248848 326
13466.4 1561.96 1606.8 0.37618 326
13706.4 1861.55 1868.37 0.468029 326
12840.5 1047.23 912.956 0.110249 327
13124.8 1257.64 1217.27 0.249564 327
13423.5 1558.47 1545 0.3812 327
12775.7 1019.62 845.685 0.0875649 328
13043.1 1214.88 1131.55 0.231734 328
13344.8 1500.3 1460.73 0.365413 328
13566.7 1774.98 1709.36 0.459941 328
12814.6 1031.77 863.872 0.089144 329
13092.3 1238.19 1164.35 0.237671 329
13409.8 1541.43 1515.85 0.374114 329
13645.9 1833.93 1785.34 0.469499 329
13831.2 2160.38 2008.5 0.560728 329
12786 1030.64 811.516 0.0822823 330
13065.3 1233.48 1115.83 0.235905 330
13347.4 1521.38 1434.64 0.376417 330
13585.3 1807.95 1709.36 0.472693 330
13748.3 2115.63 1912.86 0.565393 330
12814.7 1032.57 811.516 0.0722141 331
13090.5 1241.01 1115.83 0.233712 331
13418.9 1551.68 1487.78 0.377636 331
13672.9 1856.96 1785.34 0.476056 331
13848.1 2184.4 2008.5 0.569821 331
12800 1026.33 765.144 0.0537347 332
13089.6 1235.89 1085.68 0.224926 332
13417.1 1547.55 1460.73 0.375016 332
13692.8 1863.67 1785.34 0.475535 332
13863.6 2191.06 2008.5 0.570832 332
12835.2 1040.41 743.89 0.0410857 333
13127.1 1256.87 1071.2 0.224272 333
13462.2 1578.6 1460.73 0.380346 333
13769.2 1918.03 1825.91 0.483195 333
13942.5 2258.2 2060 0.58005 333
12850.1 1050.77 730.365 0.0388333 334
13139.7 1268.68 1057.11 0.226463 334
13485.6 1596.8 1460.73 0.384614 334
13789.7 1938.16 1825.91 0.488167 334
13134.7 1260.36 991.853 0.208783 335
13490.2 1592.86 1409.48 0.379663 335
13800 1938.74 1785.34 0.488138 335
14002.5 2302.22 2060 0.588013 335
12850.9 1053.09 637.62 -0.0051985 336
13151.7 1274.3 979.757 0.212957 336
13515.9 1613 1409.48 0.385625 336
13822.3 1962.86 1785.34 0.495459 336
14021.5 2328.15 2060 0.595643 336
12849.6 1057.08 573.858 -0.0400481 337
13156.7 1278.87 923.449 0.202635 337
13526.8 1620.28 1361.7 0.385633 337
13839.3 1973.42 1746.52 0.498439 337
14024.4 2331.5 2008.5 0.600982 337
13130.6 1283.9 873.262 0.198965 338
13464.2 1609.95 1275.24 0.38952 338
13756.6 1945.8 1639.59 0.503925 338
13911.3 2273.83 1868.37 0.6076 338
13129.9 1285.75 854.682 0.189248 339
13462 1608.49 1255.31 0.383679 339
13742.2 1935.75 1606.8 0.499973 339
13143.7 1298.66 854.682 0.189671 340
13473.3 1623.75 1255.31 0.386273 340
13751.2 1952.19 1606.8 0.503292 340
13144.2 1298.08 836.876 0.176522 341
13473.4 1618.28 1236 0.376578 341
13770.1 1951.2 1606.8 0.494411 341
14104.2 2683.68 2114.21 0.698696 341
13951.6 2292.96 1868.37 0.599917 341
13119.6 1294.14 795.447 0.165081 342
13436.6 1602.81 1181.47 0.370335 342
13726.8 1924.69 1545 0.489766 342
14023.5 2608.24 2008.5 0.695596 342
13106.6 1297.15 750.842 0.150235 343
13413.4 1600.53 1131.55 0.366391 343
13691.2 1915.27 1487.78 0.490579 343
13982.5 2588.22 1959.51 0.700409 343
13112.5 1290.32 737.065 0.128599 344
13430.5 1598.38 1131.55 0.354308 344
13706.8 1912.17 1487.78 0.481583 344
13878.4 2234.4 1746.52 0.591655 344
13118.5 1295.18 723.785 0.119556 345
13445.1 1609.29 1131.55 0.352569 345
13716.8 1925.42 1487.78 0.483015 345
13883.7 2248.72 1746.52 0.594962 345
14036.1 2627.01 2008.5 0.697843 345
13123 1298.74 710.974 0.110242 346
13443.7 1612.99 1115.83 0.35022 346
13726.9 1935.59 1487.78 0.482905 346
13890 2259.65 1746.52 0.596556 346
14081.2 2670.95 2060 0.699572 346
13133.3 1311.45 704.738 0.109678 347
13442.5 1624.65 1100.55 0.353318 347
13736.9 1954.35 1487.78 0.487208 347
13896.9 2278.34 1746.52 0.601117 347
14041.3 2656.39 2008.5 0.705688 347
13701.1 1936.03 1434.64 0.485199 348
13873.5 2262.89 1709.36 0.600513 348
14005.8 2627.3 1959.51 0.706201 348
13106.7 1305.98 637.62 0.0800392 349
13421.7 1615.93 1043.38 0.342599 349
13691.5 1932.7 1409.48 0.484511 349
13851.4 2251.32 1673.75 0.601958 349
14009.2 2634.53 1959.51 0.708494 349
13128.5 1294.2 637.62 0.0492888 350
13455.7 1610.76 1057.11 0.32357 350
13759.5 1943.64 1460.73 0.468384 350
13935.7 2279.65 1746.52 0.588404 350
14072.4 2651.56 2008.5 0.696084 350
13472.5 1620.35 1057.11 0.321485 351
13772.5 1956.34 1460.73 0.469762 351
13944.7 2294.31 1746.52 0.591727 351
14119.2 2700.89 2060 0.700068 351
13459 1625.46 1016.96 0.320888 352
13744.8 1956.67 1409.48 0.474721 352
13957.1 2319.07 1746.52 0.59805 352
13460.3 1615.35 979.757 0.299481 353
13759.7 1946.94 1385.17 0.459166 353
13962.2 2298.67 1709.36 0.585593 353
14120.1 2691.18 2008.5 0.697348 353
14474 3568.59 2678 0.845418 353
13464.7 1618.95 967.953 0.295495 354
13772.2 1956.75 1385.17 0.458872 354
13971.1 2310.49 1709.36 0.587457 354
14125.3 2703.84 2008.5 0.700431 354
14472.3 3580.31 2678 0.84934 354
13471.9 1621.45 956.43 0.288637 355
13766.8 1955.09 1361.7 0.456478 355
13954.5 2300.06 1673.75 0.58669 355
14136.4 2713.58 2008.5 0.700707 355
14479.2 3587.85 2678 0.850299 355
13459.6 1621.05 912.956 0.279132 356
13772.5 1959.91 1339 0.452465 356
13947.4 2298.42 1639.59 0.58623 356
14115.6 2697.5 1959.51 0.701339 356
14426.9 3532.08 2591.62 0.852874 356
13456.8 1621.18 892.668 0.272826 357
13765.9 1959.78 1317.05 0.451419 357
13957 2309.55 1639.59 0.587371 357
14121.7 2709.08 1959.51 0.703696 357
14426 3542.78 2591.62 0.856402 357
13464.5 1623.9 882.858 0.265831 358
13760.5 1959.81 1295.81 0.449975 358
13967.9 2319.91 1639.59 0.587689 358
14129 2720.67 1959.51 0.705617 358
14489.9 3622.85 2678 0.858639 358
13465 1622.1 863.872 0.255051 359
13759.7 1955.94 1275.24 0.443891 359
13984.9 2324.67 1639.59 0.583083 359
14144.8 2725.66 1959.51 0.702414 359
14504.5 3625.23 2678 0.856333 359
15072.2 4680.64 3651.82 0.919812 359
13469.7 1633.1 854.682 0.256914 360
13770.2 1972.18 1275.24 0.447966 360
13963.8 2326.02 1606.8 0.589274 360
14148.2 2745.13 1959.51 0.708341 360
14500.1 3646.65 2678 0.862961 360
15059.5 4703.79 3651.82 0.926441 360
13463 1623.49 828.248 0.240076 361
13753.7 1953.74 1236 0.437042 361
13956.6 2306.41 1575.3 0.580368 361
14131.3 2711.33 1912.86 0.700936 361
14460.9 3569.08 2591.62 0.856527 361
15086.9 4686.9 3651.82 0.91948 361
13865.3 2002.55 1339 0.430877 362
14487 3353.92 2510.63 0.797806 362
14733.1 3891.26 2975.56 0.858865 362
15625.2 5408.12 4463.34 0.921994 362
13463.6 1628.15 772.501 0.214693 363
13765.8 1967.24 1199.11 0.429682 363
13966.4 2325.19 1545 0.581346 363
14121.1 2720.96 1868.37 0.706897 363
14467.3 3605.83 2591.62 0.865498 363
15075.3 4715.47 3651.82 0.928325 363
13747.9 1967.66 1147.72 0.426544 364
13964.4 2334.69 1515.85 0.583011 364
14104 2720.3 1825.91 0.711416 364
14470.7 3633.05 2591.62 0.872122 364
15066.6 4739.22 3651.82 0.934974 364
13454.6 1634.85 710.974 0.189763 365
13750 1968.21 1131.55 0.420906 365
13957.3 2326.98 1487.78 0.579086 365
14120.8 2727.03 1825.91 0.707731 365
14488 3638.48 2591.62 0.869339 365
14981.3 4602.44 3493.05 0.932534 365
13455 1635.43 692.587 0.178619 366
13750.2 1971.24 1115.83 0.418197 366
14095.1 2714.45 1785.34 0.710917 366
14430.1 3586.94 2510.63 0.87389 366
14972.7 4614.24 3493.05 0.936779 366
13743 1967.98 1071.2 0.406475 367
13951.2 2329.4 1434.64 0.575363 367
14088.1 2709.71 1746.52 0.709869 367
14445.4 3605.05 2510.63 0.874983 367
14982.1 4625.71 3493.05 0.937964 367
13731.7 1964.62 1043.38 0.401938 368
13943.8 2323.87 1409.48 0.572393 368
14101.5 2717.58 1746.52 0.707548 368
14405.4 3551.61 2434.55 0.874102 368
13724.2 1961.11 1016.96 0.394872 369
13940.4 2317.72 1385.17 0.567132 369
14089.8 2700.14 1709.36 0.703394 369
14424 3555.87 2434.55 0.87023 369
14921.4 4504.57 3347.5 0.933115 369
13719.5 1953.81 991.853 0.383966 370
13935.8 2310.62 1361.7 0.561881 370
14103.1 2705.58 1709.36 0.699993 370
14432.9 3560.88 2434.55 0.869296 370
15023.2 4629.65 3493.05 0.931762 370
13721.1 1966.27 979.757 0.386908 371
13925.2 2318.66 1339 0.567438 371
14079.5 2704.77 1673.75 0.7071 371
14429.1 3584.11 2434.55 0.87654 371
14916.4 4529.97 3347.5 0.939526 371
13692.3 1959.91 934.187 0.38512 372
14031.9 2677.39 1606.8 0.712005 372
14376.1 3542.77 2362.94 0.882471 372
14818.8 4429.63 3213.6 0.945631 372
13953.9 2336.13 1339 0.561047 373
14103.2 2724.55 1673.75 0.704928 373
14445.2 3603.11 2434.55 0.87737 373
13928.3 2326.04 1295.81 0.561884 374
14057.9 2696.09 1606.8 0.70855 374
14395.8 3561.16 2362.94 0.882306 374
14920.4 4557.98 3347.5 0.945086 374
13909.4 2314.87 1255.31 0.55902 375
14048.5 2685.8 1575.3 0.706527 375
14364.3 3516.54 2295.43 0.881328 375
14500.2 4548.09 2975.56 1.04507 375
14849.9 4449.38 3213.6 0.944026 375
13938.6 2336.45 1275.24 0.558155 376
14082 2718.87 1606.8 0.707629 376
14413.6 3584.22 2362.94 0.883824 376
14563.2 4669.92 3090 1.04809 376
15025.9 4702.72 3493.05 0.946256 376
13920.1 2323.75 1236 0.554131 377
14069.9 2707.32 1575.3 0.706012 377
14421.4 3592.52 2362.94 0.884034 377
14501.6 4565.73 2975.56 1.04968 377
14939 4583.53 3347.5 0.947116 377
13949.4 2344.36 1236 0.548471 378
14093.4 2731.31 1575.3 0.705379 378
14570.7 4696.69 3090 1.05356 378
15038.3 4730.49 3493.05 0.949717 378
13716.5 1982.23 819.797 0.334489 379
13927.5 2340.74 1199.11 0.551483 379
14077 2728.09 1545 0.709214 379
14391.8 3582.2 2295.43 0.892058 379
14564.9 4712.9 3090 1.05839 379
13930.8 2336.68 1164.35 0.539253 380
14061.7 2708.14 1487.78 0.703093 380
14416.3 3597.38 2295.43 0.889028 380
14522 4613.73 2975.56 1.0574 380
13922.6 2319.65 1131.55 0.526338 381
14060.6 2691.16 1460.73 0.693526 381
14395.5 3544.9 2231.67 0.882194 381
14546.7 4607.12 2975.56 1.05101 381
14909 4511.7 3213.6 0.945594 381
13939.6 2352.61 1131.55 0.534666 382
14090.1 2744.74 1487.78 0.704794 382
14579.2 4757.43 3090 1.0663 382
14965.2 4673.22 3347.5 0.960104 382
13906.9 2322.93 1071.2 0.522002 383
14049.1 2696.28 1409.48 0.695889 383
14368.6 3538.09 2171.35 0.88991 383
14910.2 4550.95 3213.6 0.953254 383
13917 2341.72 1057.11 0.522423 384
14064.1 2725.72 1409.48 0.701017 384
14410 3618.52 2231.67 0.898069 384
14528.9 4674.43 2975.56 1.07039 384
14981.1 4699.83 3347.5 0.961993 384
13917.2 2321.57 1030 0.501164 385
14052.8 2689.3 1361.7 0.684489 385
14404.5 3559.87 2171.35 0.884091 385
14574.3 4657.85 2975.56 1.05683 385
13956 2347.07 1057.11 0.498405 386
14101.8 2733.23 1409.48 0.684137 386
14450.3 3623.58 2231.67 0.886268 386
14636.2 4781.35 3090 1.05983 386
15030.1 4694.88 3347.5 0.950722 386
13943.3 2347.19 1030 0.498415 387
14092 2732.18 1385.17 0.68564 387
14455.1 3638.6 2231.67 0.888778 387
14574.2 4688.64 2975.56 1.06338 387
15031 4710.16 3347.5 0.95334 387
13934.8 2351.36 991.853 0.494341 388
14072.4 2730.9 1339 0.68918 388
14417.1 3622.88 2171.35 0.897315 388
14559.5 4716.82 2975.56 1.07309 388
15019.4 4742.88 3347.5 0.961904 388
13926.1 2352.73 967.953 0.492874 389
14065 2731.54 1317.05 0.69025 389
14422 3638.19 2171.35 0.899736 389
14558.6 4731.39 2975.56 1.07633 389
14939.2 4646.15 3213.6 0.965248 389
13909.2 2326.84 923.449 0.471311 390
14041 2688.94 1255.31 0.674065 390
14380.4 3542.83 2060 0.887266 390
14543.2 4618.41 2869.29 1.06444 390
14906.2 4524.75 3090 0.95263 390
13944.3 2350 945.178 0.468218 391
14083.9 2729.46 1295.81 0.67449 391
14456.8 3648.08 2171.35 0.890308 391
14594.9 4735.92 2975.56 1.06897 391
15060.2 4759.52 3347.5 0.955875 391
14064.8 2714.86 1255.31 0.671871 392
14427.5 3614.69 2114.21 0.890926 392
14597.9 4744.6 2975.56 1.07023 392
14984.2 4657.55 3213.6 0.957054 392
13926.7 2346.6 873.262 0.449688 393
14042.6 2708.53 1199.11 0.67196 393
14182.7 3119.08 1575.3 0.815857 393
14402.4 3603.62 2060 0.896249 393
14539 4674.71 2869.29 1.07772 393
14984.4 4689.24 3213.6 0.962783 393
14029.5 2695.16 1164.35 0.666495 394
14176.2 3105.07 1545 0.811599 394
14384.7 3570.15 2008.5 0.892537 394
14556.7 4678.93 2869.29 1.07408 394
14929 4589.42 3090 0.959339 394
14024.6 2698.85 1147.72 0.667999 395
14160.4 3099.6 1515.85 0.815226 395
14386.9 3585.77 2008.5 0.896037 395
14093.7 4446.8 2362.94 1.18532 395
14500.5 4602.76 2770.35 1.07909 395
14926 4606.05 3090 0.963133 395
13926.4 2341.32 819.797 0.419689 396
14198.9 3124.09 1545 0.806874 396
14439 3627.83 2060 0.888894 396
14140.6 4522.33 2434.55 1.1813 396
14570.5 4693.91 2869.29 1.07378 396
15021.6 4706.45 3213.6 0.956902 396
14229 3161.84 1575.3 0.807929 397
14480.5 3686.73 2114.21 0.890653 397
14173.4 4615.12 2510.63 1.18453 397
14625.7 4808.5 2975.56 1.07642 397
15103.4 4835.56 3347.5 0.959103 397
13940 2343.8 795.447 0.396227 398
14226.5 3143.53 1545 0.799649 398
14466 3646.03 2060 0.883447 398
14160.8 4539.77 2434.55 1.17981 398
14649.3 4806.51 2975.56 1.07027 398
15049.1 4720.18 3213.6 0.952609 398
13930.7 2346.61 772.501 0.393138 399
14213.4 3137.88 1515.85 0.801458 399
14437.6 3622.07 2008.5 0.886075 399
14160.6 4553.6 2434.55 1.18311 399
14594.4 4723.95 2869.29 1.07362 399
15051 4735.85 3213.6 0.954831 399
13923.9 2351.53 750.842 0.389744 400
14202.1 3134.58 1487.78 0.803259 400
14130.3 4496.91 2362.94 1.18712 400
14411.9 3601.66 1959.51 0.888792 400
14544.5 4649.73 2770.35 1.07714 400
14978.9 4652.06 3090 0.958021 400
14063.7 2718.28 1085.68 0.634367 401
14215.3 3143.62 1487.78 0.799373 401
14423.1 3610.87 1959.51 0.886727 401
14164.7 4577.14 2434.55 1.18774 401
14601.7 4747.5 2869.29 1.07643 401
15062.4 4760.82 3213.6 0.956236 401
14061.9 2724.02 1071.2 0.634523 402
14202.8 3140.18 1460.73 0.801779 402
14427.4 3627.02 1959.51 0.889391 402
14131.9 4519.5 2362.94 1.19242 402
14549 4672.8 2770.35 1.08066 402
14987.5 4676.91 3090 0.960137 402
14043.9 2711.19 1030 0.628977 403
14197.5 3134.02 1434.64 0.799192 403
14408.4 3603.57 1912.86 0.888508 403
14108.5 4462.43 2295.43 1.19417 403
15186.3 3776.29 2591.62 0.700494 403
14555.9 4683.26 2770.35 1.08089 403
14928.5 4593.75 2975.56 0.9602 403
14055.3 2728.4 1030 0.628977 404
14208.9 3151.23 1434.64 0.799192 404
14419.8 3620.78 1912.86 0.888508 404
14119.9 4479.64 2295.43 1.19417 404
15197.7 3793.51 2591.62 0.700494 404
14567.3 4700.47 2770.35 1.08089 404
14939.9 4610.97 2975.56 0.9602 404
14065.5 2743.89 1030 0.628977 405
14219.2 3166.72 1434.64 0.799192 405
14430 3636.27 1912.86 0.888508 405
14130.2 4495.13 2295.43 1.19417 405
15207.9 3809 2591.62 0.700494 405
14577.6 4715.97 2770.35 1.08089 405
14950.2 4626.46 2975.56 0.9602 405
14065 2770.61 1030 0.643638 406
14212.4 3195.65 1434.64 0.813853 406
14416.4 3668.24 1912.86 0.903169 406
14103.9 4522.61 2295.43 1.20883 406
15191.6 3852.35 2591.62 0.715155 406
14548 4749.98 2770.35 1.09555 406
14921.9 4665.94 2975.56 0.974861 406
14079.6 2743.82 1004.25 0.610011 407
14226 3169.1 1409.48 0.792437 407
14448.2 3657.6 1912.86 0.886316 407
14155.7 4580.62 2362.94 1.1995 407
15238.5 3830.13 2591.62 0.695472 407
14629.7 4823.88 2869.29 1.08332 407
15028.2 4739.84 3090 0.960116 407
14070.4 2745.95 979.757 0.609641 408
14217.9 3169.09 1385.17 0.793652 408
14426.2 3641.39 1868.37 0.888608 408
14130.1 4529.34 2295.43 1.20299 408
15183.7 3798.37 2510.63 0.697363 408
14582.7 4750.73 2770.35 1.08626 408
15031.9 4758.19 3090 0.962181 408
14069.4 2739.47 956.43 0.598421 409
14216.3 3161.46 1361.7 0.787957 409
14440.5 3649.84 1868.37 0.88453 409
14138.1 4537.5 2295.43 1.20248 409
15203.8 3804.46 2510.63 0.692098 409
14593.3 4757.69 2770.35 1.0846 409
15045.9 4764.22 3090 0.959373 409
14061.1 2744.66 934.187 0.599803 410
14206.3 3165.12 1339 0.791882 410
14415 3638.47 1825.91 0.889835 410
14131 4555.94 2295.43 1.20902 410
15148.1 3781.49 2434.55 0.696858 410
14540.7 4694.45 2678 1.09102 410
14973 4694.11 2975.56 0.965363 410
14045.8 2724.26 892.668 0.584217 411
14194.8 3138.8 1295.81 0.781344 411
14409.7 3609.88 1785.34 0.881061 411
14125.6 4495.45 2231.67 1.2036 411
15118.9 3732.79 2362.94 0.686988 411
14564.5 4694.14 2678 1.08388 411
14936.6 4604.5 2869.29 0.957893 411
14076.7 2747.18 912.956 0.578989 412
14236.1 3182.01 1339 0.779488 412
14443.5 3655.36 1825.91 0.881246 412
15246.1 3840.59 2510.63 0.685813 412
14152.4 4573.28 2295.43 1.20589 412
14612.4 4792.74 2770.35 1.08548 412
15071.6 4799.8 3090 0.958097 412
14068.8 2754.65 882.858 0.577046 413
14202.1 3164.85 1275.24 0.782912 413
14425.8 3651.89 1785.34 0.8851 413
15141.5 3779.14 2362.94 0.689527 413
14123.7 4534.67 2231.67 1.2131 413
14564.7 4735.84 2678 1.0915 413
15004.8 4735.86 2975.56 0.963213 413
14070.3 2746.12 845.685 0.553433 414
14427.3 3638.11 1746.52 0.876778 414
15178.5 3789.46 2362.94 0.678692 414
14142.5 4550.54 2231.67 1.21027 414
14588.5 4748.8 2678 1.0866 414
14970.1 4661.31 2869.29 0.957548 414
14083.6 2753.64 828.248 0.537701 415
14235.4 3188.97 1255.31 0.765844 415
14441.2 3662.36 1746.52 0.876592 415
14140.9 4573.48 2231.67 1.21598 415
15257.9 3859.78 2434.55 0.676407 415
14589.8 4772.85 2678 1.09047 415
15039.4 4773.36 2975.56 0.959179 415
14075.4 2752.75 803.401 0.531091 416
14207.4 3163.29 1199.11 0.762205 416
14429 3647.66 1709.36 0.874616 416
14150.3 4586.63 2231.67 1.21536 416
15215.4 3827.23 2362.94 0.674014 416
14600.6 4785.46 2678 1.0893 416
14988.6 4699.6 2869.29 0.958224 416
14075 2753.37 765.144 0.51113 417
14206 3166.13 1164.35 0.75587 417
14424.1 3649.58 1673.75 0.873487 417
14152.4 4613.97 2231.67 1.22052 417
15188.3 3815.17 2295.43 0.671456 417
14606.3 4813.62 2678 1.09235 417
15000.1 4729.45 2869.29 0.959515 417
14073.4 2759.87 750.842 0.507873 418
14202.2 3170.33 1147.72 0.756054 418
14431.5 3665.07 1673.75 0.873934 418
14130.5 4569.45 2171.35 1.22377 418
15198.1 3832 2295.43 0.671588 418
14566.5 4751.63 2591.62 1.09494 418
15004.1 4745.96 2869.29 0.960921 418
14197.2 3154.09 1115.83 0.744326 419
14405.8 3620.37 1606.8 0.866369 419
14147.6 4576.19 2171.35 1.21886 419
15171.7 3792.12 2231.67 0.662372 419
14587.4 4755.19 2591.62 1.0887 419
14969.1 4667.3 2770.35 0.954397 419
14259.7 3212.03 1181.47 0.739456 420
14436.1 3661.49 1639.59 0.866029 420
14149.5 4592.77 2171.35 1.22155 420
15235.2 3849.11 2295.43 0.661606 420
14632.4 4849.78 2678 1.09012 420
15032.5 4765.28 2869.29 0.955214 420
14224 3178.79 1115.83 0.73416 421
14405.2 3624.76 1575.3 0.863542 421
14132.1 4547.51 2114.21 1.22281 421
14557.8 4710.55 2510.63 1.09074 421
14984.3 4695.88 2770.35 0.954122 421
14199.9 3162.86 1071.2 0.732747 422
14392.4 3617.13 1545 0.86411 422
14133.6 4561.82 2114.21 1.22523 422
14560.5 4725.39 2510.63 1.09239 422
14933.7 4637.46 2678 0.956002 422
14205.8 3164.99 1057.11 0.724582 423
14406.6 3629.49 1545 0.859597 423
14138 4574.62 2114.21 1.22627 423
14568.4 4737.58 2510.63 1.09178 423
15000.4 4724 2770.35 0.953398 423
14208.9 3165.66 1043.38 0.717633 424
14420.6 3638.88 1545 0.85419 424
14150.7 4585.07 2114.21 1.22339 424
14622.8 4818.45 2591.62 1.08757 424
15017 4731.36 2770.35 0.949197 424
14203.2 3166.36 1004.25 0.709085 425
14419.8 3646.46 1515.85 0.852043 425
14154 4613.86 2114.21 1.22796 425
14590 4776.16 2510.63 1.09078 425
15028.9 4762.65 2770.35 0.950174 425
14188.2 3149.15 945.178 0.69182 426
14428.6 3648.79 1487.78 0.842533 426
14149 4585.5 2060 1.22736 426
14610.7 4798.95 2510.63 1.08726 426
15055.7 4784.4 2770.35 0.944711 426
14189.2 3159.53 934.187 0.691141 427
14417 3647.64 1460.73 0.844174 427
14148.4 4603.37 2060 1.23113 427
14574.1 4750.66 2434.55 1.09088 427
15002.5 4731.32 2678 0.947835 427
14176.3 3152.86 902.698 0.686967 428
14407.4 3643.89 1434.64 0.844067 428
14125.7 4568.14 2008.5 1.23629 428
14572.7 4766.79 2434.55 1.09398 428
14952.6 4680.22 2591.62 0.950698 428
14173.6 3152.64 863.872 0.672073 429
14396.1 3635.33 1385.17 0.838672 429
14115.3 4548.64 1959.51 1.23935 429
14549.9 4731.78 2362.94 1.09491 429
14970.5 4709.1 2591.62 0.948895 429
14168.5 3150.81 828.248 0.658105 430
14386.5 3623.23 1339 0.830931 430
13799.2 4337.4 1575.3 1.37022 430
14131.6 4571.54 1959.51 1.23673 430
14537.5 4693.14 2295.43 1.09119 430
14945.5 4664.48 2510.63 0.94411 430
14162.3 3151.63 787.648 0.643486 431
14408.3 3652.58 1339 0.825173 431
13793.2 4336.13 1545 1.37742 431
14136.3 4601.76 1959.51 1.24044 431
14579.4 4783.59 2362.94 1.09192 431
15009.6 4760.94 2591.62 0.942879 431
14158.3 3160 772.501 0.642996 432
14400.5 3654.75 1317.05 0.825729 432
13786.2 4322.41 1515.85 1.38203 432
14120 4574.16 1912.86 1.24417 432
14548.3 4742.72 2295.43 1.09493 432
14963.8 4716.54 2510.63 0.945451 432
14161.9 3179.01 772.501 0.64817 433
14401.5 3675 1317.05 0.830902 433
13783.8 4339.48 1515.85 1.3872 433
14116.2 4592.95 1912.86 1.24934 433
14543.7 4763.72 2295.43 1.1001 433
14959.4 4739.69 2510.63 0.950625 433
14394.7 3650.2 1275.24 0.817925 434
13782.6 4320.43 1487.78 1.38783 434
14111.4 4557.6 1868.37 1.24658 434
14560.5 4769.47 2295.43 1.09427 434
14936 4683.61 2434.55 0.943616 434
14403.4 3665.32 1255.31 0.811093 435
13782.9 4350.54 1487.78 1.39485 435
14811.6 3780.17 1575.3 0.683508 435
14115 4587.86 1868.37 1.25056 435
14568.7 4800.96 2295.43 1.09579 435
14997.2 4777.12 2510.63 0.942239 435
13789.7 4350.52 1460.73 1.39477 436
14420.6 3673.53 1236 0.795586 436
14849.9 3799.52 1575.3 0.667946 436
14133.4 4613.5 1868.37 1.24658 436
14593.7 4823.98 2295.43 1.08914 436
15028.3 4798.63 2510.63 0.933786 436
14400.3 3664.39 1199.11 0.796524 437
13782.5 4338.92 1434.64 1.39977 437
14833 3798.28 1545 0.668336 437
14117.8 4588.98 1825.91 1.25046 437
14563 4785.97 2231.67 1.09241 437
14983.8 4757.71 2434.55 0.936489 437
14378.1 3640.95 1147.72 0.789868 438
13780.4 4327.71 1409.48 1.40194 438
14780.8 3756.89 1460.73 0.662175 438
14110.3 4563.98 1785.34 1.25033 438
14544.2 4746.6 2171.35 1.09068 438
14954.2 4714.37 2362.94 0.93357 438
14382.3 3642.69 1115.83 0.776493 439
13780.7 4330.39 1385.17 1.40582 439
14793.4 3763.64 1434.64 0.649313 439
14121 4590.59 1785.34 1.24976 439
14532.9 4722.93 2114.21 1.08814 439
14935.5 4687.46 2295.43 0.929007 439
14370.6 3634.75 1085.68 0.772299 440
13780.5 4320.3 1361.7 1.40671 440
14762.8 3745.57 1385.17 0.645943 440
14114 4567.24 1746.52 1.24952 440
14541.6 4736.4 2114.21 1.08634 440
14946.2 4700.85 2295.43 0.926591 440
14400.4 3657.7 1100.55 0.761501 441
13782.6 4335.89 1361.7 1.40898 441
14830 3788.53 1434.64 0.635559 441
14119.6 4581.96 1746.52 1.24921 441
14579 4800.78 2171.35 1.08358 441
15002.5 4768.86 2362.94 0.922486 441
14371.4 3647.98 1043.38 0.760124 442
13771.8 4317.78 1317.05 1.41759 442
14762.3 3761.2 1339 0.635803 442
14106.7 4576.04 1709.36 1.25496 442
14527.3 4735.58 2060 1.08835 442
14927.1 4699.75 2231.67 0.926142 442
13774 4331.32 1317.05 1.41936 443
14112.8 4588.52 1709.36 1.25383 443
14537.7 4747.82 2060 1.08535 443
14983 4762.1 2295.43 0.920764 443
13779.7 4338.9 1295.81 1.41995 444
14129.5 4615.71 1709.36 1.24948 444
14588.1 4820.56 2114.21 1.07747 444
15013.8 4786.84 2295.43 0.91168 444
13775.1 4332.82 1275.24 1.42418 445
14117.5 4597.74 1673.75 1.25249 445
14563.1 4790.69 2060 1.07966 445
14977.1 4755.34 2231.67 0.913354 445
13770.2 4305.6 1236 1.4266 446
14100.8 4546.57 1606.8 1.25214 446
14523.9 4715.73 1959.51 1.07764 446
14916.9 4675.27 2114.21 0.910053 446
13773.5 4343.05 1255.31 1.43009 447
14113.5 4595.52 1639.59 1.25381 447
14577.3 4821.64 2060 1.07737 447
14998.9 4787.58 2231.67 0.909018 447
14398.8 3668.2 945.178 0.703253 448
13778.8 4336.03 1236 1.42909 448
14125 4607.28 1639.59 1.25076 448
14565.7 4787.69 2008.5 1.07417 448
14976.1 4750.08 2171.35 0.905243 448
13773.3 4352.66 1236 1.43883 449
14110.4 4594.2 1606.8 1.25795 449
14541.1 4766.04 1959.51 1.07937 449
14943.8 4728.78 2114.21 0.909014 449
13779.4 4367.66 1236 1.43944 450
14142.5 4671.18 1673.75 1.25523 450
14602.7 4865.34 2060 1.07543 450
15076.1 4882.12 2295.43 0.903287 450
13779.7 4385.8 1236 1.44486 451
14134.9 4655.69 1639.59 1.25793 451
14610.7 4881.5 2060 1.07525 451
15045.9 4847.95 2231.67 0.902633 451
13781.7 4401.61 1236 1.44849 452
14138.6 4671.1 1639.59 1.25976 452
14616.2 4896.92 2060 1.07599 452
15053.5 4863.36 2231.67 0.902556 452
13775.9 4380.2 1199.11 1.45453 453
14143.7 4685.97 1639.59 1.2607 453
14599.9 4865.55 2008.5 1.0752 453
15067.6 4875.18 2231.67 0.89934 453
13778.6 4398.19 1199.11 1.45829 454
14137.7 4672.01 1606.8 1.26291 454
14607 4882.4 2008.5 1.07551 454
15077 4891.72 2231.67 0.898745 454
13781.2 4414.29 1199.11 1.46156 455
14142.4 4687.4 1606.8 1.26422 455
14613.9 4897.32 2008.5 1.07553 455
15045.8 4859.15 2171.35 0.898857 455
13771.3 4362.8 1131.55 1.46936 456
14137.1 4674.5 1575.3 1.26629 456
14623.3 4912.99 2008.5 1.07454 456
15099.6 4920.79 2231.67 0.895388 456
13774.9 4378.65 1131.55 1.47189 457
14142.5 4689.58 1575.3 1.26706 457
14630.8 4927.36 2008.5 1.07411 457
15109.2 4934.52 2231.67 0.894144 457
13776.1 4381.04 1115.83 1.47588 458
14141.3 4676.86 1545 1.26686 458
14619.7 4898.65 1959.51 1.07151 458
15086.6 4898.94 2171.35 0.890074 458
13777.4 4397.34 1115.83 1.48022 459
14144.9 4692.43 1545 1.26876 459
14625.6 4913.87 1959.51 1.07193 459
15056.2 4869.49 2114.21 0.890505 459
13775.4 4415.43 1115.83 1.48726 460
14139.1 4680.25 1515.85 1.2712 460
14610.3 4887.55 1912.86 1.07173 460
15069.2 4881.99 2114.21 0.887626 460
13773.4 4386.59 1071.2 1.49201 461
14135.8 4670.76 1487.78 1.27285 461
14618.5 4904.06 1912.86 1.07139 461
15079.7 4897.75 2114.21 0.886324 461
14137 4672.32 1460.73 1.27474 462
14612.6 4890.12 1868.37 1.06933 462
15065.7 4877.7 2060 0.881913 462
14142.1 4687.68 1460.73 1.27572 463
14620 4904.78 1868.37 1.06894 463
15075.4 4891.6 2060 0.880472 463
14149.9 4676.8 1434.64 1.27021 464
14620.8 4876.88 1825.91 1.06061 464
15066.8 4855.63 2008.5 0.870478 464
14135.7 4671.51 1409.48 1.27966 465
14615.7 4898.39 1825.91 1.06782 465
15064 4879.97 2008.5 0.876785 465
14131.7 4663.81 1385.17 1.2821 466
14603.9 4877.09 1785.34 1.06706 466
15078.2 4891.98 2008.5 0.873176 466
14136.9 4681.17 1385.17 1.28365 467
14611.5 4893.79 1785.34 1.06695 467
15053.9 4870.41 1959.51 0.873009 467
14148 4669.93 1361.7 1.27546 468
14634.8 4899.4 1785.34 1.05655 468
15079.1 4871.01 1959.51 0.861694 468
14146.9 4663.32 1339 1.27637 469
14625.9 4878.63 1746.52 1.05436 469
15095.2 4881.15 1959.51 0.856803 469
14140.8 4683.65 1339 1.28746 470
14620.1 4902.92 1746.52 1.06381 470
15091.7 4909.4 1959.51 0.865235 470
14146.3 4694.37 1317.05 1.29275 471
14640.2 4931.35 1746.52 1.06283 471
15118.5 4935.08 1959.51 0.861103 471
14135.8 4667.65 1255.31 1.30194 472
14636.6 4927.35 1709.36 1.06469 472
15140 4958.58 1959.51 0.858471 472
14158.9 4680.36 1255.31 1.29188 473
14665.5 4931.93 1709.36 1.05236 473
15170.9 4955.29 1959.51 0.845002 473
14152.7 4680.02 1236 1.30019 474
14669 4948.3 1709.36 1.05589 474
15177.8 4969.94 1959.51 0.846145 474
14168.4 4733.68 1255.31 1.30787 475
14686.4 4977.71 1709.36 1.05712 475
15200.3 4994.49 1959.51 0.843721 475
14162 4752.79 1255.31 1.32012 476
14680.7 4999.26 1709.36 1.06665 476
15163.3 4983.21 1912.86 0.852563 476
14148.5 4718.11 1199.11 1.32847 477
14652.8 4955.35 1639.59 1.06954 477
15175.4 4995.54 1912.86 0.850964 477
14151.6 4716.26 1181.47 1.33022 478
14664.1 4967.78 1639.59 1.06815 478
15156.6 4971.65 1868.37 0.849118 478
14152.2 4699.41 1147.72 1.33113 479
14664.1 4948.52 1606.8 1.06349 479
15177.4 4973.6 1868.37 0.840856 479
14161.6 4716.45 1147.72 1.33244 480
14676.9 4962.28 1606.8 1.06191 480
15192.2 4984.37 1868.37 0.837808 480
14169 4732.57 1147.72 1.33462 481
14687.7 4975.39 1606.8 1.0611 481
15174 4963.3 1825.91 0.836456 481
14154.5 4691.94 1085.68 1.34432 482
14664.2 4938.44 1545 1.06387 482
15186.9 4975.05 1825.91 0.834428 482
14157.6 4708.66 1085.68 1.35025 483
14670 4953.69 1545 1.06649 483
15194.5 4989.3 1825.91 0.83547 483
14162.7 4742.68 1100.55 1.35755 484
14677.8 4967.78 1545 1.06765 484
15176.7 4969.12 1785.34 0.834322 484
14156.5 4703.13 1043.38 1.362 485
14675.3 4956.67 1515.85 1.06709 485
15163.1 4951.18 1746.52 0.832162 485
14154.8 4708.6 1030 1.37027 486
14668.9 4946.58 1487.78 1.06887 486
15175 4961.23 1746.52 0.830095 486
14154.7 4707.09 991.853 1.38332 487
14674.5 4952.01 1460.73 1.07035 487
15173.9 4955.43 1709.36 0.826293 487
14156.9 4724.38 991.853 1.39068 488
14680.3 4967.25 1460.73 1.07328 488
15182 4969.37 1709.36 0.82724 488
14163.3 4741.13 991.853 1.39434 489
14691.1 4980.18 1460.73 1.07266 489
15195.1 4979.21 1709.36 0.824652 489
14150.7 4692.56 923.449 1.40606 490
14662.7 4930.61 1385.17 1.07535 490
15158.4 4938.81 1639.59 0.823287 490
14154.7 4709.29 923.449 1.41229 491
14669.8 4945.54 1385.17 1.07767 491
15167.6 4952.57 1639.59 0.823835 491
14671.1 4931.76 1339 1.07613 492
15175.5 4944.85 1606.8 0.81539 492
14678.5 4946.38 1339 1.07836 493
15188 4954.69 1606.8 0.813086 493
14662.9 4926.54 1295.81 1.08386 494
15173.6 4948.21 1575.3 0.815599 494
14667.6 4915.37 1255.31 1.08106 495
15161.2 4919.15 1515.85 0.806913 495
14657.9 4917.71 1217.27 1.0936 496
15157 4930.88 1487.78 0.811821 496
14668.1 4930.74 1217.27 1.09364 497
15170.3 4940.44 1487.78 0.809003 497
14658.2 4916.89 1181.47 1.09859 498
15163.7 4933 1460.73 0.807684 498
14660.8 4914.62 1164.35 1.09855 499
15157.8 4923.42 1434.64 0.805218 499
14658.1 4898.64 1131.55 1.09748 500
15157.4 4910.56 1409.48 0.798494 500
14663 4915.33 1131.55 1.10328 501
15165.2 4926.54 1409.48 0.801284 501
14673.3 4927.98 1131.55 1.10328 502
15175.5 4939.19 1409.48 0.801284 502
14694.2 4937.38 1131.55 1.09462 503
15196.5 4944.24 1409.48 0.792627 503
14695.6 4956.15 1131.55 1.10378 504
15189.5 4937.77 1385.17 0.79203 504
14665.3 4909.38 1057.11 1.11302 505
15168.3 4916.81 1339 0.791284 505
14672.5 4904.33 1043.38 1.10781 506
15168.9 4901.11 1317.05 0.782422 506
14678.2 4921.98 1043.38 1.11442 507
15177.9 4917.75 1317.05 0.785325 507
14678.3 4925.25 1030 1.11942 508
15171.7 4915.8 1295.81 0.786662 508
14688.9 4940.58 1030 1.1212 509
15186.1 4926.97 1295.81 0.784023 509
14672.9 4910.74 979.757 1.12666 510
15183 4922.81 1275.24 0.782623 510
14674.7 4916.13 967.953 1.13168 511
15168.4 4902.72 1236 0.778753 511
14686.7 4918.31 956.43 1.12707 512
15189.8 4907.17 1236 0.768785 512
14685.9 4924.66 945.178 1.1352 513
15183.6 4909.22 1217.27 0.772376 513
14675.9 4902.65 902.698 1.14043 514
15170.1 4896.26 1181.47 0.771497 514
14677.8 4909.4 892.668 1.14721 515
15181.3 4908.73 1181.47 0.771846 515
14679.2 4918.02 882.858 1.15662 516
15169.9 4895.07 1147.72 0.770636 516
14674.6 4898.33 828.248 1.16807 517
15185.6 4904.1 1131.55 0.767666 517
14696 4934.07 836.876 1.17602 518
15212.4 4919 1131.55 0.761836 518
14691.7 4936.05 819.797 1.18919 519
15208.8 4922.15 1115.83 0.766308 519
14697.8 4943.3 811.516 1.1942 520
15211.6 4919.52 1100.55 0.763657 520
14667.4 4889.29 730.365 1.21487 521
15180.2 4892.82 1043.38 0.766603 521
14678.1 4905.6 730.365 1.22047 522
15195.5 4902.84 1043.38 0.764346 522
15211.6 4909.45 1030 0.760238 523
15221.1 4922.57 1030 0.763846 524
15196.3 4897.4 979.757 0.763949 525
15182.3 4886.96 945.178 0.767537 526
15187.7 4888.35 934.187 0.766193 527
15200.9 4892.66 912.956 0.763158 528
15194.7 4892.46 892.668 0.769143 529
15182.1 4875.75 854.682 0.767868 530
15187.8 4879.88 845.685 0.768976 531
15189.2 4879.04 828.248 0.769577 532
15196.7 4881.42 803.401 0.770935 533
15176.8 4873.01 765.144 0.784596 534
15194.4 4878.43 765.144 0.777953 535
15208.8 4889.64 765.144 0.77978 536
15206.9 4885.26 743.89 0.782062 537
15186 4863.41 680.848 0.790958 538
15186.1 4870.29 669.501 0.802838 539
15192.7 4873.92 658.525 0.806057 540
15201.3 4873.39 647.904 0.80344 541
15207.5 4878.68 637.62 0.811762 542
15213.2 4880.8 627.657 0.816123 543
15193.4 4868.19 573.858 0.843756 544
15202.3 4874.38 565.775 0.852009 545
15213.1 4879.82 542.839 0.868377 546
15189.1 4855.15 472.589 0.908397 547
15195.4 4875.75 475.385 0.940913 548
15203 4889.84 472.589 0.963868 549
