# x y d a f
14616.5 4856.22 10042.5 0.427914 374
15453 4181.06 6180.01 -0.199414 570
14159 1581.79 4725.89 -0.789458 584
14424.9 1908.26 4725.89 -0.704313 585
13946.7 2325.47 4017 -0.702522 586
13722.4 1940.99 4017 -0.806362 586
15592.9 491.473 5738.58 -0.743946 594
14773.3 1180.88 10042.5 -0.212223 769
14473.9 1297.88 8034.01 -0.204857 785
13651.4 1150.25 7303.65 -0.247136 785
13153.8 1268.08 6695.01 -0.246081 786
13848.1 1417.22 7303.65 -0.203733 786
13461.5 1869.55 6695.01 -0.147754 787
15313.6 3143.88 8034.01 0.0306443 787
13337 1505.87 6695.01 -0.203384 787
13461.5 1869.55 6695.01 -0.147754 788
15313.6 3143.88 8034.01 0.0306443 788
13337 1505.87 6695.01 -0.203384 788
13168.7 1958.68 6180.01 -0.133651 789
14879.1 1228.75 8034.01 -0.194457 789
15737.3 658.337 8926.68 -0.236297 790
14476.9 1506.04 6695.01 -0.145198 795
14325.8 1172.54 6695.01 -0.19602 795
15262.1 2415.77 6695.01 0.00145286 796
14195.9 1399.41 6180.01 -0.154945 796
13599.7 1182.33 5738.58 -0.206325 796
13742.7 1476.81 5738.58 -0.153866 797
13601.2 1185.48 5738.58 -0.205757 797
14443 2357.81 5738.58 0.0122201 798
13363 1760.46 5021.26 -0.0962319 798
12930.9 1540.9 4725.89 -0.14833 798
12812.7 1293.37 4725.89 -0.201654 798
13239.7 1736.33 4725.89 -0.088844 799
13121.9 1480.15 4725.89 -0.14219 799
12740.6 1278.94 4463.34 -0.1968 799
13229 1713.21 4725.89 -0.0935793 800
12839 1493.17 4463.34 -0.147981 800
12491.2 1298.91 4228.43 -0.203444 800
13343.8 1734.85 4725.89 -0.0776734 801
13227.2 1469.37 4725.89 -0.132771 801
12612.6 1306.98 4228.43 -0.188006 801
14117 1664.49 5356.01 -0.0719623 802
13640.7 1405.82 5021.26 -0.127378 802
13220.5 1177.6 4725.89 -0.18454 802
14098.1 1353.36 5356.01 -0.12037 803
14637.7 1643.13 5738.58 -0.0629356 803
13627.8 1103.84 5021.26 -0.17889 803
16348.8 1156.04 7303.65 -0.102418 804
15545.3 815.806 6695.01 -0.163099 804
15289 1257.1 6180.01 -0.0985727 805
14679.9 951.959 5738.58 -0.159601 805
14799.7 1656.41 5356.01 -0.0276735 806
14649.6 1310.87 5356.01 -0.089084 806
13858.8 1071.72 4725.89 -0.151597 806
14212.3 1326.89 4725.89 -0.0798115 807
14671.1 1633.64 5021.26 -0.0175624 807
13805.7 1056.7 4463.34 -0.144255 807
13767.2 1357.68 4228.43 -0.0754749 808
13423.4 1103.98 4017 -0.141512 808
13624.5 1375.3 4017 -0.0683671 809
14230.2 1646.88 4463.34 -0.00477334 809
13307.8 1128.12 3825.72 -0.134999 809
13423.3 1392.74 3825.72 -0.0674778 810
13127.9 1150.83 3651.82 -0.135441 810
13506.9 1385.04 3825.72 -0.0618869 811
13833.1 1659.53 4017 0.00448568 811
13047.9 1159.45 3493.05 -0.130823 811
13217.6 1138.43 3493.05 -0.118416 812
13685.6 1384.66 3651.82 -0.0301787 813
13985.5 1669.56 3825.72 0.0392254 813
13261.5 1139.88 3347.5 -0.103211 813
14292.9 1703.82 4017 0.0511618 814
13351 1137.26 3347.5 -0.0958853 814
13879.9 1388.51 3651.82 -0.014548 815
14185.2 1691.3 3825.72 0.0575463 815
13449.8 1124.57 3347.5 -0.0910073 815
13709.2 1127.21 3493.05 -0.0778886 816
14023.5 1398.76 3493.05 0.0130748 817
13753.8 1108.82 3347.5 -0.0674151 817
13630.7 1161.69 3213.6 -0.054477 818
13462.9 1141.87 2975.56 -0.0551708 819
13914.7 1422.97 3213.6 0.0375563 820
13665.8 1135.84 3090 -0.0459867 820
13621.4 1134.31 2975.56 -0.0397546 821
13871.8 1107.82 3090 -0.0312088 822
13933.1 1131.55 3090 -0.0182447 823
13934.5 1141.27 2975.56 -0.00313655 824
13832.8 1173.79 2869.29 0.00693764 825
12944.9 1040.93 1545 0.077164 841
12939.4 1024.11 1487.78 0.0808312 843
12939.8 1027.15 1460.73 0.0876278 844
12934.4 1034.79 1434.64 0.0953733 845
12826.5 1022.83 1295.81 0.097431 846
12764.8 1005.76 1217.27 0.0911249 847
12841.6 989.083 1295.81 0.0742081 848
12790.2 994.625 1199.11 0.082251 849
12822.1 986.948 1181.47 0.0738189 850
12753 957.847 1115.83 0.0535509 851
12726.3 977.943 1030 0.0660089 852
12755.1 1011.6 1030 0.0901024 853
12771.6 947.464 1016.96 0.0234554 854
12972.6 1124.25 1217.27 0.157886 854
12767.6 962.845 979.757 0.029955 855
12965.2 1138.82 1181.47 0.167049 855
12879.7 984.223 1030 0.0253296 856
13111.7 1181.89 1275.24 0.169833 856
12787.9 955.917 902.698 -0.0150619 857
13001.2 1133.21 1131.55 0.13819 857
13192.5 1317.32 1339 0.249398 857
13324.5 1504.8 1487.78 0.343482 857
12806 995.47 863.872 -0.00241331 858
13007.1 1171.92 1085.68 0.154027 858
13337 1548.45 1460.73 0.362514 858
13429.4 1978.38 1606.8 0.565741 858
12897.3 992.269 892.668 -0.0347623 859
13123.5 1186.56 1147.72 0.134712 859
13353.9 1395.6 1409.48 0.255283 859
13694.3 2143.5 1868.37 0.566413 859
12877.1 1010.24 828.248 -0.0456148 860
13102.6 1199.45 1085.68 0.130519 860
13321 1403.67 1339 0.255944 860
13635.7 2124.08 1785.34 0.573474 860
12911.5 995.488 828.248 -0.0765034 861
13162.9 1196.39 1115.83 0.11211 861
13416.4 1416.39 1409.48 0.242807 861
13634.7 1661.25 1673.75 0.349422 861
13807.8 2222.36 1959.51 0.569141 861
13903.8 2515.67 2114.21 0.650847 861
12902.3 1001.34 795.447 -0.0878439 862
13156.2 1198.19 1085.68 0.104487 862
13391.6 1412.92 1361.7 0.238789 862
13752.1 1934.99 1825.91 0.458986 862
13824 2230.04 1959.51 0.56792 862
13870.3 2487.59 2060 0.650688 862
13166.1 1223.21 1043.38 0.103872 863
13416.6 1442.26 1339 0.242513 863
13632.1 1686.76 1606.8 0.354087 863
13786.2 1977 1825.91 0.468023 863
13850.4 2274.66 1959.51 0.579411 863
13937.7 2567.08 2114.21 0.662583 863
13249 1240.89 1071.2 0.0914095 864
13512 1474.23 1385.17 0.237117 864
13741.5 1734.88 1673.75 0.352599 864
13906.6 2045.37 1912.86 0.469649 864
13974.8 2362.62 2060 0.58314 864
14069.3 2676.34 2231.67 0.667646 864
13200.8 1211.01 1016.96 0.0680617 865
13473.4 1439.53 1339 0.219365 865
13715.6 1699.1 1639.59 0.338054 865
13872.1 2002.01 1868.37 0.457877 865
13264 1222.28 1030 0.0543438 866
13541.3 1462.72 1361.7 0.214207 866
13789.8 1733.4 1673.75 0.337086 866
13993 2068.79 1959.51 0.459316 866
14111.6 2432.05 2171.35 0.576843 866
14216.3 2770.06 2362.94 0.663626 866
13255.2 1236.6 967.953 0.0465297 867
13527.6 1473.04 1295.81 0.213008 867
13804.8 1749.9 1639.59 0.338673 867
13992.7 2080.5 1912.86 0.464051 867
14098.5 2435.55 2114.21 0.583654 867
14191.4 2763.02 2295.43 0.671473 867
13278.2 1237.19 934.187 0.0260963 868
13580.3 1484.71 1295.81 0.204295 868
13820.8 1760.01 1606.8 0.337891 868
14033.9 2107.08 1912.86 0.467265 868
14277.8 2842.74 2362.94 0.6794 868
14133.2 2468.04 2114.21 0.590454 868
13258.7 1232.89 882.858 0.0107429 869
13552.8 1475.39 1236 0.196929 869
13820.9 1754.82 1575.3 0.333664 869
14021.3 2095.77 1868.37 0.466029 869
14245 2810.76 2295.43 0.681022 869
14159.1 2478.65 2114.21 0.590521 869
13266.2 1234.1 873.262 0.00546785 870
13569.1 1479.22 1236 0.194793 870
13835.6 1761.25 1575.3 0.333729 870
14034.3 2104.18 1868.37 0.467393 870
14170.3 2488.83 2114.21 0.592829 870
14254.8 2821.77 2295.43 0.683719 870
13307.1 1231.89 892.668 -0.00370789 871
13605.5 1487.37 1255.31 0.192762 871
13880.2 1779.61 1606.8 0.334602 871
14045.8 2116.79 1868.37 0.471018 871
14178.8 2503.7 2114.21 0.597548 871
13314.8 1235.42 882.858 -0.00807677 872
13623.4 1491.34 1255.31 0.189725 872
13897.7 1784.69 1606.8 0.332879 872
14196 2509.81 2114.21 0.596807 872
14277.8 2844.79 2295.43 0.688632 872
13319.9 1242.98 873.262 -0.0110388 873
13618.3 1497.62 1236 0.189327 873
13881.2 1785.68 1575.3 0.333478 873
14075.7 2133.93 1868.37 0.470631 873
14160.3 2491.84 2060 0.598713 873
14288.4 2857.88 2295.43 0.690209 873
13517.9 1481.63 1100.55 0.172961 874
13733.2 1736.33 1385.17 0.32257 874
13899.3 2043.27 1639.59 0.462782 874
13987.6 2368.26 1825.91 0.592271 874
14077.6 2676.21 2008.5 0.685575 874
13461.4 1476.96 1030 0.168715 875
13681 1722.11 1317.05 0.319136 875
13824 2008.38 1545 0.46071 875
13895 2308.89 1709.36 0.591564 875
13967.4 2588.44 1868.37 0.685362 875
13439.7 1487.74 991.853 0.170038 876
13654.1 1729.07 1275.24 0.322754 876
13806.4 2016.53 1515.85 0.465495 876
13868.9 2309.35 1673.75 0.59715 876
13425.4 1475.33 956.43 0.149399 877
13636.7 1710.28 1236 0.306128 877
13750.5 1975.57 1434.64 0.45324 877
13827.2 2265.02 1606.8 0.586762 877
13882.1 2519.75 1746.52 0.682653 877
13869.3 2022.71 1545 0.44226 878
14035.8 2628.02 1912.86 0.674752 878
13907.6 2318.91 1673.75 0.581174 879
13379 2138.92 1115.83 0.695125 879
13428.2 1506.98 892.668 0.130614 880
13625 1737.95 1164.35 0.298001 880
13750.6 2006.65 1385.17 0.451768 880
13806.4 2283.4 1545 0.590606 880
13873.1 2546.02 1709.36 0.689464 880
13719 1745.55 1236 0.274391 881
13865.2 2039.34 1487.78 0.43322 881
13934.6 2344.16 1673.75 0.575436 881
14018.8 2636.91 1868.37 0.676197 881
13851.4 2043.18 1460.73 0.433732 882
13942.2 2359.32 1673.75 0.57688 882
14023.3 2652.21 1868.37 0.678634 882
13479.4 1520.4 882.858 0.0962205 883
13891.2 2345.61 1606.8 0.582376 883
13403 2194.24 1100.55 0.701989 883
13869.1 2507.39 1639.59 0.663851 884
13847.3 2058.65 1409.48 0.424848 885
13913.7 2362.84 1606.8 0.575382 885
14007 2662.46 1825.91 0.680233 885
13817.3 2049.03 1361.7 0.420696 886
13898.9 2355.08 1575.3 0.572066 886
13785.4 2056.3 1317.05 0.427109 887
13877 2364.9 1545 0.579549 887
13952.9 2646.97 1746.52 0.686096 887
13912.7 2593.92 1673.75 0.674849 888
13905.1 2595.38 1639.59 0.670698 889
13859.2 2571.34 1575.3 0.673445 890
13947.3 2644.24 1673.75 0.67386 891
13874.7 2079.51 1295.81 0.380603 892
14058.3 2705.05 1785.34 0.662324 892
13751.8 1792.52 1016.96 0.184662 893
13911.7 2097.66 1317.05 0.380176 893
14133.3 2769.99 1868.37 0.665518 893
13946.8 2118.42 1339 0.382 894
14069.4 2478.08 1639.59 0.553285 894
13965.6 2118.58 1339 0.374551 895
14087.3 2480.24 1639.59 0.548219 895
14228.9 2846.83 1959.51 0.667064 895
14487.3 4734.57 3213.6 1.0395 895
13983.6 2126.08 1339 0.371685 896
14102.9 2490.66 1639.59 0.547936 896
14243.1 2858.61 1959.51 0.667791 896
14039.2 2146.86 1361.7 0.365327 897
14162.7 2524.9 1673.75 0.545438 897
14270.5 2879.17 1959.51 0.668268 897
14032.6 2145.67 1339 0.363365 898
14146.5 2516.83 1639.59 0.545614 898
14282.8 2889.34 1959.51 0.668813 898
14007.1 2135.55 1295.81 0.360055 899
14133.2 2507.35 1606.8 0.544184 899
14297 2897.64 1959.51 0.668088 899
14530.6 4809.2 3213.6 1.04926 899
13985.2 2128.95 1255.31 0.357706 900
14149.2 2516.37 1606.8 0.543007 900
14274 2880.66 1912.86 0.668998 900
14539.3 4826.23 3213.6 1.05162 900
13998.7 2132.47 1255.31 0.354146 901
14133 2507.21 1575.3 0.542708 901
14284.1 2888.59 1912.86 0.669306 901
14619.2 4968.26 3347.5 1.05331 901
13996.3 2132.83 1236 0.351574 902
14148.2 2515.81 1575.3 0.541579 902
14298.2 2898.61 1912.86 0.669276 902
14554.3 4854.51 3213.6 1.05536 902
14015.8 2133.9 1236 0.34395 903
14137.2 2507.68 1545 0.53997 903
14275.3 2882.29 1868.37 0.670441 903
13995 2135.11 1199.11 0.346325 904
14123.6 2509.58 1515.85 0.544494 904
14283.8 2901.02 1868.37 0.675757 904
13996.3 2128.1 1181.47 0.337283 905
14117.4 2496.86 1487.78 0.538654 905
14268.7 2877.66 1825.91 0.671528 905
13996.7 2129.73 1147.72 0.330525 906
14124 2500.77 1460.73 0.536672 906
14264.1 2873.57 1785.34 0.672245 906
14009.8 2139.21 1147.72 0.330525 907
14137.2 2510.24 1460.73 0.536672 907
14277.2 2883.04 1785.34 0.672245 907
14023.9 2151.8 1147.72 0.332144 908
14150.6 2523.04 1460.73 0.538291 908
14290.1 2896.06 1785.34 0.673864 908
14000.9 2130.39 1100.55 0.317561 909
14124.2 2499.43 1409.48 0.532713 909
14274.3 2878.9 1746.52 0.672296 909
14002.3 2131.94 1085.68 0.314181 910
14138.6 2507.93 1409.48 0.53167 910
14287 2889.52 1746.52 0.672937 910
14005.4 2134.34 1071.2 0.310503 911
14154.6 2516.86 1409.48 0.530183 911
14301.8 2900.1 1746.52 0.672892 911
13985 2120.39 1030 0.299776 912
14109.2 2487.17 1339 0.527137 912
14257.9 2863.66 1673.75 0.672655 912
13978.1 2119.36 1004.25 0.295224 913
14126 2496.25 1339 0.525306 913
14245.1 2854.84 1639.59 0.673754 913
13988 2126.6 1004.25 0.295224 914
14135.9 2503.49 1339 0.525306 914
14255 2862.08 1639.59 0.673754 914
13986.2 2116.58 979.757 0.281322 915
14137 2494.88 1317.05 0.518115 915
14274.2 2866.84 1639.59 0.669364 915
14002.6 2128.46 979.757 0.281921 916
14130.5 2500.06 1295.81 0.522313 916
14257 2864.85 1606.8 0.675288 916
13996.1 2123.33 956.43 0.273685 917
14130 2492.65 1275.24 0.516326 917
14275.2 2867.91 1606.8 0.670287 917
14127.6 2490.47 1255.31 0.514322 918
14239.6 2839.44 1545 0.67058 918
14065.2 2450.47 1147.72 0.507593 919
14163.1 2767.97 1409.48 0.665563 919
13979.9 2130.91 873.262 0.261799 920
14074.3 2469.4 1147.72 0.515705 920
14166.8 2788.84 1409.48 0.675394 920
13986.4 2138.82 863.872 0.261529 921
14072.4 2474.03 1131.55 0.517973 921
14176.6 2801.67 1409.48 0.678214 921
14088 2485.67 1131.55 0.517644 922
14189.3 2815.02 1409.48 0.680023 922
14132.2 2510.14 1164.35 0.51506 923
14263.7 2873.36 1487.78 0.679198 923
14135.7 2509.47 1147.72 0.510699 924
14277.5 2885.45 1487.78 0.679685 924
14136.7 2509.9 1115.83 0.505912 925
14282.7 2888.28 1460.73 0.678994 925
14139.4 2511.1 1100.55 0.502987 926
14277 2882.85 1434.64 0.678567 926
14154.4 2518.4 1100.55 0.499795 927
14289.8 2892.81 1434.64 0.678363 927
14144.6 2513.36 1071.2 0.497141 928
14284.7 2888.39 1409.48 0.678198 928
14136.1 2505.08 1043.38 0.491529 929
14281.3 2880.04 1385.17 0.675125 929
14141.2 2514.13 1016.96 0.490654 930
14286.2 2892.04 1361.7 0.679517 930
14160.3 2518.46 1004.25 0.480285 931
14278.9 2879.37 1317.05 0.675558 931
14152.6 2514.96 979.757 0.477594 932
14292.5 2888.36 1317.05 0.674421 932
14133.6 2504.81 923.449 0.470329 933
14268.4 2874.21 1255.31 0.677292 933
14143.8 2505.42 902.698 0.459639 934
14279.2 2876.91 1236 0.673451 934
14142 2505.19 882.858 0.455993 935
14278.9 2876.34 1217.27 0.673098 935
14129.2 2503.41 854.682 0.456369 936
14274.6 2878.46 1199.11 0.676407 936
14138.7 2505.47 845.685 0.44923 937
14276.7 2876.63 1181.47 0.673996 937
14137.1 2505.71 828.248 0.445981 938
14289 2887.11 1181.47 0.674261 938
14143 2509.01 803.401 0.437917 939
14285.5 2887.27 1147.72 0.675774 939
14143.2 2509.43 787.648 0.433547 940
14285.4 2887.42 1131.55 0.675757 940
14137.9 2507.84 750.842 0.424732 941
14286.1 2887.47 1100.55 0.674985 941
14287.3 2889.18 1085.68 0.675278 942
14138.8 2505.57 717.322 0.410634 943
14279.1 2879.65 1057.11 0.672944 943
14137.8 2505.95 698.61 0.404072 944
14282.4 2882.54 1043.38 0.67205 944
14257.6 2863.58 979.757 0.669578 945
14252.7 2861.72 956.43 0.668492 946
14245 2861.64 934.187 0.670445 947
14094.5 2493.27 569.788 0.360355 948
14241.8 2860.66 912.956 0.668438 948
14098.3 2496.87 557.917 0.351338 949
14238 2859.37 892.668 0.666762 949
14244 2862.1 882.858 0.661974 950
14221.9 2854.26 811.516 0.65842 951
14236.9 2864.69 811.516 0.651547 952
14222.6 2858.94 780.001 0.650737 953
14222.4 2861.39 765.144 0.647402 954
14218.7 2850.33 737.065 0.632104 955
14226.8 2856.21 730.365 0.625271 956
14419.7 3178.74 1085.68 0.756383 956
14213.2 2848.81 698.61 0.620746 957
14207.2 2848.38 675.127 0.616519 958
14399.2 3168.63 1030 0.756057 958
14206.4 2852.38 658.525 0.61274 959
14400.8 3174.09 1016.96 0.7551 959
14204.3 2856.31 642.721 0.610731 960
14390.3 3171.99 991.853 0.75712 960
14207.9 2861.86 632.599 0.605562 961
14391.5 3176.55 979.757 0.755943 961
14224.5 2869.5 632.599 0.591394 962
14416.1 3193.32 991.853 0.747563 962
14402.2 3183.09 956.43 0.745064 963
14387.9 3173.66 923.449 0.743666 964
14382 3170.31 902.698 0.741399 965
14197.8 2867.15 525.099 0.555728 966
14374.8 3171.74 863.872 0.737758 966
14209.7 2865.03 515.001 0.529105 967
14404.9 3191.51 882.858 0.726758 967
14200.2 2861.41 486.91 0.515706 968
14398.3 3184.7 854.682 0.719811 968
14354.1 3156.91 750.842 0.709778 970
14356.4 3158.45 737.065 0.702339 971
14386.7 3184.26 757.925 0.694554 972
14381.7 3183.01 737.065 0.689955 973
14378 3185.22 717.322 0.686356 974
14345 3151.08 653.172 0.669891 975
14358.5 3172.19 608.637 0.641305 977
14339.9 4559.56 1639.59 1.28777 977
14343.2 4537.23 1606.8 1.28456 978
14332.8 4518.22 1575.3 1.28877 979
14348.4 4563.56 1606.8 1.28913 980
14345.8 4580.54 1606.8 1.29486 981
14336.1 4562 1575.3 1.29887 982
14326.9 4544.76 1545 1.30291 983
14338.7 4557.81 1545 1.30015 984
14321.8 4510.52 1487.78 1.30399 985
14340.2 4585.46 1545 1.30677 986
14329.7 4551.59 1487.78 1.31103 987
14550.8 3401.19 680.848 0.600142 988
14333.1 4547.35 1460.73 1.31271 988
14589.1 3426.92 704.738 0.588985 989
14342.5 4591.94 1487.78 1.31663 989
14586.4 3428.55 686.668 0.58245 990
14344.5 4606.92 1487.78 1.32 990
14343.4 4594.61 1460.73 1.32131 991
14345.8 4609.23 1460.73 1.32438 992
14339.9 4597.48 1434.64 1.32847 993
14334.7 4587.08 1409.48 1.33252 994
14344.8 4629.94 1434.64 1.33528 995
14339.8 4619.47 1409.48 1.33909 996
14342.7 4634.81 1409.48 1.34189 997
14351.2 4651.02 1409.48 1.34148 998
14340.3 4616.77 1361.7 1.34568 999
14337 4610.91 1339 1.34967 1000
14337.6 4626.98 1339 1.35401 1001
14350.4 4642.61 1339 1.35062 1002
14338 4638.28 1317.05 1.36068 1003
14340.9 4630.75 1295.81 1.36043 1004
14342.5 4642.3 1295.81 1.36322 1005
14339.3 4638.41 1275.24 1.36835 1006
14335.7 4633.48 1255.31 1.3734 1007
14343.8 4649.83 1255.31 1.37355 1008
14341 4666.15 1255.31 1.38175 1009
14340.2 4643.08 1217.27 1.38381 1010
14344.8 4661.95 1217.27 1.38769 1011
14350.7 4678.06 1217.27 1.38985 1012
14348.4 4675.83 1199.11 1.39546 1013
14349.2 4690.08 1181.47 1.40514 1014
14348.7 4691 1164.35 1.41063 1015
