# x y d a f
13435.6 1312.03 3090 -0.0532835 1
13035.6 1105.45 2770.35 -0.132891 1
14174.6 1789.79 3651.82 0.0766039 1
13786.4 1569.48 3347.5 0.0236414 1
13439.4 1326.15 3090 -0.0512758 2
13039.8 1118.66 2770.35 -0.130925 2
14177.2 1804.66 3651.82 0.0784318 2
13789.5 1583.96 3347.5 0.025553 2
13437.1 1315.72 3090 -0.0532853 3
13037.1 1109 2770.35 -0.132943 3
14005.7 1780.73 3493.05 0.0766879 3
13787.7 1572.68 3347.5 0.0235054 3
13436.8 1315.42 3090 -0.0532035 4
13036.8 1108.47 2770.35 -0.13293 4
14005.7 1781.34 3493.05 0.0769878 4
13787.5 1572.48 3347.5 0.0236043 4
13436.3 1314.48 3090 -0.0532552 5
13036.3 1107.56 2770.35 -0.132983 5
14175 1791.26 3651.82 0.0763858 5
13787.1 1571.75 3347.5 0.0236163 5
13436.2 1314.22 3090 -0.0532482 6
13036.2 1107.4 2770.35 -0.132937 6
14005 1780.05 3493.05 0.076927 6
13786.8 1571.08 3347.5 0.0235104 6
13436 1313.77 3090 -0.0532508 7
13036 1106.92 2770.35 -0.132948 7
14004.7 1779.1 3493.05 0.0767992 7
13786.7 1570.81 3347.5 0.0235596 7
13435.9 1313.21 3090 -0.0533184 8
13035.9 1106.5 2770.35 -0.132982 8
14004.7 1778.93 3493.05 0.0768399 8
13786.6 1570.59 3347.5 0.0235911 8
13438 1321.69 3090 -0.0513229 9
13038.4 1114.08 2770.35 -0.131019 9
14005.7 1787.91 3493.05 0.0786751 9
13788.2 1579.6 3347.5 0.0255398 9
13438.4 1316.74 3090 -0.0532758 10
13038.6 1110.38 2770.35 -0.132804 10
14177.2 1793.76 3651.82 0.0764324 10
13789.2 1574.12 3347.5 0.0236305 10
13438 1316.44 3090 -0.0532432 11
13037.9 1109.44 2770.35 -0.132998 11
14006.6 1781.54 3493.05 0.0767437 11
13788.6 1573.27 3347.5 0.0235064 11
13439.6 1324.44 3090 -0.051284 12
13040 1116.8 2770.35 -0.130986 12
14177.6 1803.42 3651.82 0.0785377 12
13789.9 1582.59 3347.5 0.0256408 12
13440.6 1325.87 3090 -0.0513107 13
13041 1118.46 2770.35 -0.130934 13
14008.3 1792.54 3493.05 0.0788019 13
13790.8 1583.79 3347.5 0.0255548 13
13441.5 1327.62 3090 -0.0511951 14
13041.9 1119.78 2770.35 -0.130958 14
14009.4 1794.45 3493.05 0.0789373 14
13791.7 1585.32 3347.5 0.0255961 14
13442.6 1329.68 3090 -0.0513111 15
13043.1 1122.35 2770.35 -0.130906 15
14010.4 1796.29 3493.05 0.078787 15
13792.9 1587.79 3347.5 0.0256069 15
13441.2 1323.15 3090 -0.0530493 16
13041.2 1116.3 2770.35 -0.132718 16
13792 1580.61 3347.5 0.0238512 16
14010.2 1789.56 3493.05 0.0772379 16
13042.9 1123.99 2770.35 -0.130392 17
13442.4 1330.96 3090 -0.0509789 17
13792.9 1590.01 3347.5 0.026158 17
13443.2 1332.48 3090 -0.0508192 18
13043.7 1125.3 2770.35 -0.130284 18
13793.7 1591.27 3347.5 0.0262236 18
13443 1332.85 3090 -0.0514017 19
13043.3 1125.63 2770.35 -0.130965 19
13793.8 1591.58 3347.5 0.0256807 19
13443.3 1334.79 3090 -0.0510923 20
13043.3 1126.87 2770.35 -0.130861 20
13946.4 1592.87 3493.05 0.0247235 20
13043.7 1128.77 2770.35 -0.130482 21
13793.9 1593.71 3347.5 0.0257725 21
13443.1 1335.43 3090 -0.0513944 22
13043.7 1129.42 2770.35 -0.13052 22
14014.7 1812.38 3493.05 0.0813124 22
13443.3 1336.02 3090 -0.0514093 23
13043.9 1129.96 2770.35 -0.130552 23
13794.1 1594.8 3347.5 0.0256873 23
14182.7 1817.35 3651.82 0.0789778 23
13653.1 1592.51 3213.6 0.0259088 24
13443.5 1336.73 3090 -0.0513673 24
13044.4 1131.73 2770.35 -0.130122 24
14182.3 1816.26 3651.82 0.0785718 24
13444.1 1338.34 3090 -0.0510232 25
13044.8 1132.68 2770.35 -0.129965 25
13794.9 1597.26 3347.5 0.0260661 25
14012.7 1805.85 3493.05 0.0792107 25
13444.3 1339.11 3090 -0.0509363 26
13044.9 1133.26 2770.35 -0.129935 26
13794.9 1597.13 3347.5 0.0258911 26
14013 1806.71 3493.05 0.0792998 26
13443.5 1336.53 3090 -0.0518881 27
14012.6 1804.55 3493.05 0.0786128 27
13794.6 1595.73 3347.5 0.0253676 27
13444 1339.18 3090 -0.0512807 28
13045.1 1134.8 2770.35 -0.1298 28
14012.7 1806.87 3493.05 0.0790469 28
13794.9 1598.25 3347.5 0.0258818 28
13444.5 1339.76 3090 -0.0512657 29
13045.4 1134.74 2770.35 -0.130011 29
14013.3 1807.7 3493.05 0.0791248 29
13795.4 1598.92 3347.5 0.0259195 29
13444.8 1340.45 3090 -0.0511222 30
13045.3 1134.07 2770.35 -0.130338 30
14013.5 1807.94 3493.05 0.0791246 30
13795.6 1599.21 3347.5 0.0259345 30
13444.9 1340.51 3090 -0.0511701 31
13045.5 1134.75 2770.35 -0.130171 31
13795.6 1599.08 3347.5 0.0258389 31
14183.5 1819.62 3651.82 0.078622 31
13445 1340.55 3090 -0.0512777 32
14013.7 1808.37 3493.05 0.0790803 32
13796 1599.82 3347.5 0.0259373 32
13445.1 1340.74 3090 -0.0512733 33
14013.7 1808.18 3493.05 0.0789911 33
13796 1599.83 3347.5 0.0258917 33
13443.7 1333.83 3090 -0.053464 34
13653.2 1589.22 3213.6 0.0238644 34
14011.6 1798.68 3493.05 0.0765404 34
13030.5 1090.18 2770.35 -0.145678 35
13428.9 1293.91 3090 -0.0652767 35
13995.1 1755.65 3493.05 0.0661567 35
13778.3 1549.46 3347.5 0.0125583 35
13439.9 1326.9 3090 -0.05396 36
13787.2 1586.64 3347.5 0.0239133 36
14002.2 1795.71 3493.05 0.0775848 36
12955.9 1043.28 1460.73 0.0806988 60
12891.7 1016.52 1409.48 0.0672179 61
12902.5 1023.12 1385.17 0.0781319 62
12735.6 987.265 1217.27 0.0650704 63
12676.3 986.404 1115.83 0.0735478 64
12969.2 1142.22 1361.7 0.160726 64
12673.5 997.272 1085.68 0.0852685 65
12969.2 1154.68 1339 0.172817 65
12647.5 960.378 1043.38 0.0567425 66
12611.9 980.338 956.43 0.076603 67
12861.6 1124.13 1181.47 0.172431 67
13023.1 1283.02 1317.05 0.25896 67
12646.1 953.364 967.953 0.0460789 68
12915.8 1100.08 1217.27 0.148211 68
13131.4 1273.6 1409.48 0.237892 68
12655.4 956.522 902.698 0.0330914 69
13326.3 1418.53 1545 0.294637 69
12688.1 952.284 892.668 0.00938752 70
12997.4 1106.98 1199.11 0.129917 70
13236.3 1292.91 1434.64 0.230277 70
13411.1 1433.23 1606.8 0.286029 70
12740.1 962.551 892.668 -0.00271463 71
13059.8 1128.14 1217.27 0.128428 71
13324.3 1328.85 1487.78 0.23386 71
13541.1 1489.3 1709.36 0.292023 71
13693.7 1704.52 1868.37 0.371801 71
13826.3 1952.77 2008.5 0.453037 71
12705.9 965.517 828.248 -0.0136184 72
13001 1122.86 1131.55 0.123102 72
13244.7 1312.08 1385.17 0.231629 72
13427.1 1457.94 1575.3 0.291548 72
13696.9 1890.9 1868.37 0.454201 72
12744.8 973.429 803.401 -0.033647 73
13058.2 1139.92 1131.55 0.116705 73
13342.6 1345.21 1434.64 0.230997 73
13533.3 1501.43 1639.59 0.293999 73
13856.8 1982.72 2008.5 0.461393 73
12715.1 960.034 772.501 -0.0509571 74
13029 1120.16 1100.55 0.102598 74
13295.7 1317.06 1385.17 0.219477 74
13503.1 1472.7 1606.8 0.28286 74
13812 1937.21 1959.51 0.451671 74
13106.8 1122.87 1147.72 0.088971 75
13397.3 1334.4 1460.73 0.211133 75
13627.9 1504.11 1709.36 0.277183 75
14031.1 2036.66 2171.35 0.449026 75
14057 2335.9 2231.67 0.551854 75
12747.6 974.801 710.974 -0.0876123 76
13086.9 1142.1 1071.2 0.0881754 76
13373.2 1351.27 1385.17 0.215881 76
13605.1 1521.14 1639.59 0.284115 76
14020.5 2342.05 2171.35 0.564294 76
13954.8 2027.75 2060 0.460176 76
12754.7 972.112 669.501 -0.127069 77
13106.4 1139.02 1043.38 0.0654931 77
13417.8 1352.95 1385.17 0.200386 77
13647.7 1524.29 1639.59 0.272322 77
14108.1 2379.81 2231.67 0.559216 77
14041.9 2056.03 2114.21 0.453076 77
12806.5 985.952 669.501 -0.141579 78
13167.5 1164.94 1057.11 0.0645516 78
13483.8 1391.05 1409.48 0.205655 78
13753.6 1580.03 1709.36 0.279234 78
13960 1838 1959.51 0.372798 78
14246.6 2502.49 2362.94 0.571567 78
14177.8 2154.74 2231.67 0.463786 78
13144.2 1169.47 1004.25 0.0590387 79
13464.1 1393.05 1361.7 0.204328 79
13711 1576.12 1639.59 0.280598 79
13937.6 1837.42 1912.86 0.375184 79
14199.1 2482.44 2295.43 0.576289 79
14139.8 2145.17 2171.35 0.467396 79
13142.1 1157.72 967.953 0.0366256 80
13474 1383.8 1339 0.191182 80
13741.8 1572.37 1639.59 0.270576 80
13966 1836.2 1912.86 0.368434 80
14165.6 2145.75 2171.35 0.463012 80
14282.7 2523 2362.94 0.573537 80
13138.6 1170.53 934.187 0.0372371 81
13460.2 1393.56 1295.81 0.194622 81
13737.1 1583.53 1606.8 0.274749 81
13948.4 1842.93 1868.37 0.373926 81
14187.6 2169.15 2171.35 0.468344 81
14301.2 2548.04 2362.94 0.579599 81
13166.6 1176.2 892.668 0.0160383 82
13505.7 1407 1275.24 0.186813 82
13800 1605.53 1606.8 0.271615 82
14048.9 1886.38 1912.86 0.37452 82
14348.3 2586.61 2362.94 0.58657 82
14296.5 2229.62 2231.67 0.472044 82
13160.4 1183.9 873.262 0.014217 83
13498.4 1413.92 1255.31 0.187483 83
13751.2 1602.78 1545 0.274334 83
14016.6 1884.37 1868.37 0.37729 83
14293.8 2563.89 2295.43 0.590532 83
14248.7 2217.49 2171.35 0.475451 83
13167.3 1184.5 863.872 0.00269583 84
13495.5 1412.7 1236 0.180199 84
13767.7 1603.71 1545 0.267524 84
13992.9 1870.79 1825.91 0.372305 84
14253.4 2528.38 2231.67 0.586913 84
14212.6 2192.6 2114.21 0.471212 84
13195.3 1187.15 854.682 -0.0143603 85
13510.5 1418.51 1217.27 0.172343 85
13770.3 1607.95 1515.85 0.263229 85
14019.9 1883.73 1825.91 0.370012 85
14235.3 2205.53 2114.21 0.470359 85
14304.7 2938.99 2362.94 0.704298 85
14270.9 2540.59 2231.67 0.587487 85
13179.2 1191.35 819.797 -0.0199067 86
13511 1420.07 1199.11 0.168885 86
13760.2 1606.79 1487.78 0.261501 86
13996.6 1876.35 1785.34 0.369652 86
14227.2 2513.23 2171.35 0.588889 86
14198.1 2188.51 2060 0.470985 86
14199.8 2852.24 2231.67 0.70658 86
13163.5 1197.21 787.648 -0.0234736 87
13476.4 1419.13 1147.72 0.168251 87
13724.4 1600.94 1434.64 0.261168 87
13939.5 1857.77 1709.36 0.370269 87
14188.2 2488 2114.21 0.589901 87
14164 2173 2008.5 0.471546 87
14158.3 2816.94 2171.35 0.708108 87
13161.6 1188.94 765.144 -0.0427613 88
13479.6 1412.05 1131.55 0.157457 88
13742.2 1597.74 1434.64 0.253402 88
13954.8 1856.81 1709.36 0.365451 88
14176.8 2172.67 2008.5 0.468453 88
14215.8 2858.74 2231.67 0.707252 88
14248.2 2520.42 2171.35 0.587811 88
13155.2 1188.13 737.065 -0.0556639 89
13483.9 1412.6 1115.83 0.151954 89
13735.4 1598.25 1409.48 0.251754 89
13969.1 1865.8 1709.36 0.365849 89
14187.3 2183.78 2008.5 0.47061 89
14254.2 2532.66 2171.35 0.591433 89
15344.3 4070.6 3651.82 0.753524 89
13499.6 1417.62 1100.55 0.144544 90
13765 1606.87 1409.48 0.246761 90
13996.5 1876.48 1709.36 0.363233 90
14276.2 2545.55 2171.35 0.591725 90
14212.3 2195.47 2008.5 0.469433 90
15500.1 4208.86 3825.72 0.753868 90
13515.7 1416.94 1100.55 0.137334 91
13779.9 1608.01 1409.48 0.24228 91
14009.6 1879.65 1709.36 0.360942 91
14285.3 2549.82 2171.35 0.591467 91
14223.5 2199.63 2008.5 0.468385 91
14243.1 2889.17 2231.67 0.714311 91
15658.5 4351.7 4017 0.753638 91
13515.1 1430.66 1071.2 0.138708 92
13782.7 1622.99 1385.17 0.245642 92
14032.4 1903.24 1709.36 0.365795 92
14299 2577.07 2171.35 0.598664 92
14242.2 2225.38 2008.5 0.474324 92
15497.7 4239.72 3825.72 0.761788 92
13487.9 1413.18 1004.25 0.113238 93
13734.1 1596.28 1295.81 0.227517 93
14004 1873.64 1639.59 0.351718 93
14190.3 2178.54 1912.86 0.463976 93
14281.5 2541.12 2114.21 0.590613 93
15527.9 4212.43 3825.72 0.754018 93
13494.4 1412.38 991.853 0.104226 94
13753.4 1596.54 1295.81 0.219995 94
14023.4 1873.8 1639.59 0.345605 94
14209.7 2178.77 1912.86 0.458823 94
14250.8 2872.61 2171.35 0.712929 94
14300.9 2541.79 2114.21 0.586343 94
13515.5 1419.77 979.757 0.0960119 95
13763 1606.7 1275.24 0.217974 95
14048.7 1892.68 1639.59 0.347048 95
14272.7 2220.58 1959.51 0.461982 95
14315.1 2566.44 2114.21 0.592357 95
15697.1 4373.76 4017 0.756603 95
13491.4 1417.44 923.449 0.0816387 96
13756.7 1602.86 1236 0.207673 96
14017.5 1879.61 1575.3 0.341649 96
14216.7 2190.87 1868.37 0.459289 96
14291.8 2546.73 2060 0.591063 96
15559.4 4234.61 3825.72 0.756358 96
13501.9 1422.87 902.698 0.0710783 97
13768.2 1609.71 1217.27 0.202094 97
14016.1 1883.65 1545 0.339603 97
14241.4 2205.75 1868.37 0.45846 97
14250.7 2887.07 2114.21 0.723248 97
14268.8 2534.66 2008.5 0.592449 97
15571 4248.48 3825.72 0.758109 97
13501.4 1417.73 882.858 0.0574058 98
13768.9 1604.54 1199.11 0.192979 98
14033.3 1883.87 1545 0.333515 98
14257.1 2207.22 1868.37 0.454391 98
14326.7 2565.78 2060 0.589416 98
15581.1 4244.54 3825.72 0.756412 98
13767.6 1614.97 1181.47 0.195449 99
14047.2 1899.69 1545 0.336944 99
14229.3 2207.54 1825.91 0.459569 99
14290 2556.67 2008.5 0.595406 99
15576 4269.11 3825.72 0.762211 99
13501.2 1429.79 828.248 0.0399554 100
13769.9 1618.2 1147.72 0.185943 100
14024.8 1896.36 1487.78 0.333478 100
14313.8 2575.31 2008.5 0.596135 100
14221 2206.92 1785.34 0.458367 100
13761.8 1612.66 1100.55 0.169956 101
14034.4 1895.33 1460.73 0.32413 101
14216.6 2201.63 1746.52 0.453611 101
14297.6 2561.79 1959.51 0.594671 101
13761.2 1615.95 1071.2 0.161531 102
14036.5 1898.03 1434.64 0.31942 102
14241.6 2213.63 1746.52 0.450594 102
14319.8 2575.49 1959.51 0.593571 102
13767.6 1616.86 1057.11 0.153796 103
14030.2 1897.46 1409.48 0.316305 103
14222.9 2207.37 1709.36 0.449958 103
14291.9 2560.63 1912.86 0.594724 103
14293.1 3361.06 2231.67 0.859094 103
13770.4 1627.63 1043.38 0.154942 104
14044.5 1912.9 1409.48 0.319084 104
14234.5 2224.67 1709.36 0.453818 104
14300.2 2579.2 1912.86 0.599575 104
14294.3 3380.17 2231.67 0.865181 104
14019.2 1892.72 1361.7 0.307266 105
14222.7 2203.99 1673.75 0.444086 105
14282.3 2550.23 1868.37 0.591995 105
14269.7 3327.41 2171.35 0.860331 105
14013.2 1891.27 1339 0.30348 106
14206.3 2196.43 1639.59 0.442139 106
14259.5 2534.46 1825.91 0.591239 106
14280.7 3335.03 2171.35 0.860345 106
13985.5 1896.04 1295.81 0.308034 107
14266.7 2554.54 1825.91 0.597162 107
14187.4 2201.96 1606.8 0.447525 107
14237.7 3309.21 2114.21 0.868454 107
14044.9 1909.88 1339 0.30042 108
14233.3 2218.99 1639.59 0.442688 108
14317.5 2582.44 1868.37 0.593721 108
14291.2 3362.33 2171.35 0.867125 108
14020.9 1901.52 1295.81 0.295277 109
14218.2 2211.98 1606.8 0.440453 109
14292.2 2568.1 1825.91 0.594199 109
14293.9 3372.67 2171.35 0.870301 109
14017.8 1904.88 1275.24 0.293087 110
14204.6 2209.77 1575.3 0.440031 110
14271.2 2557.51 1785.34 0.594937 110
14262.7 3337.73 2114.21 0.872383 110
13747.1 1623.12 873.262 0.0850648 111
14014.8 1900.99 1236 0.280954 111
14236.2 2219.96 1575.3 0.432322 111
14297.5 2571.65 1785.34 0.59158 111
14267 2922.93 1912.86 0.742977 111
14279 3355.3 2114.21 0.874423 111
13770.1 1658.93 873.262 0.100542 112
14033.4 1940.91 1236 0.296432 112
14249.8 2263.27 1575.3 0.4478 112
14305.7 2615.87 1785.34 0.607058 112
14269.8 2966.63 1912.86 0.758455 112
14275.1 3399.14 2114.21 0.8899 112
14037.2 1928.53 1199.11 0.275992 113
14229.8 2242.81 1515.85 0.436142 113
14300.9 2603.15 1746.52 0.600898 113
14291.1 2979.01 1912.86 0.75641 113
14290.7 3412.17 2114.21 0.890667 113
14016.4 1930.13 1147.72 0.27049 114
14205.7 2238.82 1460.73 0.43441 114
14261.7 2584.01 1673.75 0.602238 114
14274.7 2970.3 1868.37 0.759354 114
14266.4 3389.83 2060 0.895062 114
13990.1 1917.41 1100.55 0.259632 115
14177.1 2220.03 1409.48 0.427562 115
14249.1 2568.89 1639.59 0.597799 115
14255.9 2946.11 1825.91 0.757247 115
14242.3 3352.84 2008.5 0.894379 115
14040.2 1924.76 1131.55 0.24852 116
14242.6 2241.32 1460.73 0.418997 116
14295 2590.62 1673.75 0.591911 116
14304.6 2979.87 1868.37 0.752905 116
14294 3400.06 2060 0.890832 116
14026.2 1919.59 1100.55 0.240667 117
14211.8 2224.67 1409.48 0.413658 117
14282.2 2576.26 1639.59 0.587694 117
14287.6 2955.54 1825.91 0.749885 117
14273.5 3362.91 2008.5 0.888652 117
13979 1927.18 1030 0.24561 118
14184.9 2234.99 1361.7 0.421761 118
14236.8 2573.69 1575.3 0.59925 118
14227.1 2934.66 1746.52 0.764025 118
14230.7 3356.51 1959.51 0.903971 118
14033.5 1923.15 1057.11 0.222892 119
14231.3 2237.7 1385.17 0.406051 119
14286.4 2587.04 1606.8 0.587269 119
14278.4 2959.76 1785.34 0.754896 119
14285.4 3395.94 2008.5 0.896773 119
14227.2 2229.67 1361.7 0.39798 120
14277.5 2571.96 1575.3 0.580857 120
14266.5 2935.97 1746.52 0.749883 120
14270.4 3358.17 1959.51 0.892357 120
14168.6 2230.41 1275.24 0.406528 121
14241.3 2576.03 1515.85 0.591779 121
14243.4 2947.62 1709.36 0.763034 121
14234.1 3357.54 1912.86 0.907597 121
13972.7 1925.49 934.187 0.2048 122
14168.5 2223.26 1255.31 0.396901 122
14235.9 2562.58 1487.78 0.58442 122
14234.7 2925.92 1673.75 0.757387 122
14223 3323.57 1868.37 0.902706 122
14210.9 2222.61 1275.24 0.379649 123
14281.7 2572.23 1515.85 0.571421 123
14282.3 2947.15 1709.36 0.747604 123
14273.1 3357.95 1912.86 0.895102 123
14206.9 2228.82 1255.31 0.379555 124
14269.3 2572.79 1487.78 0.573479 124
14263.7 2939.09 1673.75 0.751034 124
14278.4 3373.97 1912.86 0.898869 124
14182.5 2231.98 1217.27 0.383395 125
14254.4 2576.52 1460.73 0.578358 125
14241.6 2934.62 1639.59 0.757375 125
14248 3356.44 1868.37 0.906043 125
14202.9 2225.23 1199.11 0.362622 126
14265 2567.44 1434.64 0.56474 126
14270.2 2942.18 1639.59 0.74839 126
14273 3365.32 1868.37 0.90067 126
14185.3 2225.45 1164.35 0.361331 127
14256.3 2568.2 1409.48 0.565296 127
14255 2934.82 1606.8 0.750681 127
14251.1 3345.87 1825.91 0.904122 127
14178.4 2244.13 1147.72 0.371605 128
14237.2 2582.76 1385.17 0.578075 128
14225.5 2941.65 1575.3 0.765235 128
14237.3 3374.1 1825.91 0.919139 128
14226.3 2261.77 1181.47 0.366681 129
14265.1 2606.48 1409.48 0.579227 129
14249.1 2976.49 1606.8 0.770012 129
14258 3423.41 1868.37 0.926311 129
14222.3 2232.31 1164.35 0.345862 130
14280.3 2583.58 1409.48 0.560404 130
14266.8 2955.02 1606.8 0.753469 130
14251.9 3367.46 1825.91 0.911771 130
14351.3 2278.1 1295.81 0.345399 131
14368.7 2642.91 1515.85 0.562472 131
14367.1 3054.51 1746.52 0.755624 131
14365 3522.4 2008.5 0.914271 131
14327.3 2274.57 1275.24 0.34891 132
14367.2 2644.89 1515.85 0.564074 132
14339 3031.63 1709.36 0.757102 132
14334.2 3485 1959.51 0.915039 132
14302 2281.1 1255.31 0.359896 133
14334.7 2643.36 1487.78 0.574525 133
14327.6 3044.13 1709.36 0.76661 133
14319 3497.38 1959.51 0.924284 133
14283 2274.9 1236 0.360575 134
14334.7 2643.44 1487.78 0.574579 134
14300.7 3020.21 1673.75 0.767423 134
14288.3 3459.22 1912.86 0.925004 134
14302.5 2280.65 1255.31 0.359455 135
14334.9 2643.04 1487.78 0.574266 135
14301 3019.78 1673.75 0.767139 135
14288.5 3458.82 1912.86 0.924802 135
14302.5 2280.7 1255.31 0.3595 136
14334.8 2643.29 1487.78 0.574462 136
14300.9 3019.91 1673.75 0.767233 136
14288.4 3458.92 1912.86 0.924867 136
14302.5 2280.7 1255.31 0.359496 137
14334.8 2643.28 1487.78 0.574454 137
14300.9 3019.8 1673.75 0.767161 137
14288.4 3458.91 1912.86 0.924878 137
14302.5 2280.76 1255.31 0.359549 138
14334.7 2643.38 1487.78 0.574529 138
14300.9 3019.86 1673.75 0.767205 138
14288.3 3458.99 1912.86 0.924926 138
14302.6 2280.66 1255.31 0.359455 139
14334.8 2643.28 1487.78 0.57445 139
14300.8 3019.89 1673.75 0.767227 139
14288.4 3458.98 1912.86 0.924919 139
14302.5 2280.82 1255.31 0.359592 140
14334.8 2643.27 1487.78 0.574446 140
14300.9 3019.78 1673.75 0.767152 140
14288.3 3458.99 1912.86 0.924932 140
14302.5 2280.78 1255.31 0.359563 141
14334.8 2643.18 1487.78 0.574374 141
14300.8 3019.93 1673.75 0.767256 141
14288.3 3459 1912.86 0.924937 141
14302.5 2280.74 1255.31 0.359521 142
14334.7 2643.41 1487.78 0.574549 142
14300.8 3019.92 1673.75 0.767256 142
14288.3 3459.04 1912.86 0.924962 142
14302.4 2280.87 1255.31 0.359637 143
14334.7 2643.35 1487.78 0.574506 143
14300.8 3019.88 1673.75 0.767229 143
14288.3 3459.05 1912.86 0.924976 143
14302.5 2280.76 1255.31 0.359541 144
14334.7 2643.42 1487.78 0.574557 144
14300.7 3020.08 1673.75 0.767368 144
14288.3 3459.05 1912.86 0.924977 144
14302.5 2280.83 1255.31 0.359602 145
14334.7 2643.38 1487.78 0.574531 145
14300.8 3019.91 1673.75 0.767247 145
14288.2 3459.12 1912.86 0.925013 145
14302.5 2280.81 1255.31 0.359585 146
14334.7 2643.38 1487.78 0.57453 146
14300.8 3019.93 1673.75 0.767261 146
14288.3 3459.02 1912.86 0.924962 146
14302.5 2280.78 1255.31 0.359558 147
14334.7 2643.38 1487.78 0.574525 147
14300.8 3019.96 1673.75 0.767288 147
14288.2 3459.06 1912.86 0.924984 147
14302.5 2280.85 1255.31 0.359616 148
14334.8 2643.21 1487.78 0.574397 148
14300.8 3019.86 1673.75 0.767216 148
14288.2 3459.11 1912.86 0.925014 148
14302.4 2280.88 1255.31 0.359645 149
14334.8 2643.25 1487.78 0.574425 149
14300.8 3019.9 1673.75 0.767243 149
14288.2 3459.08 1912.86 0.924996 149
14302.4 2280.99 1255.31 0.359742 150
14334.8 2643.22 1487.78 0.574398 150
14300.8 3019.92 1673.75 0.767257 150
14288.3 3459.02 1912.86 0.924966 150
14302.5 2280.8 1255.31 0.359571 151
14334.8 2643.29 1487.78 0.574459 151
14300.8 3019.93 1673.75 0.767268 151
14288.2 3459.08 1912.86 0.924998 151
14302.5 2280.77 1255.31 0.359546 152
14334.8 2643.27 1487.78 0.574442 152
14300.8 3019.91 1673.75 0.76725 152
14288.3 3459.03 1912.86 0.924967 152
14302.5 2280.78 1255.31 0.359554 153
14334.8 2643.23 1487.78 0.57441 153
14300.8 3019.9 1673.75 0.767242 153
14288.3 3459.01 1912.86 0.92496 153
14302.4 2280.87 1255.31 0.359633 154
14334.8 2643.24 1487.78 0.574421 154
14300.8 3019.98 1673.75 0.767302 154
14288.2 3459.05 1912.86 0.924984 154
14310.8 2292.68 1255.31 0.359407 155
14343.1 2655.16 1487.78 0.574303 155
14309.2 3031.69 1673.75 0.767053 155
14296.6 3470.89 1912.86 0.924857 155
14268.7 2286.73 1199.11 0.358446 156
14310.9 2640.14 1434.64 0.572972 156
14297.2 3020.89 1639.59 0.765474 156
14281.6 3446.26 1868.37 0.923327 156
14213.2 2279.52 1115.83 0.355677 157
14251.3 2612.26 1339 0.572246 157
14245.2 2977.85 1545 0.766066 157
14217.5 3366.22 1746.52 0.925309 157
14186 2554.69 1236 0.557982 158
14184.2 2899.5 1434.64 0.755136 158
14168.6 3274.58 1639.59 0.916469 158
14114.7 3671.36 1825.91 1.05435 158
14165.5 2553.16 1199.11 0.560346 159
14153.5 2884.29 1385.17 0.759987 159
14149 3265.41 1606.8 0.922328 159
14067.8 3612.67 1746.52 1.06174 159
14235.3 2577.34 1236 0.538379 160
14221.6 2926.59 1434.64 0.745564 160
14218.1 3329.63 1673.75 0.913319 160
14156.5 3735.83 1868.37 1.05567 160
14228.7 2584.48 1199.11 0.535094 161
14222.9 2936.92 1409.48 0.745605 161
14233.5 3356.51 1673.75 0.915281 161
14167.7 3761.17 1868.37 1.0591 161
14210.8 2582.55 1164.35 0.535063 162
14214.1 2936.64 1385.17 0.747048 162
14196.3 3318.98 1606.8 0.918845 162
14147.6 3736.7 1825.91 1.06288 162
14220.9 2570.61 1147.72 0.51667 163
14217.5 2920.17 1361.7 0.734469 163
14215.2 3318.46 1606.8 0.909543 163
14165.3 3735.27 1825.91 1.05591 163
14201.9 2565.15 1100.55 0.510579 164
14200.2 2910.52 1317.05 0.73325 164
14205.7 3313.12 1575.3 0.911288 164
14148.7 3716.22 1785.34 1.05981 164
14202.2 2569.2 1085.68 0.507015 165
14211.1 2922.5 1317.05 0.731523 165
14214 3325.41 1575.3 0.911289 165
14154.8 3728 1785.34 1.06085 165
14258.4 2604.72 1131.55 0.503036 166
14254.8 2967.38 1361.7 0.73124 166
14260.8 3393.06 1639.59 0.913176 166
14201 3820.72 1868.37 1.06401 166
14223.8 2579.73 1071.2 0.491762 167
14220.5 2930.48 1295.81 0.724791 167
14232.4 3348.03 1575.3 0.90942 167
14167 3749.39 1785.34 1.06222 167
14199.4 2576.66 1030 0.491516 168
14199 2921.32 1255.31 0.72668 168
14199.6 3318.53 1515.85 0.913373 168
14148.3 3730.19 1746.52 1.06665 168
14270.3 2613.36 1071.2 0.475693 169
14239.5 2956.75 1275.24 0.719173 169
14258.4 3388.99 1575.3 0.909474 169
14207.3 3825.68 1825.91 1.06503 169
14311.6 2640.14 1100.55 0.472335 170
14283.1 3429.85 1606.8 0.911737 170
14230.4 3880.19 1868.37 1.06858 170
14348.3 2672.04 1131.55 0.474804 171
14306.7 3474.38 1639.59 0.915747 171
14253.9 3939.37 1912.86 1.07278 171
14372 2694.93 1147.72 0.475396 172
14335.8 3516.91 1673.75 0.916357 172
14285 3997.7 1959.51 1.07349 172
14381.9 2711.35 1147.72 0.475615 173
14345.2 3533.42 1673.75 0.916737 173
14294 4014.34 1959.51 1.07399 173
14390.7 2725.74 1147.72 0.475694 174
14354 3547.73 1673.75 0.916749 174
14302.8 4028.63 1959.51 1.074 174
14400.8 2741.78 1147.72 0.47557 175
14363.9 3563.93 1673.75 0.916812 175
14288.3 4002.22 1912.86 1.07459 175
14410 2755.9 1147.72 0.475215 176
14348.1 3108.24 1339 0.723803 176
14373.1 3578.1 1673.75 0.916601 176
14297.5 4016.4 1912.86 1.07442 176
14404.8 2764.93 1131.55 0.475767 177
14382.6 3594.17 1673.75 0.916747 177
14306.7 4032.43 1912.86 1.0747 177
14429.5 2786.06 1147.72 0.474767 178
14391.5 3608.54 1673.75 0.916741 178
14315.5 4046.81 1912.86 1.07471 178
14446.4 2813.05 1147.72 0.474534 179
14408.4 3635.56 1673.75 0.916603 179
14332.5 4073.81 1912.86 1.07459 179
14455.2 2827.54 1147.72 0.474667 180
14417 3650.11 1673.75 0.916777 180
14365.4 4130.8 1959.51 1.07416 180
14463.8 2841.96 1147.72 0.474818 181
14425.8 3664.48 1673.75 0.916802 181
14374.3 4145.21 1959.51 1.07416 181
14479.7 2873.87 1147.72 0.477772 182
14439.2 3696.27 1673.75 0.91977 182
14386.2 4176.89 1959.51 1.07716 182
14490.6 2884.77 1147.72 0.47438 183
14453 3707.26 1673.75 0.916348 183
14401.6 4188 1959.51 1.07372 183
14476.4 2907.49 1115.83 0.481108 184
14409.4 3245.16 1295.81 0.72916 184
14424 3687.59 1606.8 0.920737 184
14324.2 4058.5 1785.34 1.07795 184
14598.4 3432.12 1545 0.734487 185
14297 2835.03 845.685 0.428799 190
14354.1 3605.64 1275.24 0.918334 190
14350.9 3197.32 1071.2 0.70143 190
15756 5063.3 3213.6 0.852051 190
14248.5 3097.24 912.956 0.685421 191
14243.7 3432.37 1071.2 0.90317 191
15152.6 4317.75 2295.43 0.836302 191
14225.3 2803.87 730.365 0.404213 192
14272.8 3127.41 934.187 0.68777 192
14253.3 3461.88 1085.68 0.910827 192
15294.6 4505.52 2510.63 0.842923 192
14263.8 3101.9 882.858 0.66133 193
14260.4 3444.95 1057.11 0.894798 193
15277.1 4426.57 2434.55 0.825601 193
14269 3121.32 882.858 0.66748 194
14259.4 3464.9 1057.11 0.904237 194
15319.2 4511.09 2510.63 0.8342 194
14310.4 3173.62 912.956 0.669073 195
14296.6 3535.22 1100.55 0.91192 195
15563.8 4826.39 2869.29 0.841835 195
14277.1 3146.27 854.682 0.660928 196
14268.7 3496.02 1043.38 0.90819 196
15381.1 4615.34 2591.62 0.838928 196
14228.6 2834.58 599.553 0.314753 197
14274.5 3161.74 828.248 0.659562 197
14258.1 3506.91 1016.96 0.916412 197
14269.2 3140.41 795.447 0.634744 198
14260.1 3485.93 991.853 0.900324 198
14272.7 3140.48 780.001 0.621651 199
14267.8 3485.97 979.757 0.89121 199
14265.3 3153.21 765.144 0.629132 200
14257.5 3498 967.953 0.902289 200
14288.7 3174.14 780.001 0.622879 201
14278.6 3530.86 991.853 0.902346 201
14282.4 3953.55 1255.31 1.08456 201
14237.4 3139.75 686.668 0.603419 202
14234.7 3480.71 902.698 0.897967 202
14231.1 3868 1147.72 1.08745 202
14232.7 3491.37 892.668 0.901281 203
14222.4 3870.48 1131.55 1.09347 203
14290.9 3178.8 717.322 0.579882 204
14275.3 3530.23 934.187 0.887354 204
14272.8 3940.13 1199.11 1.08296 204
14266.3 3516.96 902.698 0.880027 205
14254.6 3901.29 1147.72 1.07992 205
14246.2 3157.33 632.599 0.558338 206
14245.9 3502.85 863.872 0.881433 206
14239.3 3886.36 1115.83 1.08361 206
14228.4 3157.66 599.553 0.554594 207
14233.7 3500.65 836.876 0.883326 207
14224.5 3876.16 1085.68 1.0886 207
14250.9 3171.8 586.424 0.519056 208
14251.6 3527.32 836.876 0.872698 208
14238.9 3915.26 1100.55 1.08895 208
14256.3 3177.22 577.986 0.504125 209
14248 3517.84 811.516 0.861537 209
14245.4 3910.47 1085.68 1.08008 209
14245.2 3180.75 554.07 0.497863 210
14243.1 3522.16 795.447 0.861165 210
14232.5 3900.33 1057.11 1.08315 210
14255.3 3523.81 787.648 0.842151 211
14252.5 3920.15 1071.2 1.07299 211
14203.3 4339.33 1339 1.23308 211
14238 3911.53 1043.38 1.07756 212
14181.9 4309.41 1295.81 1.2396 212
14228.4 3529.27 723.785 0.841948 213
14219.7 3911.19 1004.25 1.08498 213
14153.1 4279.12 1236 1.25076 213
14241.7 3533.63 717.322 0.821149 214
14238 3931.54 1016.96 1.07478 214
14176 4325.06 1275.24 1.24494 214
15388.9 4717.73 2362.94 0.807564 214
14235 3531.91 680.848 0.804133 215
14232.7 3922.82 979.757 1.06737 215
14171.9 4306.99 1236 1.24162 215
15277.4 4603.51 2171.35 0.800831 215
14221.7 3919.61 956.43 1.07047 216
14154.7 4286.04 1199.11 1.24743 216
15237.1 4587.29 2114.21 0.804584 216
14230.2 3958.38 967.953 1.07249 217
14161.4 4348.21 1236 1.25472 217
15325 4712.4 2231.67 0.807446 217
14219.5 3920.46 902.698 1.05279 218
14155.8 4293.22 1164.35 1.24219 218
14244.2 3970.78 945.178 1.05097 219
14179.3 4375.81 1236 1.24372 219
14228.4 3960.7 912.956 1.05361 220
14169.2 4373.57 1217.27 1.24824 220
14230.8 3956.36 892.668 1.04157 221
14170.5 4351.08 1181.47 1.2391 221
14209.4 3911.38 828.248 1.02913 222
14151 4280.64 1100.55 1.23256 222
14232.9 3959.49 863.872 1.02547 223
14178.6 4375.72 1181.47 1.23364 223
14228.9 3970 854.682 1.027 224
14162.1 4360.25 1147.72 1.23898 224
14221.4 3972.67 836.876 1.02723 225
14153.3 4361.56 1131.55 1.24286 225
14202.3 3938.94 780.001 1.01542 226
14140.3 4316.19 1071.2 1.23688 226
14220.2 3963.98 780.001 0.994359 227
14158 4354.12 1085.68 1.22581 227
15333.5 4736.9 2008.5 0.753533 227
14202.5 3951.82 743.89 0.993629 228
14144.8 4343.71 1057.11 1.2292 228
15261.6 4697.02 1912.86 0.757335 228
14196 3938.18 710.974 0.978678 229
14142.3 4330.32 1030 1.22235 229
15219 4651.43 1825.91 0.748831 229
14159.9 4363.61 1043.38 1.20985 230
15359.5 4768.18 1959.51 0.734616 230
14149.7 4355.74 1016.96 1.21201 231
14131.9 4328.51 956.43 1.21008 232
15158.3 4631.32 1673.75 0.73403 232
14211.7 3982.2 658.525 0.926439 233
14156.9 4402.65 1016.96 1.20732 233
15408 4861.78 1959.51 0.729542 233
14151.3 4381.48 979.757 1.19999 234
15357.6 4814.88 1868.37 0.723004 234
14131.1 4365.64 923.449 1.20124 235
14147.4 4368.02 902.698 1.17483 236
14138.8 4368.25 882.858 1.17624 237
14149.8 4422.98 902.698 1.17226 238
14137.3 4377 819.797 1.14728 239
14130.1 4380.18 803.401 1.1474 240
14142 4412.43 658.525 1.05405 248
14150.3 4425.78 637.62 1.02961 250
14145.3 4415.29 608.637 1.01585 251
