# x y d a f
12581.6 837.473 1746.52 -0.150983 8
13074.7 1132.52 2114.21 0.00876261 8
12581.1 837.968 1746.52 -0.150957 9
13074.2 1133.08 2114.21 0.00881014 9
12545.7 846.251 1709.36 -0.149158 10
13075.3 1134.88 2114.21 0.00983006 10
12583.4 839.049 1746.52 -0.149844 11
13076.2 1134.7 2114.21 0.00991978 11
12544.8 844.702 1709.36 -0.150345 12
13074.9 1133.07 2114.21 0.0088037 12
12582.3 837.381 1746.52 -0.151125 13
13075.4 1132.48 2114.21 0.00867055 13
12545.5 844.187 1709.36 -0.15037 14
13075.6 1132.57 2114.21 0.00879438 14
12581.8 837.961 1746.52 -0.150943 15
13074.9 1132.98 2114.21 0.00877992 15
12546.9 844.323 1709.36 -0.149743 16
13076.8 1133.06 2114.21 0.00943067 16
12546.7 844.15 1709.36 -0.149835 17
13076.7 1132.96 2114.21 0.00939242 17
12584.3 837.011 1746.52 -0.150396 18
13077.2 1132.45 2114.21 0.00939209 18
12546 843.469 1709.36 -0.150324 19
13076.2 1131.92 2114.21 0.00885734 19
12547.3 843.479 1709.36 -0.149769 20
13077.3 1132.4 2114.21 0.00948946 20
12547.7 844.938 1709.36 -0.148972 21
13077.5 1134.37 2114.21 0.0103247 21
12549.8 843.667 1709.36 -0.149383 22
13080 1133.25 2114.21 0.010067 22
12550.7 843.834 1709.36 -0.149289 23
13081 1133.75 2114.21 0.0102837 23
12553 844.244 1709.36 -0.148579 24
13083.2 1134.79 2114.21 0.011102 24
12554.4 842.488 1709.36 -0.149216 25
13084.8 1132.84 2114.21 0.0105257 25
12555.2 840.304 1709.36 -0.150469 26
13086.2 1130.39 2114.21 0.00944376 26
12554.8 840.379 1709.36 -0.150605 27
13086.1 1131.05 2114.21 0.00958968 27
12563 842.766 1709.36 -0.148388 28
13094 1135.67 2114.21 0.0122645 28
12538.9 847.785 1673.75 -0.146673 29
13048.3 1137.39 2060 0.0148191 29
13052.7 1127.56 2060 0.0114815 30
12543.9 838.583 1673.75 -0.15079 30
13062.2 1122.06 2060 0.0110208 31
12556.8 832.519 1673.75 -0.151999 31
13075 1135.31 2060 0.0184892 32
12572.3 841.083 1673.75 -0.14514 32
12541.4 838.612 1639.59 -0.149107 33
13077.6 1125.72 2060 0.0146388 33
13586.7 1477.73 2434.55 0.139518 33
12560.4 841.256 1639.59 -0.144725 34
13091.8 1132.14 2060 0.0198712 34
13516.8 1476.33 2362.94 0.145582 34
12564.8 834.82 1639.59 -0.148083 35
13041.3 1125.55 2008.5 0.0178014 35
13518.7 1468.03 2362.94 0.143123 35
12552.8 851.301 1606.8 -0.138222 36
13058.2 1142.22 2008.5 0.0277548 36
13531 1489.26 2362.94 0.153156 36
12553.4 840.756 1606.8 -0.144381 37
13057.6 1128.76 2008.5 0.021856 37
13455.5 1462.25 2295.43 0.14774 37
12552.4 823.705 1606.8 -0.153918 38
13049 1108.6 2008.5 0.0135973 38
13511 1445.13 2362.94 0.139373 38
12563.6 844.685 1606.8 -0.13922 39
13052.9 1137.98 2008.5 0.0289872 39
13506.2 1481.17 2362.94 0.155031 39
12533.6 850.917 1575.3 -0.1376 40
13053.9 1140.09 2008.5 0.0303347 40
13507 1484.99 2362.94 0.156766 40
12541.5 852.813 1575.3 -0.134871 41
13061.4 1145.01 2008.5 0.0338025 41
13441.7 1481.7 2295.43 0.160904 41
12544.4 850.304 1575.3 -0.135679 42
13064.9 1142.85 2008.5 0.0333483 42
13445.7 1479.76 2295.43 0.160562 42
12546.1 847.625 1575.3 -0.136796 43
13067.1 1140.16 2008.5 0.0324888 43
13448.4 1476.38 2295.43 0.159529 43
12554.2 849.823 1575.3 -0.13419 44
13074.5 1143.53 2008.5 0.0350045 44
13455.2 1481.64 2295.43 0.162381 44
12556.1 848.955 1575.3 -0.134325 45
13076.5 1142.6 2008.5 0.034875 45
13457.1 1480.34 2295.43 0.162139 45
12557.7 849.16 1575.3 -0.133808 46
13078 1143.46 2008.5 0.0355712 46
13458.2 1480.75 2295.43 0.16257 46
12556.9 849.331 1575.3 -0.133641 47
13077 1143.31 2008.5 0.0355491 47
13457.3 1480.95 2295.43 0.162687 47
12556.3 849.302 1575.3 -0.13369 48
13076.5 1143.42 2008.5 0.0355762 48
13456.8 1481.24 2295.43 0.162777 48
12555.8 849.573 1575.3 -0.133556 49
13076.1 1144.05 2008.5 0.0358419 49
13456.3 1481.46 2295.43 0.16284 49
12555.3 849.625 1575.3 -0.133556 50
13075.4 1143.45 2008.5 0.0355423 50
13455.8 1481.63 2295.43 0.162882 50
12554.8 849.481 1575.3 -0.133674 51
13075 1143.66 2008.5 0.0356175 51
13455.3 1481.38 2295.43 0.162771 51
12554.9 849.632 1575.3 -0.13358 52
13074.9 1143.4 2008.5 0.0354955 52
13455.3 1481.37 2295.43 0.162768 52
12554.3 849.794 1575.3 -0.133508 53
13074.5 1144.09 2008.5 0.0357926 53
13454.7 1481.35 2295.43 0.162746 53
12553.7 849.531 1575.3 -0.133664 54
13073.9 1143.45 2008.5 0.0355066 54
13454.3 1481.6 2295.43 0.162841 54
12553.7 849.598 1575.3 -0.133596 55
13073.8 1143.56 2008.5 0.0355733 55
13454.1 1481.35 2295.43 0.162765 55
12553.6 849.381 1575.3 -0.133716 56
13073.8 1143.42 2008.5 0.0355227 56
13454.1 1481.35 2295.43 0.162775 56
12553.6 849.415 1575.3 -0.133678 57
13073.8 1143.55 2008.5 0.0355957 57
13454.1 1481.45 2295.43 0.162821 57
12553.6 848.4 1575.3 -0.134271 58
13074.1 1142.9 2008.5 0.0353079 58
13454.9 1481.06 2295.43 0.162644 58
12525.1 852.17 1545 -0.134064 59
13075.9 1141.99 2008.5 0.0351749 59
13456.9 1480.65 2295.43 0.162704 59
12557 846.813 1575.3 -0.134413 60
13077.9 1141.89 2008.5 0.0354648 60
13459 1480.83 2295.43 0.163037 60
12527.9 850.984 1545 -0.134097 61
13079 1141.04 2008.5 0.0352515 61
13460.4 1480.39 2295.43 0.162991 61
12538.2 852.611 1545 -0.131643 62
13088.8 1145.18 2008.5 0.03824 62
13469.4 1485.67 2295.43 0.165953 62
12541.3 849.632 1545 -0.13298 63
13041.9 1141.51 1959.51 0.0378149 63
13473.7 1482.68 2295.43 0.165067 63
12543.2 847.869 1545 -0.133663 64
13044.3 1140.56 1959.51 0.0376762 64
13476.8 1482.77 2295.43 0.165292 64
12544 846.217 1545 -0.134459 65
13045.6 1139.05 1959.51 0.0371304 65
13478.5 1481.23 2295.43 0.164798 65
12549 850.884 1545 -0.130919 66
13049.5 1145.67 1959.51 0.0407534 66
13481.4 1489.65 2295.43 0.168501 66
12551.9 848.841 1545 -0.131772 67
13052.7 1143.35 1959.51 0.0399706 67
13484.9 1487.1 2295.43 0.167752 67
12528.8 851.782 1515.85 -0.131511 68
13058.8 1141.79 1959.51 0.0398429 68
13491.2 1485.47 2295.43 0.167588 68
12529.8 851.259 1515.85 -0.131637 69
13059.9 1141.48 1959.51 0.0398505 69
13492.3 1485.13 2295.43 0.167584 69
12562.1 848.437 1545 -0.130688 70
13062.9 1144.11 1959.51 0.0413439 70
13494.9 1488.93 2295.43 0.169276 70
12532.1 850.128 1515.85 -0.132111 71
13062.4 1140.06 1959.51 0.0393557 71
13495.1 1483.77 2295.43 0.167184 71
12532.1 849.954 1515.85 -0.132224 72
13062.5 1140.39 1959.51 0.0395127 72
13427 1474.48 2231.67 0.168053 72
12532.1 850.033 1515.85 -0.132173 73
13062.6 1140.64 1959.51 0.0396293 73
13495.5 1485.27 2295.43 0.167737 73
12532.1 850.128 1515.85 -0.132111 74
13062.6 1140.86 1959.51 0.039736 74
13495.6 1485.75 2295.43 0.167912 74
12532.2 850.227 1515.85 -0.132046 75
13062.7 1141.3 1959.51 0.039942 75
13495.8 1486.52 2295.43 0.168197 75
12532.1 850.074 1515.85 -0.132146 76
13062.7 1141.4 1959.51 0.0399873 76
13427.4 1475.87 2231.67 0.168579 76
12532.1 850.076 1515.85 -0.132145 77
13062.9 1142.04 1959.51 0.0402907 77
13495.9 1487 2295.43 0.168374 77
12532.1 849.931 1515.85 -0.132239 78
13062.9 1142.07 1959.51 0.0403034 78
13496.1 1487.5 2295.43 0.168559 78
12532.1 850.15 1515.85 -0.132096 79
13063 1142.4 1959.51 0.0404619 79
13496.2 1488.12 2295.43 0.168785 79
12532.1 850.145 1515.85 -0.1321 80
13063.2 1143.04 1959.51 0.040764 80
13428.1 1478.69 2231.67 0.169647 80
12532.1 850.062 1515.85 -0.132154 81
13063.3 1143.64 1959.51 0.0410484 81
13428.3 1479.44 2231.67 0.16993 81
12532.1 850.226 1515.85 -0.132047 82
13063.4 1143.94 1959.51 0.0411892 82
13428.5 1480.25 2231.67 0.170234 82
12532.2 850.305 1515.85 -0.131996 83
13063.5 1144.24 1959.51 0.0413294 83
13428.6 1480.83 2231.67 0.170453 83
12532.2 850.291 1515.85 -0.132005 84
13063.5 1144.52 1959.51 0.0414613 84
13497.2 1491.93 2295.43 0.170189 84
12532.2 850.463 1515.85 -0.131893 85
13063.7 1145.16 1959.51 0.0417627 85
13497.4 1493.05 2295.43 0.170599 85
12504.5 855.218 1487.78 -0.131205 86
13063.8 1145.57 1959.51 0.0419564 86
13429.2 1483.15 2231.67 0.171331 86
12504.5 855.337 1487.78 -0.131126 87
13015.7 1145.52 1912.86 0.0429191 87
13429.5 1484.35 2231.67 0.171786 87
12504.5 855.463 1487.78 -0.131043 88
13064.3 1147.41 1959.51 0.0428259 88
13429.9 1485.91 2231.67 0.172375 88
12504.6 855.573 1487.78 -0.13097 89
13064.4 1147.9 1959.51 0.0430548 89
13430.1 1486.61 2231.67 0.172639 89
12504.6 855.775 1487.78 -0.130836 90
13016.3 1148.12 1912.86 0.0441715 90
13430.6 1488.7 2231.67 0.173427 90
12504.6 855.736 1487.78 -0.130862 91
13016.4 1148.55 1912.86 0.0443798 91
13430.8 1489.47 2231.67 0.173716 91
12504.8 856.371 1487.78 -0.130442 92
13017 1150.86 1912.86 0.0454958 92
13431.8 1493.3 2231.67 0.175159 92
12478.1 861.131 1460.73 -0.129622 93
13017.5 1152.57 1912.86 0.0463206 93
13432.5 1496.29 2231.67 0.176284 93
12478.2 861.564 1460.73 -0.12933 94
13017.8 1153.82 1912.86 0.0469185 94
13433 1498.06 2231.67 0.176948 94
12478.3 862.002 1460.73 -0.129035 95
13018.3 1155.8 1912.86 0.0478755 95
13433.9 1501.63 2231.67 0.178291 95
12478.3 862.268 1460.73 -0.128856 96
13018.6 1156.96 1912.86 0.0484338 96
13434.3 1503.35 2231.67 0.178934 96
12452.6 866.986 1434.64 -0.127936 97
12972.8 1157.4 1868.37 0.0497538 97
13370.1 1495.52 2171.35 0.180458 97
12452.7 867.129 1434.64 -0.127838 98
12973.1 1158.59 1868.37 0.0503417 98
13370.7 1497.6 2171.35 0.181256 98
12452.7 867.221 1434.64 -0.127775 99
12973.3 1159.3 1868.37 0.0506916 99
13435.8 1509.19 2231.67 0.181124 99
12452.7 867.431 1434.64 -0.127631 100
12973.6 1160.73 1868.37 0.0513911 100
13436.4 1511.76 2231.67 0.182086 100
12452.8 867.465 1434.64 -0.127608 101
12973.8 1161.58 1868.37 0.0518114 101
13436.8 1513.14 2231.67 0.182603 101
12452.8 867.587 1434.64 -0.127524 102
12974.2 1162.9 1868.37 0.0524573 102
13372.4 1504.55 2171.35 0.183928 102
12428 872.1 1409.48 -0.126626 103
12974.7 1164.9 1868.37 0.0534434 103
13373 1507.07 2171.35 0.184891 103
12428 872.26 1409.48 -0.126514 104
12931.2 1165.91 1825.91 0.0551369 104
13374.1 1511.24 2171.35 0.186489 104
12428 872.319 1409.48 -0.126473 105
12931.4 1167.01 1825.91 0.0556915 105
13374.5 1512.83 2171.35 0.187096 105
12403.9 876.087 1385.17 -0.125991 106
12931.8 1168.43 1825.91 0.0564026 106
13375.1 1515.4 2171.35 0.188079 106
12403.9 876.017 1385.17 -0.12604 107
12932.2 1170.18 1825.91 0.0572767 107
13375.9 1518.51 2171.35 0.189268 107
12380.7 879.948 1361.7 -0.12535 108
12932.4 1170.79 1825.91 0.0575855 108
13376.3 1520.08 2171.35 0.189866 108
12380.5 879.437 1361.7 -0.125718 109
12890.6 1170.82 1785.34 0.0588517 109
13315.4 1511.94 2114.21 0.191338 109
12357.8 881.923 1339 -0.125997 110
12890.8 1171.76 1785.34 0.0593307 110
13316 1514.48 2114.21 0.192331 110
12335.4 882.761 1317.05 -0.12744 111
12850.2 1169.46 1746.52 0.0593917 111
13257.5 1504.32 2060 0.192841 111
12313.8 884.09 1295.81 -0.12849 112
12849.8 1167.94 1746.52 0.0585945 112
13257.2 1502.85 2060 0.192256 112
12313.4 882.61 1295.81 -0.129609 113
12849.5 1166.85 1746.52 0.058028 113
13257.1 1502.7 2060 0.192194 113
12272.2 884.696 1255.31 -0.132091 114
12772.7 1159.53 1673.75 0.0564468 114
13147.2 1477.5 1959.51 0.190511 114
12271.3 881.136 1255.31 -0.134868 115
12771.6 1155.42 1673.75 0.054206 115
13145.9 1472.44 1959.51 0.188375 115
12269.7 875 1255.31 -0.13966 116
12769.8 1148.21 1673.75 0.0502622 116
13143.8 1463.89 1959.51 0.184756 116
12268.6 870.405 1255.31 -0.143252 117
12768.6 1143.4 1673.75 0.0476277 117
13195.2 1467.34 2008.5 0.182083 117
12268.2 868.779 1255.31 -0.144523 118
12805.2 1143.04 1709.36 0.0464843 118
13194.9 1466.41 2008.5 0.181699 118
12228.9 868.382 1217.27 -0.149281 119
12731 1133.88 1639.59 0.0432524 119
13089.7 1440.26 1912.86 0.178581 119
12169.2 847.907 1164.35 -0.173215 120
12623.2 1092.96 1545 0.02134 120
12984 1376 1825.91 0.156779 120
12150.9 843.564 1147.72 -0.1794 121
12590.7 1083.15 1515.85 0.015718 121
12937.4 1357.32 1785.34 0.151156 121
12163.8 826.518 1164.35 -0.191308 122
12647.5 1065.39 1575.3 0.00460014 122
13020.8 1348.47 1868.37 0.14087 122
12179.4 818.346 1181.47 -0.195411 123
12712.2 1058.89 1639.59 0.000692993 123
13116.4 1354.67 1959.51 0.137512 123
12213.3 806.43 1217.27 -0.199435 124
12746.6 1055.76 1673.75 -0.00107934 124
13168.1 1359.43 2008.5 0.136445 124
12177.3 810.202 1181.47 -0.202217 125
12711.8 1057.4 1639.59 -0.000161046 125
13169.1 1363.73 2008.5 0.138298 125
12127.3 815.737 1131.55 -0.206139 126
12644.7 1054.05 1575.3 -0.00216432 126
13066.2 1346.46 1912.86 0.136921 126
12095.9 818.205 1100.55 -0.209615 127
12582.2 1049.58 1515.85 -0.00502461 127
12971.7 1327.41 1825.91 0.133957 127
12050.3 815.046 1057.11 -0.220974 128
12521.2 1032.68 1460.73 -0.0161163 128
12842.1 1289.7 1709.36 0.123324 128
12060.8 798.996 1071.2 -0.232893 129
12544.5 1014.65 1487.78 -0.0273276 129
12917.1 1276.52 1785.34 0.111938 129
13380.3 1535.94 2171.35 0.1959 129
12133.1 772.581 1147.72 -0.240433 130
12697.1 998.991 1639.59 -0.0339716 130
13099 1285.66 1959.51 0.106687 130
13662.3 1578.19 2434.55 0.190995 130
12133.2 772.983 1147.72 -0.240086 131
12697.4 1000.2 1639.59 -0.0332689 131
13151.1 1292.03 2008.5 0.107045 131
13662.5 1578.88 2434.55 0.191229 131
12133.3 773.309 1147.72 -0.239806 132
12664.2 1002.54 1606.8 -0.0325379 132
13099.5 1287.62 1959.51 0.107575 132
13662.7 1579.87 2434.55 0.191568 132
12133.3 773.285 1147.72 -0.239826 133
12664.2 1002.39 1606.8 -0.032628 133
13099.5 1287.43 1959.51 0.10749 133
12133.3 773.538 1147.72 -0.239609 134
12664.3 1002.83 1606.8 -0.0323657 134
13099.6 1288.15 1959.51 0.107816 134
13662.8 1580.13 2434.55 0.191656 134
12133.3 773.403 1147.72 -0.239726 135
12664.3 1002.91 1606.8 -0.0323213 135
13099.6 1287.85 1959.51 0.107679 135
13662.7 1579.98 2434.55 0.191607 135
12133.3 773.546 1147.72 -0.239601 136
12664.3 1002.89 1606.8 -0.0323281 136
13099.6 1288.1 1959.51 0.10779 136
13662.7 1579.69 2434.55 0.191507 136
12117.7 777.883 1131.55 -0.239165 137
12664.4 1003.32 1606.8 -0.0320721 137
13099.9 1289.06 1959.51 0.108225 137
13745.9 1599.09 2510.63 0.192634 137
12117.4 776.382 1131.55 -0.240475 138
12664.5 1003.58 1606.8 -0.0319193 138
13100.2 1290.52 1959.51 0.108883 138
13746.3 1600.52 2510.63 0.193107 138
12101.4 777.528 1115.83 -0.242773 139
12664 1001.8 1606.8 -0.0329782 139
13100.1 1289.89 1959.51 0.108598 139
13834.3 1618.65 2591.62 0.193414 139
12086 778.977 1100.55 -0.244768 140
12632 1003.49 1575.3 -0.0326013 140
13100.3 1290.95 1959.51 0.109079 140
13834.4 1618.93 2591.62 0.193503 140
12071.5 782.296 1085.68 -0.245027 141
12632.6 1006.03 1575.3 -0.0310568 141
13101.5 1295.76 1959.51 0.111245 141
13836.3 1626.22 2591.62 0.195832 141
12057.3 785.066 1071.2 -0.245709 142
12602.4 1009.99 1545 -0.0292092 142
13053.4 1295.78 1912.86 0.113802 142
12043.6 788.475 1057.11 -0.245727 143
12602.8 1011.97 1545 -0.0279918 143
13054.4 1299.45 1912.86 0.115492 143
12043.6 788.225 1057.11 -0.24596 144
12603.1 1013.08 1545 -0.0273064 144
13055 1301.99 1912.86 0.116658 144
12043.6 788.142 1057.11 -0.246038 145
12573.7 1015.76 1515.85 -0.026136 145
13055.3 1303.15 1912.86 0.117192 145
12030.4 791.932 1043.38 -0.245617 146
12574 1016.89 1515.85 -0.0254254 146
13008.8 1300.84 1868.37 0.118719 146
13670.7 1611.96 2434.55 0.20244 146
12030.1 790.812 1043.38 -0.246673 147
12573.9 1016.54 1515.85 -0.0256462 147
13008.9 1300.92 1868.37 0.118756 147
13670.9 1612.64 2434.55 0.202669 147
12004 795.563 1016.96 -0.248316 148
12545.3 1017.72 1487.78 -0.0253669 148
13009.2 1302.23 1868.37 0.11937 148
12516.7 1015.04 1460.73 -0.0275669 149
12963.4 1294.32 1825.91 0.118175 149
13450.2 1566.64 2231.67 0.20242 149
12488.3 1009.09 1434.64 -0.0319922 150
12918.7 1282.92 1785.34 0.11509 150
12384.4 987.953 1339 -0.0492647 151
12793 1240.53 1673.75 0.0999808 151
13311.8 1497.94 2114.21 0.18585 151
12427 968.002 1385.17 -0.061481 152
12865.1 1228.93 1746.52 0.0901294 152
13305.5 1472.73 2114.21 0.175897 152
12451.7 966.389 1409.48 -0.0615454 153
12949.4 1238.33 1825.91 0.0910265 153
12427 967.933 1385.17 -0.0615293 154
12907 1236.45 1785.34 0.0920415 154
12271.2 960.217 1236 -0.074773 155
12648.9 1195.04 1545 0.0816471 155
12186.9 918.503 1164.35 -0.113897 156
12545.5 1129.38 1460.73 0.0454846 156
12886.7 1314.6 1746.52 0.133266 156
12271.1 880.465 1255.31 -0.135393 157
12689.8 1104.34 1606.8 0.0271278 157
13155.2 1308.44 2008.5 0.114264 157
13495.5 1485.17 2295.43 0.167696 157
12269.5 874.101 1255.31 -0.140363 158
12722.8 1101.35 1639.59 0.0249118 158
13154.4 1305 2008.5 0.112757 158
13644.3 1506.53 2434.55 0.166303 158
12229.5 870.883 1217.27 -0.147264 159
12686.6 1091.77 1606.8 0.0198616 159
13151.6 1294.1 2008.5 0.107958 159
13564.1 1481.06 2362.94 0.161799 159
12229.4 870.573 1217.27 -0.147515 160
12721.5 1096.16 1639.59 0.0219706 160
13207.5 1305.17 2060 0.110173 160
13724.6 1514.14 2510.63 0.164229 160
12229.3 870.282 1217.27 -0.147749 161
12688.1 1097.7 1606.8 0.0232937 161
13101.8 1296.79 1959.51 0.111713 161
12211.2 872.6 1199.11 -0.148052 162
12656.3 1100.38 1575.3 0.0253205 162
13102.4 1299.34 1959.51 0.112861 162
12193.9 876.116 1181.47 -0.147304 163
12656.6 1101.76 1575.3 0.0261317 163
13103 1301.6 1959.51 0.113875 163
12194.3 877.717 1181.47 -0.145976 164
12626.2 1104.92 1545 0.0285203 164
13054.5 1300.14 1912.86 0.115807 164
12177.3 880.182 1164.35 -0.146008 165
12626.1 1104.38 1545 0.0281965 165
13054.4 1299.69 1912.86 0.115601 165
14009.3 1581.56 2770.35 0.170705 165
12194.2 877.359 1181.47 -0.146273 166
12626 1104.16 1545 0.0280627 166
13054.3 1299.37 1912.86 0.115454 166
12194.1 877.04 1181.47 -0.146538 167
12626 1104.33 1545 0.0281678 167
12177 879.08 1164.35 -0.146936 168
12626.1 1104.72 1545 0.0283982 168
13054.4 1299.73 1912.86 0.115619 168
12194.1 877.153 1181.47 -0.146444 169
12626.1 1104.69 1545 0.0283844 169
13007.4 1295.19 1868.37 0.116067 169
14009.5 1582.49 2770.35 0.170992 169
12194.2 877.267 1181.47 -0.146349 170
12626.2 1104.85 1545 0.0284816 170
13054.5 1300.04 1912.86 0.115762 170
14009.7 1583.43 2770.35 0.171278 170
12177 879.155 1164.35 -0.146873 171
12626.1 1104.69 1545 0.0283833 171
13054.6 1300.61 1912.86 0.116024 171
14009.6 1582.93 2770.35 0.171127 171
12177.3 880.248 1164.35 -0.145953 172
12626.1 1104.59 1545 0.0283253 172
13054.4 1299.89 1912.86 0.115693 172
14009.5 1582.51 2770.35 0.170998 172
12177 879.061 1164.35 -0.146951 173
12625.9 1103.76 1545 0.0278262 173
13054.7 1300.93 1912.86 0.11617 173
12176.6 877.711 1164.35 -0.148087 174
12625.5 1102.11 1545 0.0268372 174
13054.1 1298.55 1912.86 0.11508 174
13909.3 1562.43 2678 0.170083 174
12176 875.396 1164.35 -0.150035 175
12625 1100.31 1545 0.0257595 175
13006.1 1290.04 1868.37 0.113645 175
12159.2 876.432 1147.72 -0.151282 176
12624.4 1097.78 1545 0.0242382 176
13005.4 1287.19 1868.37 0.1123 176
12158.3 873.012 1147.72 -0.154202 177
13004.4 1283.45 1868.37 0.110536 177
12156.9 867.607 1147.72 -0.15882 178
13002.9 1277.23 1868.37 0.107597 178
12140.6 868.9 1131.55 -0.159921 179
12591.6 1087.02 1515.85 0.018093 179
12957.5 1270.74 1825.91 0.106809 179
13902.9 1537.29 2678 0.162103 179
12591.3 1085.73 1515.85 0.0173002 180
13002.1 1274.14 1868.37 0.106133 180
12139.3 863.83 1131.55 -0.164317 181
12590.5 1082.35 1515.85 0.015224 181
12956.1 1265.2 1825.91 0.104124 181
12138.9 862.006 1131.55 -0.165898 182
12561 1080.13 1487.78 0.0141162 182
13047.9 1273.56 1912.86 0.103537 182
13807.4 1511.3 2591.62 0.158546 182
12122 859.172 1115.83 -0.17068 183
12559.3 1073.51 1487.78 0.0099628 183
12953.3 1254.07 1825.91 0.0987124 183
12557 1064.35 1487.78 0.00420754 184
12996.5 1251.63 1868.37 0.0954301 184
12118.4 845.086 1115.83 -0.183083 185
12555.5 1058.3 1487.78 0.000394671 185
12949.2 1237.63 1825.91 0.090687 185
12102.3 843.506 1100.55 -0.186984 186
12947.4 1230.66 1825.91 0.08727 186
12085 835.742 1085.68 -0.196523 187
12944.5 1218.87 1825.91 0.0814689 187
12069.1 831.836 1071.2 -0.202707 188
12899 1204.53 1785.34 0.0759934 188
12026.3 830.87 1030 -0.211546 189
12855.4 1190.25 1746.52 0.0702086 189
12023.4 819.218 1030 -0.222665 190
12438.4 1013.45 1385.17 -0.0301146 190
12813 1173.75 1709.36 0.0629053 190
12387.9 1001.66 1339 -0.0394954 191
12736.3 1154.86 1639.59 0.0549703 191
13458 1336.32 2295.43 0.111539 191
14845.1 1941.74 3493.05 0.224313 191
12361.4 986.389 1317.05 -0.0511997 192
12766.9 1136.69 1673.75 0.0439487 192
13451.3 1309.57 2295.43 0.101179 192
14834.4 1899.18 3493.05 0.214421 192
12333.3 961.654 1295.81 -0.0703326 193
12724 1106.15 1639.59 0.0276289 193
14817.8 1833.11 3493.05 0.198875 193
12305.5 935.349 1275.24 -0.0913626 194
12682.3 1074.45 1606.8 0.00979771 194
14800.2 1762.89 3493.05 0.182092 194
14788.6 1716.92 3493.05 0.170964 195
12238.7 907.322 1217.27 -0.117989 196
14621.8 1650.21 3347.5 0.160867 196
12274.1 892.147 1255.31 -0.126283 197
14942.5 1677.74 3651.82 0.154848 197
12271.9 883.427 1255.31 -0.133081 198
14937.2 1656.85 3651.82 0.149907 198
12250.8 878.644 1236 -0.138914 199
12226.3 858.29 1217.27 -0.157424 200
14917.6 1578.67 3651.82 0.131226 200
12222.3 842.176 1217.27 -0.170451 201
14671.2 1846.84 3347.5 0.210084 201
14907.6 1539.06 3651.82 0.121656 201
12215.9 816.759 1217.27 -0.191049 202
12646.1 930.451 1606.8 -0.0757725 202
14656.9 1789.83 3347.5 0.196046 202
14892.8 1479.99 3651.82 0.107248 202
12160.4 813.214 1164.35 -0.202581 203
12610.1 916.465 1575.3 -0.085902 203
14715.6 1426.28 3493.05 0.0981004 203
14503.3 1728.02 3213.6 0.187505 203
12187.1 776.582 1199.11 -0.227027 204
12700.9 873.955 1673.75 -0.105762 204
14959.7 1746.17 3651.82 0.170896 204
15250.6 1405.28 4017 0.0810316 204
12185.2 769.054 1199.11 -0.233241 205
12698.8 865.658 1673.75 -0.110632 205
14955.5 1729.59 3651.82 0.167028 205
15246.1 1387.32 4017 0.0769429 205
12201.4 759.188 1217.27 -0.237853 206
12732.9 855.343 1709.36 -0.114287 206
15139.5 1748.3 3825.72 0.164154 206
15464.6 1389.57 4228.43 0.0737135 206
12201 757.423 1217.27 -0.239289 207
12732.2 852.284 1709.36 -0.11605 207
15463.5 1385.19 4228.43 0.0727606 207
15138.4 1743.91 3825.72 0.163172 207
12199.7 752.285 1217.27 -0.243472 208
12731.2 848.315 1709.36 -0.118339 208
15135.8 1733.67 3825.72 0.160878 208
15460.6 1373.82 4228.43 0.0702887 208
12181.1 752.711 1199.11 -0.246736 209
12694.5 848.465 1673.75 -0.120746 209
14684.9 1901.45 3347.5 0.223356 209
15457.9 1362.85 4228.43 0.0678983 209
15133.5 1724.18 3825.72 0.158746 209
12145.1 752.403 1164.35 -0.254208 210
12691.9 838.039 1673.75 -0.126892 210
14534.1 1850.6 3213.6 0.218925 210
14941.7 1674.64 3651.82 0.154116 210
12127.1 748.69 1147.72 -0.261008 211
12622.8 837.745 1606.8 -0.132311 211
14530.1 1834.82 3213.6 0.214934 211
15026.3 1297.65 3825.72 0.0590961 211
14767.5 1632.63 3493.05 0.150273 211
12092.8 743.249 1115.83 -0.273095 212
12587.2 825.578 1575.3 -0.142564 212
14389.1 1780.87 3090 0.208456 212
15018 1264.46 3825.72 0.0510413 212
14760 1602.92 3493.05 0.142893 212
12045.9 739.607 1071.2 -0.287509 213
12523.7 816.411 1515.85 -0.154084 213
14381.3 1749.76 3090 0.200177 213
14596.1 1547.9 3347.5 0.134387 213
12029 730.202 1057.11 -0.29997 214
12549 797.797 1545 -0.163147 214
14375.2 1725.65 3090 0.193715 214
14820.4 1191.93 3651.82 0.0348557 214
14589.4 1521.37 3347.5 0.127427 214
12433.7 791.808 1434.64 -0.179708 215
14241.2 1661.66 2975.56 0.182596 215
14436.1 1460.52 3213.6 0.115712 215
14643.6 1139.66 3493.05 0.0223134 215
12484 773.82 1487.78 -0.185367 216
14361.3 1670.01 3090 0.178649 216
12403.8 776.145 1409.48 -0.193914 217
14232.1 1625.78 2975.56 0.172433 217
14567.6 1434.43 3347.5 0.104349 217
14223.5 1591.28 2975.56 0.162573 218
14785.6 1053.55 3651.82 -0.00108233 218
14557.7 1395.3 3347.5 0.0938353 218
12371.1 745.502 1385.17 -0.219266 219
12877.9 779.562 1868.37 -0.144772 219
14217.8 1568.68 2975.56 0.156071 219
14551.2 1369.37 3347.5 0.0868212 219
14778.3 1024.49 3651.82 -0.00871546 219
12365.8 724.542 1385.17 -0.234325 220
12830 763.143 1825.91 -0.157072 220
13756.4 1640.42 2510.63 0.206182 220
14209.5 1535.56 2975.56 0.146473 220
14768.1 983.582 3651.82 -0.0195079 220
14541.8 1331.84 3347.5 0.0766129 220
12362.6 711.844 1385.17 -0.243449 221
12826.6 749.892 1825.91 -0.164304 221
13752.7 1625.49 2510.63 0.201306 221
14204.9 1517.43 2975.56 0.141186 221
14536.7 1311.62 3347.5 0.0710832 221
14940.2 954.966 3825.72 -0.025867 221
12360.2 702.365 1385.17 -0.250262 222
12824.1 739.693 1825.91 -0.169876 222
13837.5 1630.86 2591.62 0.197303 222
14323.4 1519.49 3090 0.136862 222
14685 1304.52 3493.05 0.0663522 222
14935.6 936.819 3825.72 -0.0304694 222
12357.3 690.496 1385.17 -0.258791 223
12821 727.382 1825.91 -0.176609 223
13833.8 1616.09 2591.62 0.192588 223
14318.9 1501.52 3090 0.131775 223
14680 1284.65 3493.05 0.0611073 223
14930.2 915.153 3825.72 -0.0359765 223
12333.6 692.673 1361.7 -0.261588 224
12819.7 722.446 1825.91 -0.17931 224
13832.4 1610.51 2591.62 0.190803 224
14317.3 1495.19 3090 0.129976 224
14927.9 906.345 3825.72 -0.0382192 224
14678.1 1277.11 3493.05 0.0591112 224
12331.5 684.212 1361.7 -0.26777 225
12777.7 721.571 1785.34 -0.183858 225
14313.5 1480.17 3090 0.125703 225
14673.8 1259.84 3493.05 0.0545325 225
14923.3 887.885 3825.72 -0.0429259 225
12307.4 681.617 1339 -0.274152 226
12736.8 718.241 1746.52 -0.18983 226
13826.3 1586.16 2591.62 0.18297 226
14309.8 1465.18 3090 0.121423 226
14669.7 1243.46 3493.05 0.0501782 226
12304.2 668.631 1339 -0.283785 227
12771.2 695.673 1785.34 -0.198366 227
13822.4 1570.5 2591.62 0.177903 227
14305 1446.06 3090 0.115943 227
14664.3 1222.01 3493.05 0.0444577 227
12324.4 656.175 1361.7 -0.288233 228
12769.9 690.56 1785.34 -0.201234 228
13913.8 1579.85 2678 0.175569 228
14433.9 1451.94 3213.6 0.113341 228
15103.9 821.772 4017 -0.0570075 228
14827 1218.16 3651.82 0.0415867 228
12301.1 656.621 1339 -0.292688 229
12768.3 684.088 1785.34 -0.204865 229
13911.7 1571.4 2678 0.172906 229
14431.3 1441.73 3213.6 0.110512 229
15100.6 808.574 4017 -0.0602376 229
14823.9 1205.99 3651.82 0.0384672 229
12299.7 651.037 1339 -0.296825 230
12766.8 678.445 1785.34 -0.208031 230
13910.3 1566.03 2678 0.171211 230
14429.6 1434.67 3213.6 0.10855 230
14821.8 1197.29 3651.82 0.0362338 230
15098 798.4 4017 -0.0627304 230
12278.4 656.01 1317.05 -0.29792 231
12728.3 684.406 1746.52 -0.209212 231
13909.8 1563.87 2678 0.170531 231
14428.8 1431.51 3213.6 0.107672 231
15097.1 794.75 4017 -0.0636251 231
14820.9 1193.73 3651.82 0.035319 231
12276 646.644 1317.05 -0.304966 232
12725.8 674.31 1746.52 -0.215001 232
13814.8 1540.34 2591.62 0.168079 232
14295.3 1407.46 3090 0.104812 232
14652.7 1176.1 3493.05 0.032148 232
14899.6 793.738 3825.72 -0.06707 232
12233.6 649.357 1275.24 -0.312611 233
12687.1 672.655 1709.36 -0.220617 233
13812.4 1531.02 2591.62 0.165027 233
14292.1 1394.74 3090 0.101122 233
14648.8 1160.47 3493.05 0.0279365 233
14894.8 774.36 3825.72 -0.0720665 233
12230.5 637.016 1275.24 -0.322168 234
12684 660.455 1709.36 -0.227765 234
13809.9 1520.98 2591.62 0.161729 234
14288.7 1381.26 3090 0.097203 234
14890 755.366 3825.72 -0.0769728 234
14644.7 1144.27 3493.05 0.0235617 234
12191.3 641.907 1236 -0.3282 235
12647.4 661.155 1673.75 -0.232157 235
13808.1 1513.69 2591.62 0.159329 235
14286.1 1371.13 3090 0.0942506 235
14641.7 1132.39 3493.05 0.0203452 235
14886.3 740.775 3825.72 -0.0807473 235
12152.3 638.232 1199.11 -0.340986 236
12578.8 662.493 1606.8 -0.240912 236
13717.9 1487.19 2510.63 0.155063 236
14161 1342.77 2975.56 0.089111 236
14704.4 730.22 3651.82 -0.087469 236
14485.6 1108.1 3347.5 0.0143412 236
12101.2 645.878 1147.72 -0.349187 237
12545.4 659.132 1575.3 -0.247816 237
13715.4 1477.21 2510.63 0.151653 237
14157.7 1329.6 2975.56 0.0851039 237
14699.6 711.082 3651.82 -0.0926713 237
14481.4 1091.31 3347.5 0.00957838 237
12066.8 639.553 1115.83 -0.364299 238
12511.7 649.101 1545 -0.259106 238
13630.6 1451.97 2434.55 0.147138 238
14152.7 1309.57 2975.56 0.0789873 238
14692.2 681.608 3651.82 -0.1007 238
14475.1 1066.63 3347.5 0.00255505 238
12035.3 638.144 1085.68 -0.375238 239
12480.5 644.504 1515.85 -0.267052 239
13628 1441.34 2434.55 0.143366 239
14037.5 1287.39 2869.29 0.0747496 239
14527.8 679.066 3493.05 -0.106025 239
14333.1 1050.77 3213.6 -0.00205315 239
12449 634.505 1487.78 -0.27872 240
13624.6 1428.17 2434.55 0.13868 240
14032.7 1268.25 2869.29 0.0686509 240
14327.2 1027.23 3213.6 -0.00906884 240
14520.7 650.899 3493.05 -0.114072 240
12445.7 621.49 1487.78 -0.287438 241
13622.2 1418.58 2434.55 0.135255 241
14029.4 1255.03 2869.29 0.064423 241
14323 1010.76 3213.6 -0.0139937 241
14515.9 631.455 3493.05 -0.119637 241
12364.6 619.987 1409.48 -0.304157 242
14023 1229.68 2869.29 0.0562814 242
14315.1 979.053 3213.6 -0.0235023 242
12314.4 616.086 1361.7 -0.317424 243
13538.2 1378.05 2362.94 0.124116 243
13915.1 1206.05 2770.35 0.0503399 243
14182.6 958.869 3090 -0.0307497 243
14353.9 584.153 3347.5 -0.139041 243
12268.8 617.77 1317.05 -0.32664 244
13535.8 1368.27 2362.94 0.120477 244
13911.4 1191.45 2770.35 0.0454502 244
14178.3 941.91 3090 -0.036071 244
14348.7 563.247 3347.5 -0.145318 244
13907.2 1174.72 2770.35 0.0398316 245
14486.2 513.185 3493.05 -0.153645 245
14008.7 1172.44 2869.29 0.0377512 246
13459.9 1343.36 2295.43 0.114247 247
14295.5 901.125 3213.6 -0.0470452 247
14482.3 497.773 3493.05 -0.158094 247
13459.2 1340.49 2295.43 0.113144 248
13903.8 1161.12 2770.35 0.0352477 248
14294.1 895.556 3213.6 -0.0487365 248
14480.5 490.813 3493.05 -0.160105 248
13456.8 1331 2295.43 0.109481 249
13900.5 1147.95 2770.35 0.0307972 249
14164.4 886.398 3090 -0.0535724 249
13898.4 1139.74 2770.35 0.0280172 250
14286.8 866.611 3213.6 -0.0575462 250
13006.9 1467.26 1825.91 0.198459 251
13386 1310.69 2231.67 0.104356 251
13894.8 1125.29 2770.35 0.0231147 251
14157.4 858.587 3090 -0.0623861 251
14323 461.153 3347.5 -0.176078 251
12071.8 595.098 1131.55 -0.397573 252
12961.7 1453.68 1785.34 0.196296 252
13382.5 1297.1 2231.67 0.0989262 252
13794.2 1103.87 2678 0.0163544 252
14150.3 830.43 3090 -0.0713391 252
12054.2 589.62 1115.83 -0.407615 253
13317.2 1284.52 2171.35 0.0963536 253
13791.3 1092.34 2678 0.0122869 253
14031.2 825.953 2975.56 -0.0755599 253
12021.2 582.142 1085.68 -0.424901 254
12877.3 1429.7 1709.36 0.192658 254
13253.6 1265.84 2114.21 0.090914 254
13697 1071.62 2591.62 0.00511234 254
13917.5 809.581 2869.29 -0.0839814 254
13250.8 1254.78 2114.21 0.0862117 255
13609.9 1057.21 2510.63 -0.000176424 255
13912.4 789.186 2869.29 -0.0910059 255
12763.3 1397.08 1606.8 0.18707 256
13135.3 1228.78 2008.5 0.0788663 256
13524.8 1030.82 2434.55 -0.0105141 256
13804.2 764.866 2770.35 -0.102956 256
13921.5 389.565 2975.56 -0.22263 256
12762.6 1394.08 1606.8 0.18553 257
13133.6 1222.24 2008.5 0.0759214 257
13522.4 1021.26 2434.55 -0.0142686 257
13708.9 764.559 2678 -0.106623 257
13917.7 374.597 2975.56 -0.227729 257
12291.1 523.258 1361.7 -0.384479 258
12694.4 1376.34 1545 0.182758 258
13444.1 1003.33 2362.94 -0.0219674 258
13702.5 739.066 2678 -0.116086 258
12221.5 516.702 1295.81 -0.408085 259
12660.8 1362.4 1515.85 0.178329 259
13025.2 1183.18 1912.86 0.0609991 259
13436.6 973.671 2362.94 -0.0340481 259
13607.3 714.616 2591.62 -0.129366 259
13795.8 325.409 2869.29 -0.25358 259
12178.4 511.272 1255.31 -0.424751 260
12629.1 1351.17 1487.78 0.175112 260
12975.4 1167.5 1868.37 0.0547169 260
13362.8 957.004 2295.43 -0.0420529 260
13600.8 688.838 2591.62 -0.139304 260
13692.8 321.598 2770.35 -0.264048 260
12172.5 487.887 1255.31 -0.442589 261
12598.8 1341.71 1460.73 0.17267 261
12972.2 1154.92 1868.37 0.0485368 261
13358.1 938.335 2295.43 -0.0499373 261
13594.8 664.852 2591.62 -0.14857 261
13780.3 263.832 2869.29 -0.275324 261
12129.3 472.128 1217.27 -0.467801 262
12542 1326.08 1409.48 0.169129 262
12923.6 1135.77 1825.91 0.0399555 262
13351.1 910.555 2295.43 -0.0617151 262
13586.1 630.234 2591.62 -0.161974 262
13675.2 251.613 2770.35 -0.289613 262
12514.3 1315.49 1385.17 0.165444 263
12877.2 1117.68 1785.34 0.031452 263
13280.1 889.486 2231.67 -0.0726867 263
13497.9 611.686 2510.63 -0.174645 263
13664.6 209.122 2770.35 -0.305109 263
12488.5 1309.3 1361.7 0.164234 264
12835.2 1109.78 1746.52 0.0279269 264
13216.4 883.494 2171.35 -0.0773924 264
13419.4 611.408 2434.55 -0.180235 264
13572.2 220.443 2678 -0.31131 264
12463.7 1303.57 1339 0.163181 265
12833.4 1102.58 1746.52 0.0240929 265
13156.3 878.595 2114.21 -0.0817396 265
13345.8 612.423 2362.94 -0.185279 265
13486 232.064 2591.62 -0.317099 265
12416.4 1292.48 1295.81 0.160962 266
12791.2 1087.03 1709.36 0.0161151 266
13150.2 854.361 2114.21 -0.0929991 266
13338 581.421 2362.94 -0.198491 266
13476.4 193.572 2591.62 -0.332035 266
12372.1 1282.37 1255.31 0.158931 267
12715.2 1070.86 1639.59 0.00755601 267
12988.8 846.977 1959.51 -0.104005 267
13143 591.502 2171.35 -0.211348 267
13250.7 233.846 2362.94 -0.346668 267
12351.2 1278.32 1236 0.158441 268
12713.1 1062.61 1639.59 0.00283056 268
13085.6 819.728 2060 -0.112019 268
13324.5 527.527 2362.94 -0.221495 268
13383.5 156.482 2510.63 -0.357396 268
12351 1277.73 1236 0.158043 269
12677.6 1055.8 1606.8 -0.00109962 269
13031.1 814.161 2008.5 -0.11762 269
13254.7 526.654 2295.43 -0.228399 269
13307.1 164.361 2434.55 -0.365137 269
12292.4 1268.3 1181.47 0.157974 270
12610.4 1041.87 1545 -0.00963943 270
12885.4 809.501 1868.37 -0.128867 270
13071.1 539.779 2114.21 -0.241697 270
13107.5 202.447 2231.67 -0.380645 270
12256.3 1263.29 1147.72 0.158532 271
12608.5 1034.31 1545 -0.0142607 271
12972.5 782.026 1959.51 -0.136812 271
13179.9 490.856 2231.67 -0.251103 271
13290.5 98.2917 2434.55 -0.392083 271
12239 1260.5 1131.55 0.158521 272
12576.8 1027.82 1515.85 -0.0185824 272
12923 776.583 1912.86 -0.142966 272
13117.7 490.73 2171.35 -0.25812 272
13218.6 106.346 2362.94 -0.400273 272
12205.8 1255.78 1100.55 0.158979 273
12518.7 1022.9 1460.73 -0.0224549 273
12875.8 771.372 1868.37 -0.149131 273
13006.6 505.542 2060 -0.264772 273
13092.1 141.182 2231.67 -0.407736 273
12129.8 1242.57 1030 0.158122 274
12486.2 1000.46 1434.64 -0.0377284 274
12824.3 740.523 1825.91 -0.169422 274
13045.8 439.075 2114.21 -0.28966 274
12965.5 -362.29 2231.67 -0.618513 274
13134.9 50.0518 2295.43 -0.435664 274
12102.1 1238.29 1004.25 0.158231 275
12459.1 995.983 1409.48 -0.0414146 275
12821.7 730.401 1825.91 -0.174956 275
12991 443.546 2060 -0.295037 275
12908.1 -343.2 2171.35 -0.625924 275
13130.7 33.3004 2295.43 -0.442757 275
12088.8 1236.25 991.853 0.1583 276
12482.6 986.283 1434.64 -0.0471731 276
12903.5 699.03 1912.86 -0.183429 276
13149.6 370.299 2231.67 -0.305526 276
13128 -548.122 2434.55 -0.63978 276
13321.4 -90.5659 2510.63 -0.454299 276
12102.8 1241.05 1004.25 0.160509 277
12508.6 982.662 1460.73 -0.0487257 277
12948 684.529 1959.51 -0.186484 277
13208.3 342.197 2295.43 -0.309421 277
13392.6 -139.476 2591.62 -0.458999 277
12509.5 986.118 1460.73 -0.0464583 278
12948.2 685.573 1959.51 -0.18595 278
13271.9 318.271 2362.94 -0.310838 278
13470.2 -185.349 2678 -0.461424 278
12538.6 991.158 1487.78 -0.0423888 279
12997.1 679.129 2008.5 -0.184639 279
13272.3 319.792 2362.94 -0.31019 279
13469.7 -187.346 2678 -0.462144 279
12487.8 1007.08 1434.64 -0.0333305 280
12951.1 696.895 1959.51 -0.180163 280
13209.2 345.925 2295.43 -0.307788 280
13390.9 -146.564 2591.62 -0.461641 280
12491.4 1021.53 1434.64 -0.0237597 281
12953.3 705.771 1959.51 -0.17563 281
13210.2 349.865 2295.43 -0.306063 281
13390.4 -148.303 2591.62 -0.46229 281
12493.7 1030.64 1434.64 -0.0177483 282
12954.8 711.878 1959.51 -0.172512 282
13211.1 353.333 2295.43 -0.304544 282
13116 -595.717 2434.55 -0.656514 282
13390.6 -147.652 2591.62 -0.462048 282
12380.5 1062.55 1317.05 0.00345177 283
12827.7 754.169 1825.91 -0.161969 283
13095.2 401.072 2171.35 -0.299697 283
13247.1 -74.1526 2434.55 -0.461327 283
13050.8 -561.537 2362.94 -0.661348 283
12407.7 1080.82 1339 0.0160984 284
12830.3 764.562 1825.91 -0.156299 284
13096.2 405.206 2171.35 -0.297784 284
12990.2 -525.579 2295.43 -0.664788 284
13246.5 -76.719 2434.55 -0.462344 284
12304.6 1093.05 1236 0.0265056 285
12753.6 785.206 1746.52 -0.151611 285
13042.6 426.319 2114.21 -0.295728 285
13246.2 -77.6491 2434.55 -0.462713 285
12988.7 -531.568 2295.43 -0.666985 285
12330.3 1116.32 1255.31 0.043091 286
12795.5 792.526 1785.34 -0.14426 286
13044.7 434.604 2114.21 -0.291789 286
12986.7 -539.505 2295.43 -0.669888 286
13246.6 -76.2932 2434.55 -0.462176 286
12208.4 1139 1131.55 0.06558 287
12689.2 827.236 1673.75 -0.133268 287
12995.4 460.884 2060 -0.286584 287
12984.9 -546.741 2295.43 -0.67253 287
13182.2 -38.5706 2362.94 -0.460122 287
12211.3 1150.33 1131.55 0.0745211 288
12657.1 839.625 1639.59 -0.128557 288
12947.3 480.721 2008.5 -0.283948 288
13120.8 -5.7662 2295.43 -0.459228 288
12929.7 -504.846 2231.67 -0.673177 288
12217.5 1175.12 1131.55 0.0938813 289
12660.7 854.111 1639.59 -0.119845 289
12949.3 488.964 2008.5 -0.279824 289
12876.5 -468.981 2171.35 -0.675269 289
13121.2 -4.37959 2295.43 -0.458645 289
12117.7 1194.49 1030 0.118675 290
12570.6 883.833 1545 -0.108203 290
12860.3 527.227 1912.86 -0.273611 290
12874.8 -475.923 2171.35 -0.67793 290
13063.8 28.6713 2231.67 -0.456841 290
12138.7 1223.3 1043.38 0.140807 291
12574.4 898.849 1545 -0.0986891 291
12862.4 535.575 1912.86 -0.269228 291
13064.2 30.3713 2231.67 -0.456107 291
12824.5 -441.648 2114.21 -0.679965 291
12494 924.803 1460.73 -0.0869802 292
12781.3 569.462 1825.91 -0.263318 292
13009.6 60.7202 2171.35 -0.454692 292
12822.4 -449.89 2114.21 -0.683196 292
12469.6 934.738 1434.64 -0.0818107 293
12782.1 572.591 1825.91 -0.261598 293
12957.6 88.1654 2114.21 -0.453873 293
12775.4 -414.392 2060 -0.684106 293
12378.2 963.349 1339 -0.0668965 294
12672.6 615.125 1709.36 -0.254337 294
12908.2 114.107 2060 -0.4531 294
12337.2 977.301 1295.81 -0.0587332 295
12639.6 629.82 1673.75 -0.250905 295
12861.2 138.451 2008.5 -0.452471 295
12319 989.308 1275.24 -0.0506479 296
12608 644.234 1639.59 -0.247283 296
12816.6 161.738 1959.51 -0.451779 296
12301.7 1002.33 1255.31 -0.0415486 297
12609.3 649.352 1639.59 -0.244159 297
12816.5 161.261 1959.51 -0.452014 297
12283.7 1009.83 1236 -0.036416 298
12578.4 661.113 1606.8 -0.241773 298
12773.9 183.252 1912.86 -0.451422 298
12266.3 1017.55 1217.27 -0.0309479 299
12579.1 663.741 1606.8 -0.240137 299
12773.8 182.851 1912.86 -0.451625 299
12233.1 1032.31 1181.47 -0.0200853 300
12520.9 685.696 1545 -0.235444 300
12732.9 202.618 1868.37 -0.451658 300
12200.2 1039.83 1147.72 -0.014508 301
12493.2 695.205 1515.85 -0.233661 301
12693.9 221.505 1825.91 -0.45168 301
12170.6 1053.03 1115.83 -0.00387545 302
12466.8 705.258 1487.78 -0.231278 302
12655.6 235.751 1785.34 -0.45375 302
12156.3 1058.81 1100.55 0.00095451 303
12441 713.58 1460.73 -0.22983 303
12619.7 252.254 1746.52 -0.454234 303
12101 1073.11 1043.38 0.0136462 304
12417.2 725.82 1434.64 -0.225457 304
12654.9 233.012 1785.34 -0.455224 304
12076.3 1083.13 1016.96 0.0230103 305
12393.9 736.729 1409.48 -0.221727 305
12619.8 252.377 1746.52 -0.454169 305
12077.7 1088.94 1016.96 0.0282215 306
12394.7 739.852 1409.48 -0.219522 306
12655.3 234.424 1785.34 -0.454466 306
12053.9 1097.28 991.853 0.036525 307
12372.6 751.487 1385.17 -0.214969 307
12656.1 237.979 1785.34 -0.452554 307
12058.5 1115.43 991.853 0.0530208 308
12399.5 758.784 1409.48 -0.206159 308
12658.9 248.829 1785.34 -0.446707 308
12104.2 1140.77 1030 0.0731485 309
12454.1 765.962 1460.73 -0.194117 309
12738.8 226.2 1868.37 -0.439482 309
12031.3 1152.88 956.43 0.0894798 310
12383.4 794.657 1385.17 -0.184015 310
12665.4 274.857 1785.34 -0.432622 310
12064.3 1188.27 979.757 0.118801 311
12413.6 815.213 1409.48 -0.166429 311
12708 277.803 1825.91 -0.421848 311
12142.6 1239.09 1043.38 0.153524 312
12471.8 836.519 1460.73 -0.146233 312
12753.4 284.419 1868.37 -0.409171 312
12338 893.564 1317.05 -0.119415 313
12647.5 362.976 1746.52 -0.392675 313
12345.5 923.371 1317.05 -0.097351 314
12653.5 386.877 1746.52 -0.379222 314
12371.4 936.337 1339 -0.0863856 315
12656.7 399.387 1746.52 -0.37216 315
12579.4 -233.784 1825.91 -0.676311 315
12254 968.429 1217.27 -0.0694127 316
12560.6 455.831 1639.59 -0.36178 316
12482.9 -139.722 1709.36 -0.669602 316
12281.7 1001.96 1236 -0.0424637 317
12599.4 470.192 1673.75 -0.34609 317
12519.1 -147.897 1746.52 -0.661403 317
12311.2 1040.12 1255.31 -0.0130904 318
12640.3 486.699 1709.36 -0.329438 318
12524.2 -127.756 1746.52 -0.651681 318
12158.1 1065.79 1100.55 0.00683046 319
12489.2 559.657 1545 -0.316834 319
12435.2 -43.0772 1639.59 -0.644387 319
12151.2 1099.61 1085.68 0.0354927 320
12495.5 584.73 1545 -0.300685 320
12439.4 -26.2457 1639.59 -0.635625 320
12174.9 1132.93 1100.55 0.0623892 321
12501.5 608.665 1545 -0.285242 321
12443.4 -10.6444 1639.59 -0.627447 321
12070.9 1165.06 991.853 0.0972514 322
12402.7 668.318 1434.64 -0.265404 322
12392.1 49.0278 1575.3 -0.61701 322
12093.1 1202.49 1004.25 0.128261 323
12408.8 692.649 1434.64 -0.248503 323
12369.6 84.0423 1545 -0.607873 323
12112 1225.38 1016.96 0.145846 324
12437.1 698.458 1460.73 -0.240159 324
12397.8 71.8214 1575.3 -0.604385 324
12349.2 754.721 1361.7 -0.216268 325
12326 145.344 1487.78 -0.592316 325
12379.5 778.977 1385.17 -0.195251 326
12330.1 161.428 1487.78 -0.582738 326
12383.4 794.798 1385.17 -0.183917 327
12332.1 169.362 1487.78 -0.577991 327
12226.1 857.72 1217.27 -0.15789 328
12245.9 247.546 1385.17 -0.565798 328
12232 881.039 1217.27 -0.13909 329
12228.5 274.344 1361.7 -0.556855 329
12234.9 892.765 1217.27 -0.129665 330
12230 280.382 1361.7 -0.55285 330
12143 942.873 1115.83 -0.0975862 331
12176.2 336.727 1295.81 -0.538818 331
12145.5 953.041 1115.83 -0.0887993 332
12159.3 353.829 1275.24 -0.534473 332
12065 984.674 1030 -0.0665894 333
12127.1 386.612 1236 -0.52565 333
12069.8 1003.98 1030 -0.0487942 334
12112.7 406.22 1217.27 -0.518241 334
12072.3 1013.96 1030 -0.0396462 335
12113.8 410.586 1217.27 -0.514942 335
12074.8 1023.99 1030 -0.0304928 336
12114.8 414.677 1217.27 -0.511845 336
12005.5 1050.04 956.43 -0.00738262 337
12069.8 452.752 1164.35 -0.502955 337
12010.4 1069.54 956.43 0.0113983 338
12056.9 469.702 1147.72 -0.495964 338
12001.4 1079.7 945.178 0.021356 339
12057.9 473.386 1147.72 -0.492984 339
12016.7 503.185 1100.55 -0.487257 340
12006.4 523.135 1085.68 -0.476283 341
