# x y d a f
14658.9 4487.32 10042.5 0.39313 474
12506.7 2003.53 7303.65 0.212558 480
13272 1916.72 8034.01 0.182096 480
12495.1 2022.14 7303.65 0.213229 482
13730.5 4038.29 8926.68 0.401153 482
12233.7 1141.8 5738.58 0.0520948 507
12729 1161.27 6180.01 0.051181 508
13724.5 1683.26 7303.65 0.110099 508
14034.5 4446.76 8926.68 0.415654 508
12729.7 1173.03 6180.01 0.0522756 509
13602.9 2722.03 3651.82 -0.673287 661
13389.3 2395.94 3651.82 -0.776314 661
12567.2 2166.2 3090 -0.993801 661
14218.4 4211.51 3213.6 -0.21748 662
15421.9 3994.91 4228.43 -0.197013 663
13960.1 3414.99 3347.5 -0.448472 663
13387.6 3235.73 2975.56 -0.584327 663
13182.2 2934.6 2975.56 -0.704418 663
14249.6 2275.99 4228.43 -0.660226 663
14530.5 3168.83 3825.72 -0.432165 664
13814.1 2969.59 3347.5 -0.574189 664
13398.7 805.907 4228.43 -1.0245 664
13133.6 1787.21 3347.5 -0.957168 665
13360 3821.28 2231.67 -0.35759 666
12116.1 3154.8 1295.81 -1.0146 669
-nan -nan inf -nan 834
16152.8 988.822 11477.2 -0.203422 842
15162.4 1160.51 8926.68 -0.203533 857
14185.4 1025.69 8034.01 -0.24424 857
12969.6 1624.57 6695.01 -0.201875 858
12885.3 1354.16 6695.01 -0.243601 858
12558.7 1657.61 6180.01 -0.207533 859
12808.7 1601.83 6180.01 -0.203799 860
12728.4 1339.34 6180.01 -0.247631 860
15576.9 4313.83 8034.01 0.161118 861
15215.3 3131.61 8034.01 0.0308688 861
13313.8 1492.41 6695.01 -0.204527 861
13980.7 2453.03 5738.58 -0.0049981 869
12668.9 1400.27 5021.26 -0.209084 869
12789.5 1647.38 5021.26 -0.158733 869
12771.8 2337.64 4463.34 -0.00590433 870
12282.7 1861.8 4228.43 -0.111749 870
12177.9 1643.62 4228.43 -0.163036 870
12077.1 1433.6 4228.43 -0.213905 870
13154.7 2318.81 4725.89 0.00133548 871
12519.5 1577.21 4463.34 -0.15713 871
12179 1402.59 4228.43 -0.208563 871
12947.9 2297.02 4463.34 0.00649363 872
12470.8 1808.32 4228.43 -0.101432 872
12061.5 1413.32 4017 -0.205958 872
12370.5 1585.05 4228.43 -0.153809 872
13477.3 1720.75 5021.26 -0.0869867 873
13061.3 1491.97 4725.89 -0.140506 873
12955 1237.98 4725.89 -0.195188 873
15986.8 716.567 7303.65 -0.173542 876
16261.8 738.879 7303.65 -0.15612 879
14380.8 1030.79 5356.01 -0.150913 880
13921.7 1679.98 4463.34 -0.0212866 881
13537.2 1411.56 4228.43 -0.0819459 881
13192.6 1172.88 4017 -0.144654 881
13307.5 1419.22 4017 -0.0845252 882
12990.3 1191.61 3825.72 -0.147283 882
13660.4 1675.59 4228.43 -0.0234164 882
13249.4 1339.91 3825.72 -0.0898605 883
12957.4 1116.34 3651.82 -0.154703 883
13343.6 1380.25 3825.72 -0.0715643 884
13056.3 1147.12 3651.82 -0.137649 884
13235.6 1360.85 3651.82 -0.0721813 885
12970.7 1128.81 3493.05 -0.140883 885
13508.4 1357.86 3825.72 -0.062134 886
13818.8 1631.6 4017 0.00490483 886
13063.9 1129.44 3493.05 -0.13235 886
13917 1655.16 4017 0.0173259 887
13165.1 1137.99 3493.05 -0.121485 887
13729.7 1436.22 3825.72 -0.0276453 888
13282 1181.61 3493.05 -0.100688 888
13659.9 1441.38 3651.82 -0.0193944 889
13393.3 1178.11 3493.05 -0.0926507 889
13802.4 1479.57 3651.82 -0.00154677 890
13376.8 1214.4 3347.5 -0.0767182 890
14103.6 1784.43 3825.72 0.0700777 890
13455.3 1437.48 2975.56 0.022472 892
13344.1 1178.13 2975.56 -0.0574201 892
13303.6 1158.11 2770.35 -0.0445962 894
13524.3 1413.73 2869.29 0.0372333 894
13378.9 1143 2770.35 -0.0390605 895
13599.6 1399.82 2869.29 0.0426196 895
13257.1 1136.61 2591.62 -0.0333613 896
13261.2 1145.92 2591.62 -0.0300512 897
13335.2 1153.89 2591.62 -0.0169859 898
13318 1139.48 2510.63 -0.0124987 899
13297.3 1124.74 2434.55 -0.00752062 900
13282.6 1131.58 2295.43 0.014369 901
13395.1 1107.38 2362.94 0.0124969 902
13099 1054.63 1709.36 0.0782752 914
13039.9 1043.64 1639.59 0.079224 915
13061.3 1052.11 1639.59 0.0869211 916
13042.8 1042.8 1606.8 0.0868548 917
13045.7 1039.02 1575.3 0.0917985 918
13040.9 1022.27 1575.3 0.0824274 919
13060.1 1027.89 1575.3 0.0868801 920
12836 1007.11 1295.81 0.0950664 922
12820.9 1013.59 1255.31 0.102685 923
12854.4 971.889 1295.81 0.0703552 924
13085.9 1169.14 1487.78 0.180346 924
12823.6 977.831 1236 0.077154 925
12821.8 1000.95 1181.47 0.0940153 926
13027.6 1188.73 1361.7 0.206478 926
12838.7 954.947 1181.47 0.0542018 927
12852.3 987.46 1147.72 0.0723401 928
12728.4 945.422 1004.25 0.0362972 929
12912.4 1113.25 1181.47 0.164743 929
12850.5 952.251 1100.55 0.032689 930
12856.5 987.173 1057.11 0.0488469 931
13069.9 1178.11 1275.24 0.183637 931
12793.8 974.965 967.953 0.030536 932
12998.4 1155.26 1181.47 0.171294 932
13342.8 1539.48 1545 0.363378 932
12821.1 1013 967.953 0.0560817 933
13021 1198.46 1181.47 0.196846 933
13355.6 1590.69 1545 0.38854 933
12821.1 1012.94 967.953 0.0560238 934
13021 1198.38 1181.47 0.196782 934
13355.5 1591.26 1545 0.388866 934
12861.6 958.983 1004.25 0.00286929 935
12861.6 958.835 1004.25 0.00272834 936
12861.6 958.983 1004.25 0.00286929 937
12861.6 958.835 1004.25 0.00272834 938
12861.6 958.983 1004.25 0.00286929 939
