# x y d a f
12904.6 1145.02 1487.78 0.116582 22
12828.9 1136.86 1385.17 0.124957 23
12815.4 1122.84 1339 0.125536 24
12814.4 1105.71 1295.81 0.127393 25
12836.6 1093.82 1275.24 0.130411 26
12854.5 1079.41 1255.31 0.130569 27
12870.6 1035.7 1217.27 0.115095 28
12854.1 988.569 1181.47 0.0865334 29
13240 1245.73 1515.85 0.218268 29
14827.3 1826.94 2975.56 0.28451 29
12879.8 1001.95 1147.72 0.101071 30
13248.5 1269.6 1487.78 0.241915 30
12827.9 957.17 1100.55 0.0673627 31
13215.8 1214.45 1460.73 0.213123 31
14686.9 1764.63 2869.29 0.285118 31
12818 979.361 1016.96 0.0829823 32
13194.9 1239.65 1385.17 0.236895 32
13493 1531.21 1673.75 0.351974 32
12874 984.521 1004.25 0.0696509 33
13275.1 1260.49 1409.48 0.235859 33
12783.6 975.346 863.872 0.0448422 34
13125 1217.44 1217.27 0.222025 34
13382.3 1478.38 1487.78 0.34553 34
14441.3 2371.66 2591.62 0.509881 34
13104 1214.27 1164.35 0.213091 35
13355 1470.45 1434.64 0.341788 35
14367.3 2326.06 2510.63 0.508296 35
12773.1 947.442 795.447 -0.0207201 36
13136.4 1190.87 1181.47 0.183821 36
13416.8 1462.23 1487.78 0.32107 36
14610 2410.25 2770.35 0.493295 36
12765.1 947.553 757.925 -0.036887 37
13125.4 1194.44 1147.72 0.181762 37
13430.6 1477.58 1487.78 0.324835 37
15324.6 1345.18 3347.5 0.108336 37
14690.8 2478.47 2869.29 0.500418 37
14464.7 2728.21 2678 0.609715 38
14789.4 2602.01 2975.56 0.519514 38
13163.7 1219.69 1100.55 0.171535 39
14855.3 1266.12 2770.35 0.0857264 39
14561.7 2787.32 2770.35 0.608588 39
14911.5 2662.04 3090 0.517124 39
13214.7 1275.32 1057.11 0.18442 40
14952 1358.97 2770.35 0.101113 40
14695 2951.14 2869.29 0.631489 40
15074.4 2833.42 3213.6 0.538456 40
13226 1290.49 991.853 0.174565 41
14662.9 2936.3 2770.35 0.637979 41
15021.2 2811.12 3090 0.542568 41
13205.5 1303.8 923.449 0.16367 42
14546 2851.84 2591.62 0.637818 42
14864.1 2719.13 2869.29 0.54086 42
13115.3 1298.45 692.587 0.0702031 44
13882.7 2591.8 1825.91 0.721564 44
14195.4 2563.97 2114.21 0.621069 44
14428.5 2435.61 2295.43 0.520641 44
14706.7 2278.53 2510.63 0.413636 44
13158.6 1332.83 692.587 0.0702031 45
13926 2626.18 1825.91 0.721564 45
14238.7 2598.35 2114.21 0.621069 45
14471.7 2469.99 2295.43 0.520641 45
14750 2312.91 2510.63 0.413636 45
14052.4 2759.82 2008.5 0.729968 46
14377.5 2716 2295.43 0.62683 46
14729.3 2629.44 2591.62 0.523167 46
14912.9 2396.72 2678 0.415527 46
13703.6 2669.04 1639.59 0.819659 47
13984.1 2705.18 1912.86 0.733027 47
14284 2655.04 2171.35 0.628768 47
14541.7 2531.63 2362.94 0.525367 47
14777.5 2345.48 2510.63 0.416079 47
13556.2 1609.17 1043.38 0.239271 48
13871 2837.84 1825.91 0.819601 48
14833 1657.39 2231.67 0.131401 48
14219.4 2903.73 2171.35 0.729746 48
14671.7 2919.06 2591.62 0.622056 48
15822.5 1539.16 3090 0.0576453 48
15030.2 2793.64 2869.29 0.515926 48
15364.7 2581.03 3090 0.404234 48
13787.2 1792.41 1275.24 0.316283 49
13819.6 2766.88 1709.36 0.818729 49
14733.5 1366.94 1959.51 -0.00489552 49
14129.5 2808.45 2008.5 0.726704 49
14614.3 1628.13 1959.51 0.118991 49
15455 1516.37 2678 0.0471887 49
14523.5 2798.88 2362.94 0.616997 49
14832.8 2671.85 2591.62 0.510158 49
15122.2 2468.26 2770.35 0.396861 49
13551.9 1588.1 923.449 0.178347 50
13885.5 1803.47 1317.05 0.289082 50
13914.1 2841.41 1785.34 0.813556 50
14300.4 2927.32 2171.35 0.717392 50
15993.8 1488.66 3090 0.0230822 50
14763.2 2931.07 2591.62 0.604552 50
15482.3 2574.22 3090 0.379363 50
15132.4 2798.95 2869.29 0.495357 50
13549.6 1621.46 873.262 0.186347 51
13865.7 1841.3 1255.31 0.305413 51
13876.2 2879.6 1746.52 0.84514 51
14246.5 2965.18 2114.21 0.746739 51
14690.4 2972 2510.63 0.63193 51
16067.6 1592.23 3090 0.0431097 51
15135.4 2895.58 2869.29 0.5206 51
15391.6 2635.68 2975.56 0.404042 51
13546.4 1611.67 819.797 0.151073 52
13891.5 2865.27 1709.36 0.837244 52
14250.4 2936.19 2060 0.736462 52
14741.2 2971.51 2510.63 0.61873 52
15955.6 1908.94 3090 0.130547 52
15450.3 2622.75 2975.56 0.387875 52
13534.6 1615.85 780.001 0.140624 53
13874.3 2860.97 1673.75 0.844368 53
14260.6 2959.16 2060 0.741301 53
14691.1 2951.85 2434.55 0.622756 53
15120.5 2865.47 2770.35 0.508814 53
15473.4 2646.4 2975.56 0.389166 53
13864.5 2870.67 1639.59 0.854721 54
14238.2 2960.1 2008.5 0.74893 54
14713.2 2987.24 2434.55 0.627154 54
15148.6 2901.83 2770.35 0.511776 54
13911.5 1843.14 1115.83 0.237327 55
13879.6 2871.99 1606.8 0.851979 55
14244 2947.34 1959.51 0.742508 55
14703.5 2960.36 2362.94 0.617882 55
15474.6 2643.56 2869.29 0.376804 55
13897.9 1839.95 1043.38 0.214174 56
13862.8 2862.44 1545 0.858703 56
14239.8 2950.63 1912.86 0.744665 56
14685.7 2953.93 2295.43 0.616803 56
15092.5 2855.15 2591.62 0.497045 56
15436.8 2633.24 2770.35 0.37128 56
13869.9 2876.05 1515.85 0.863392 57
14237.1 2954.32 1868.37 0.74616 57
14669.1 2949.74 2231.67 0.615968 57
15062.6 2847.81 2510.63 0.494629 57
15398.5 2627.94 2678 0.367298 57
14350.5 2020.43 1409.48 0.230884 58
13879.2 2886.93 1487.78 0.866052 58
14271.4 2982.18 1868.37 0.743836 58
14710.7 2973.51 2231.67 0.610302 58
15459.4 2642.41 2678 0.357045 58
14313.6 2006.41 1317.05 0.209872 59
13863.2 2854.9 1409.48 0.864062 59
14251.1 2949.77 1785.34 0.738034 59
14709.1 2957.08 2171.35 0.601302 59
15098.7 2845.19 2434.55 0.475848 59
15436.3 2619.53 2591.62 0.344814 59
14323.5 2016.55 1295.81 0.206334 60
13856.3 2859.84 1385.17 0.872688 60
14233.3 2948.34 1746.52 0.744536 60
14676.6 2951.16 2114.21 0.606251 60
15118.8 2871.46 2434.55 0.479022 60
15463.2 2645.44 2591.62 0.34689 60
14332.9 2017.55 1275.24 0.197499 61
13869.2 2877.8 1385.17 0.876365 61
14695.9 2965.61 2114.21 0.605445 61
15412.1 2629.48 2510.63 0.344491 61
13854.7 2860.69 1295.81 0.884778 62
14221.2 2939.24 1639.59 0.747015 62
14669.4 2946.7 2008.5 0.601212 62
15087.1 2855.87 2295.43 0.469649 62
15419.5 2630.28 2434.55 0.333496 62
13848.7 2856.22 1236 0.894695 63
14212.4 2933.95 1575.3 0.750557 63
14674.6 2953.19 1959.51 0.600145 63
15082.6 2856.83 2231.67 0.465755 63
15410.6 2631.25 2362.94 0.327379 63
13848.2 2863 1217.27 0.90214 64
14204.4 2933.01 1545 0.754525 64
14653.5 2945.24 1912.86 0.601828 64
15104.5 2872.6 2231.67 0.465296 64
15437.5 2644.22 2362.94 0.325424 64
13828.1 2856.15 1147.72 0.920162 65
14213.7 2957.8 1515.85 0.763844 65
14653.5 2962.7 1868.37 0.606589 65
15040.5 2860.88 2114.21 0.467887 65
15358 2638.65 2231.67 0.325607 65
13843.5 2871.37 1115.83 0.927127 66
14213.2 2956.19 1460.73 0.765274 66
14663.3 2969.68 1825.91 0.603704 66
15091.1 2886.02 2114.21 0.461843 66
15414 2658.5 2231.67 0.317579 66
13834.1 2851.44 1071.2 0.92781 67
14217.3 2948.49 1434.64 0.760597 67
14656.1 2951.72 1785.34 0.596545 67
15070.4 2861.65 2060 0.453261 67
15447.1 2651.18 2231.67 0.306656 67
13839.4 2850.73 1030 0.935645 68
14217.1 2941.96 1385.17 0.761542 68
14665.5 2951.26 1746.52 0.592533 68
15069.3 2855.56 2008.5 0.447075 68
15437.8 2642.94 2171.35 0.298389 68
13841.9 2852.51 991.853 0.949544 69
14214.1 2938.84 1339 0.767855 69
14670.1 2954.81 1709.36 0.593802 69
15063.6 2855.09 1959.51 0.445933 69
15424.4 2641.67 2114.21 0.294978 69
13825.1 2839.49 923.449 0.977579 70
14213.7 2945.79 1295.81 0.782522 70
14647.2 2947.35 1639.59 0.601522 70
15060.1 2860.36 1912.86 0.448734 70
15412.1 2645.82 2060 0.294825 70
13831.8 2842.23 882.858 0.994784 71
14206.7 2931.29 1236 0.788631 71
14659.5 2946.06 1606.8 0.600053 71
15100.9 2868.19 1912.86 0.442871 71
15398.2 2631.93 2008.5 0.287088 71
14223 2943.12 1199.11 0.801415 72
14678.9 2958.72 1575.3 0.605382 72
15106 2873.23 1868.37 0.444262 72
15445.4 2649.05 2008.5 0.284652 72
14200 2937.87 1115.83 0.83608 73
14646.9 2953.81 1487.78 0.625762 73
15071.5 2873.51 1785.34 0.456363 73
15438 2662.62 1959.51 0.290597 73
14189.9 2925.04 1071.2 0.849085 74
14647.4 2950.09 1460.73 0.630998 74
15093.5 2877.82 1785.34 0.456895 74
15408.7 2648.73 1912.86 0.289371 74
14183.1 2934.02 1016.96 0.887698 75
14657.4 2978.83 1434.64 0.657294 75
15087.6 2900.05 1746.52 0.476511 75
15435.1 2683.9 1912.86 0.304115 75
14184.3 2923.3 945.178 0.907479 76
14651.7 2957.7 1361.7 0.660478 76
15070.2 2872.09 1673.75 0.471711 76
15660.7 2366.17 1912.86 0.130479 76
15429.3 2658.75 1868.37 0.292661 76
14652.6 2934.19 1295.81 0.657396 77
15092.8 2855.76 1639.59 0.460439 77
15652 2335.68 1868.37 0.111197 77
15435 2631.23 1825.91 0.276516 77
14647.7 2950.17 1275.24 0.673923 78
15076.2 2867.56 1606.8 0.472339 78
15668.1 2356.41 1868.37 0.117039 78
15408.7 2644.26 1785.34 0.285534 78
14640.9 2937.96 1236 0.675285 79
15073.3 2856.72 1575.3 0.46857 79
15643.5 2342.15 1825.91 0.108279 79
15394.2 2629.55 1746.52 0.278777 79
14635 2935.08 1147.72 0.693959 80
15062.9 2853.92 1487.78 0.473582 80
15669 2345.95 1785.34 0.09756 80
15427.4 2639.45 1709.36 0.273847 80
14630.2 2925.95 1085.68 0.70396 81
15063.6 2845.4 1434.64 0.471497 81
15635.6 2331.26 1709.36 0.0842614 81
15407.5 2623.46 1639.59 0.265012 81
14640.5 2935.4 1043.38 0.715855 82
15066.1 2848.69 1385.17 0.473213 82
15645.9 2334.85 1673.75 0.0752759 82
15391.8 2622.68 1575.3 0.260875 82
14626.8 2919.19 979.757 0.724707 83
15065 2842.02 1339 0.471249 83
15404.2 2618.57 1545 0.252648 83
15690.2 2328.14 1673.75 0.0625087 83
14633.9 2926.09 934.187 0.742736 84
15055.9 2836.91 1275.24 0.474599 84
15637.3 2323.87 1575.3 0.0525236 84
15399.3 2615.02 1487.78 0.246934 84
14622.8 2915.2 854.682 0.762226 85
15045.6 2824.66 1199.11 0.472088 85
15382.7 2600.8 1409.48 0.233139 85
15636.6 2309.45 1515.85 0.0310577 85
14630.9 2921.21 795.447 0.786801 86
15060.4 2832.78 1147.72 0.475889 86
15646.2 2314.65 1460.73 0.0186654 86
15401.1 2607.16 1361.7 0.226065 86
15052.4 2828.37 1085.68 0.477219 87
15387.2 2601.03 1295.81 0.215796 87
15036.6 2820.13 1043.38 0.478017 88
15391.2 2598.83 1275.24 0.209619 88
15047.4 2826.88 1004.25 0.480319 89
15382.4 2600.82 1217.27 0.203031 89
15023.5 2820.29 934.187 0.483303 90
15375.1 2598.05 1164.35 0.19025 90
15036.1 2825.15 923.449 0.48218 91
15365.6 2598.56 1131.55 0.186723 91
15036.7 2821.4 863.872 0.48395 92
15381.9 2597.17 1085.68 0.172689 92
15026.2 2815.62 803.401 0.487987 93
15362.5 2590.12 1016.96 0.159209 93
15022.9 2814.88 772.501 0.490901 94
15024.2 2816.01 730.365 0.494459 95
15361.4 2591.14 945.178 0.141575 95
15012.7 2810.09 663.968 0.498556 96
15352.4 2585.81 882.858 0.121218 96
15018.7 2807.97 622.791 0.502536 97
15006.4 2801 557.917 0.52164 98
15354.2 2578.12 787.648 0.0927648 98
15006.5 2801.42 511.72 0.544442 99
15362.5 2581.2 750.842 0.0868326 99
15027.1 2797.36 481.078 0.547589 100
15375.3 2572.68 717.322 0.0680348 100
15361.3 2571.97 653.172 0.0736306 101
15370.4 2561.79 618.001 0.0714403 102
15356.2 2560.78 561.819 0.0901976 103
15381.6 2552.21 539.195 0.0985412 104
