# x y d a f
12045 1637.16 7303.65 -0.236207 377
14810.9 4630.67 10042.5 0.120253 378
13663.2 1208.47 8926.68 -0.241011 378
13637.4 1559.07 8926.68 -0.204442 379
16239.2 4766.68 11477.2 0.116566 379
14743.3 911.14 10042.5 -0.244017 379
13649.7 1330 8926.68 -0.228549 380
13648.9 985.552 8926.68 -0.264678 380
12734.4 1522.72 8034.01 -0.230816 381
12697.1 1429.55 8034.01 -0.24244 382
12696.8 1753.49 8034.01 -0.204098 383
14755 4455.3 10042.5 0.101154 384
14761.6 4654.04 10042.5 0.120206 385
13600.8 1240.84 8926.68 -0.240253 385
14746.3 4796.33 10042.5 0.133992 386
13638 1549.67 8926.68 -0.206644 387
12689.9 1425.62 8034.01 -0.243909 388
14693.6 4714.88 10042.5 0.124558 389
12685.7 1169.21 8034.01 -0.276243 390
13592.9 1264.56 8926.68 -0.239923 391
14771.8 4679.55 10042.5 0.120434 392
13612.6 1267.77 8926.68 -0.23984 392
12718.8 1174.84 8034.01 -0.275989 392
13615.2 1269.95 8926.68 -0.239746 393
12721.2 1170.14 8034.01 -0.276683 393
12721 1173.1 8034.01 -0.276406 394
12724 1494.38 8034.01 -0.239072 395
12720 1175.51 8034.01 -0.276195 395
14772.1 4680.67 10042.5 0.120264 396
13612.9 1268.44 8926.68 -0.240071 396
12719.1 1172.79 8034.01 -0.276556 396
13610.6 1271.51 8926.68 -0.239833 397
12728.1 1846.65 8034.01 -0.197408 398
13615.5 1294.95 8926.68 -0.237246 398
12722.2 1821.29 8034.01 -0.200603 399
14767 4683.09 10042.5 0.120329 399
13608.2 1274.24 8926.68 -0.239638 399
14763.9 4487.68 10042.5 0.101235 400
14765.8 4684.92 10042.5 0.120441 401
13607 1273.95 8926.68 -0.239743 401
12713.2 1181.48 8034.01 -0.27583 401
14762.4 4711.87 10042.5 0.123088 402
13612.5 1297.52 8926.68 -0.23713 402
14765.6 4681.96 10042.5 0.120101 403
13606.5 1273.63 8926.68 -0.239835 403
12725.2 1850.72 8034.01 -0.197163 404
14762.2 4715.71 10042.5 0.123406 404
12719.1 1203.14 8034.01 -0.273229 404
12720.8 1826.8 8034.01 -0.200133 405
14765.6 4685.72 10042.5 0.120432 405
13606.8 1273.33 8926.68 -0.239901 405
13606.8 1275.03 8926.68 -0.239743 406
14760.4 4518.77 10042.5 0.104144 408
13612.6 1299.6 8926.68 -0.237021 408
14762.4 4714.8 10042.5 0.123266 409
13612.8 1299.99 8926.68 -0.236982 409
12719.2 1195.59 8034.01 -0.274163 409
13612.9 1299.66 8926.68 -0.237035 410
12725.5 1850.49 8034.01 -0.19728 411
12722.4 1521.84 8034.01 -0.236214 411
12719.3 1201.3 8034.01 -0.273529 411
12725.4 1845.28 8034.01 -0.197908 412
14762.5 4714.26 10042.5 0.123188 412
13612.9 1298.15 8926.68 -0.237204 412
12719.3 1200.85 8034.01 -0.273586 412
14762.5 4713.72 10042.5 0.123128 413
13612.9 1300.25 8926.68 -0.236991 413
14762.5 4715.52 10042.5 0.123295 415
13612.9 1299.36 8926.68 -0.237093 415
12719.4 1204.49 8034.01 -0.273183 415
13612.9 1299.31 8926.68 -0.237101 416
14757.1 4456 10042.5 0.0982523 417
12696.1 1144.9 8034.01 -0.280054 417
13590.3 1242.61 8926.68 -0.243023 417
12698.8 1792.53 8034.01 -0.203603 418
13582.9 1240.17 8926.68 -0.242926 418
14747.9 4645.1 10042.5 0.117334 419
13577.6 1235.89 8926.68 -0.243055 419
12689.9 1787.02 8034.01 -0.20356 420
14744.3 4639.56 10042.5 0.117067 420
13574 1231.55 8926.68 -0.243218 420
12679.9 1142.19 8034.01 -0.279303 420
13570.4 1229.17 8926.68 -0.242958 421
14737 4440.37 10042.5 0.0983065 422
12675.7 1132.22 8034.01 -0.279655 422
13569.9 1226.53 8926.68 -0.243016 422
13570.2 1220.85 8926.68 -0.243234 423
12677 1121.3 8034.01 -0.280155 424
13571.3 1221 8926.68 -0.242904 424
13571.8 1217.72 8926.68 -0.243116 425
12688.2 1772.9 8034.01 -0.203341 426
13572.3 1217.09 8926.68 -0.243059 426
14743.4 4621.57 10042.5 0.117063 427
14743.8 4623.45 10042.5 0.117329 428
12679.3 1121.68 8034.01 -0.2795 428
14744 4618.81 10042.5 0.117021 429
14746.5 4685.41 10042.5 0.123352 430
13596.2 1267.05 8926.68 -0.237271 431
14753.4 4686.45 10042.5 0.123174 432
13604 1272.4 8926.68 -0.237001 432
12710.4 1174.48 8034.01 -0.273433 432
12717.2 1802.8 8034.01 -0.200094 433
14762.2 4663.49 10042.5 0.120637 433
13603.1 1250.87 8926.68 -0.239706 433
14768.3 4665.05 10042.5 0.120342 434
13608.8 1254.3 8926.68 -0.239833 434
12714.9 1157.14 8034.01 -0.276472 434
12720.2 1478.1 8034.01 -0.23934 435
12729.3 1833.1 8034.01 -0.197373 436
13616.6 1283.09 8926.68 -0.237039 436
14766.5 4700.1 10042.5 0.123275 437
13616.8 1284.57 8926.68 -0.237049 437
13609.9 1262.63 8926.68 -0.239817 438
12727.9 1838.12 8034.01 -0.197448 439
14765.2 4700.87 10042.5 0.122957 439
12724.8 1508.05 8034.01 -0.236547 439
13608.8 1265.93 8926.68 -0.23971 440
12714.9 1167.24 8034.01 -0.276513 440
14768 4676.18 10042.5 0.120404 441
13608.8 1264.83 8926.68 -0.239826 441
12714.9 1169.85 8034.01 -0.276212 441
12722.2 1817.61 8034.01 -0.200249 442
13608.1 1266.08 8926.68 -0.239804 442
12714.1 1163.19 8034.01 -0.277102 442
12726 1842.55 8034.01 -0.19737 444
13613.3 1291.6 8926.68 -0.237134 444
14762.9 4707.11 10042.5 0.123128 445
13613.3 1292.6 8926.68 -0.2371 445
14766.2 4684.5 10042.5 0.120758 446
13606.6 1268.89 8926.68 -0.239896 446
14762.5 4707.88 10042.5 0.122979 448
13612.5 1293.48 8926.68 -0.237254 448
12718.9 1195.96 8034.01 -0.273667 448
13612.7 1294.41 8926.68 -0.237197 449
13612.7 1295.91 8926.68 -0.237081 450
12720.6 1824.47 8034.01 -0.200175 451
13606.4 1271.47 8926.68 -0.239894 451
12725.2 1843.7 8034.01 -0.197842 452
14762.5 4705.51 10042.5 0.122544 452
13606.7 1272.23 8926.68 -0.239893 453
12712.7 1171.69 8034.01 -0.276927 453
12720.7 1820.35 8034.01 -0.20076 454
13606.7 1272.66 8926.68 -0.239847 454
12712.9 1177.29 8034.01 -0.27628 454
14762.5 4711.04 10042.5 0.123038 455
12719.1 1200.67 8034.01 -0.273417 455
14762.4 4713.52 10042.5 0.123262 456
13612.9 1298.75 8926.68 -0.236982 456
12719.2 1194.84 8034.01 -0.274108 456
12712.8 1172.98 8034.01 -0.276883 457
13606.8 1274.57 8926.68 -0.239742 457
14766 4677.22 10042.5 0.119608 458
13606.6 1271.88 8926.68 -0.240058 458
12720.7 1824.72 8034.01 -0.200381 459
12712.6 1171.62 8034.01 -0.277076 459
13606.6 1273.45 8926.68 -0.239892 459
12737.7 1911.65 8034.01 -0.189627 460
12725.9 1853.61 8034.01 -0.196838 461
14762.1 4712.96 10042.5 0.123118 461
14763.3 4491.27 10042.5 0.101435 462
13606.8 1275.15 8926.68 -0.239738 462
13606.5 1272.71 8926.68 -0.240011 463
12725.3 1849.87 8034.01 -0.197327 464
14762.6 4712.92 10042.5 0.123085 464
13612.7 1297.96 8926.68 -0.237198 464
13606.8 1274.81 8926.68 -0.239798 465
13612.7 1298.56 8926.68 -0.237148 466
12719.1 1200.04 8034.01 -0.273666 466
13616.3 1663.22 8926.68 -0.19826 467
14762.5 4711.96 10042.5 0.122976 467
13612.9 1299.49 8926.68 -0.23705 467
12720.9 1828.76 8034.01 -0.199976 468
14763.3 4498.57 10042.5 0.102112 468
12712.8 1172.66 8034.01 -0.277027 468
13606.6 1274.7 8926.68 -0.239841 469
13612.7 1298.93 8926.68 -0.237132 470
12719.1 1200.62 8034.01 -0.273624 470
13629.6 1371.18 8926.68 -0.229081 471
14765.6 4687.03 10042.5 0.120486 472
13607.4 1276.58 8926.68 -0.239632 472
16196.6 4666.94 11477.2 0.103938 473
12719 1194.73 8034.01 -0.274315 473
14766 4685.92 10042.5 0.120368 474
14763.4 4489.65 10042.5 0.10121 475
13606.5 1274.36 8926.68 -0.239898 475
12706.2 1797.86 8034.01 -0.203368 476
14760.3 4650.32 10042.5 0.117213 476
13590.4 1243.1 8926.68 -0.242971 476
12696.2 1149.72 8034.01 -0.279498 476
14753.2 4647.19 10042.5 0.117237 477
13582.9 1238.98 8926.68 -0.243053 477
12688.8 1146.83 8034.01 -0.279446 477
14744.3 4639.61 10042.5 0.117071 478
13574 1232.63 8926.68 -0.243104 478
13594.1 1263.81 8926.68 -0.239879 479
12700.1 1162.39 8034.01 -0.277015 479
14758.3 4674 10042.5 0.120147 480
13598.9 1264.37 8926.68 -0.239926 480
13586.3 1235.52 8926.68 -0.242843 481
14748.2 4634.01 10042.5 0.116957 482
13577.9 1228.63 8926.68 -0.243058 482
14742.9 4628.68 10042.5 0.117001 484
13572.6 1222.31 8926.68 -0.243114 484
14742.3 4624.91 10042.5 0.116788 485
13572 1220.29 8926.68 -0.243162 485
12677.9 1127.4 8034.01 -0.279649 485
13571.8 1219.92 8926.68 -0.24305 486
13572.3 1216.49 8926.68 -0.243038 487
12688.5 1771.09 8034.01 -0.203344 488
13572.6 1214.89 8926.68 -0.243104 488
12678.4 1121.6 8034.01 -0.279633 488
14743.1 4621.57 10042.5 0.117128 489
12683.7 1440.71 8034.01 -0.242381 489
12678.7 1120.73 8034.01 -0.279632 489
13573.1 1213.25 8926.68 -0.243101 490
12689.3 1768.3 8034.01 -0.203393 491
14743.6 4619.53 10042.5 0.117076 491
13573.3 1212.55 8926.68 -0.243099 491
12679.2 1120.09 8034.01 -0.279532 491
14740.5 4427.34 10042.5 0.098385 492
13573.5 1212.99 8926.68 -0.242985 492
13625.1 1401.38 8926.68 -0.223124 493
12733 1290.59 8034.01 -0.259614 493
13589.1 1241.33 8926.68 -0.241479 494
12695.6 1143.23 8034.01 -0.278911 495
13632.1 1415.71 8926.68 -0.223255 496
12738.5 1962.16 8034.01 -0.182891 497
14758.8 4661.71 10042.5 0.118181 498
13593.5 1256.54 8926.68 -0.241653 498
13591.9 1253.9 8926.68 -0.24223 499
14742.4 4800.5 10042.5 0.131244 500
13619.6 1376.28 8926.68 -0.229046 500
12726.7 1263.94 8034.01 -0.266325 500
13632.4 1433.96 8926.68 -0.222819 501
12740.3 1323.31 8034.01 -0.25926 501
13592.2 1268.01 8926.68 -0.241521 502
14758.2 4669.26 10042.5 0.117766 503
12696.4 1169.19 8034.01 -0.278745 503
14742.2 4797.23 10042.5 0.130297 504
13617.1 1374.58 8926.68 -0.22993 504
12724.3 1269.87 8034.01 -0.266418 504
14749.2 4653.44 10042.5 0.116878 505
13578.9 1248.69 8926.68 -0.243079 505
13576 1245.26 8926.68 -0.243014 506
13574 1241.03 8926.68 -0.243073 507
14743 4644.92 10042.5 0.117123 508
13572.7 1237.82 8926.68 -0.243063 508
12678.4 1137.92 8034.01 -0.280351 508
14742.3 4638.32 10042.5 0.116772 509
13571.7 1230.98 8926.68 -0.243179 510
13571.7 1229.04 8926.68 -0.243123 511
14742.5 4632.78 10042.5 0.117153 512
13572.2 1224.28 8926.68 -0.243176 512
12678 1132.37 8034.01 -0.279552 512
14742.9 4634.43 10042.5 0.117493 513
13572.5 1223.65 8926.68 -0.243049 513
14743.1 4627.74 10042.5 0.117003 514
13572.8 1221.38 8926.68 -0.243113 514
12689 1777.98 8034.01 -0.203128 515
13573.1 1220.91 8926.68 -0.243004 515
14740.3 4432.47 10042.5 0.0982268 516
13573.3 1219.62 8926.68 -0.242998 516
14743.9 4621.62 10042.5 0.116913 517
13573.7 1216.29 8926.68 -0.243101 517
14744 4621.12 10042.5 0.116962 518
13573.8 1214.8 8926.68 -0.243152 518
12679.6 1122.42 8034.01 -0.279581 518
14744.1 4624.85 10042.5 0.117414 519
13573.9 1215.45 8926.68 -0.242988 519
12679.6 1115.86 8034.01 -0.280233 519
13573.9 1214.44 8926.68 -0.242929 520
14740.8 4418.83 10042.5 0.0975275 521
12679.8 1119.74 8034.01 -0.279527 521
14744.1 4616.88 10042.5 0.116968 522
12689.8 1766.88 8034.01 -0.203318 523
14744.2 4620.4 10042.5 0.11736 523
13573.9 1211.2 8926.68 -0.243025 523
12679.6 1112.49 8034.01 -0.280172 523
14740.8 4419.63 10042.5 0.0978516 524
12689.7 1764.87 8034.01 -0.203371 525
12679.6 1111.35 8034.01 -0.280124 525
13573.8 1209.54 8926.68 -0.243036 525
14744 4613.09 10042.5 0.116856 526
12689.7 1765.4 8034.01 -0.20321 527
14744.1 4619.63 10042.5 0.117517 527
13573.8 1208.72 8926.68 -0.243036 527
12684.7 1435.08 8034.01 -0.242318 528
14744 4613.7 10042.5 0.116981 529
13573.8 1207.22 8926.68 -0.243149 529
14744.1 4620.15 10042.5 0.117627 530
13573.8 1208.22 8926.68 -0.243024 530
13573.8 1206.37 8926.68 -0.243202 531
12689.7 1764.06 8034.01 -0.203228 532
13573.8 1207.89 8926.68 -0.242997 532
14744 4615.72 10042.5 0.117263 533
13573.8 1207.42 8926.68 -0.243036 533
12679.7 1114.83 8034.01 -0.279477 533
12689.7 1763.01 8034.01 -0.203317 534
14744 4616.05 10042.5 0.117314 534
13573.8 1207.73 8926.68 -0.242983 534
13573.8 1206.07 8926.68 -0.243149 535
12679.6 1109.66 8034.01 -0.280026 536
14744 4613.91 10042.5 0.117138 537
13573.8 1205.32 8926.68 -0.243202 537
12679.7 1115.17 8034.01 -0.279376 537
12689.7 1762.08 8034.01 -0.203381 538
12679.6 1113 8034.01 -0.279621 538
13573.8 1207.29 8926.68 -0.242983 539
13573.8 1207.18 8926.68 -0.242983 540
12679.6 1112.71 8034.01 -0.279636 540
12689.7 1762.37 8034.01 -0.203321 541
14744 4614.93 10042.5 0.117263 541
13573.8 1207.12 8926.68 -0.242983 541
12679.7 1116.14 8034.01 -0.279231 542
12689.7 1762.81 8034.01 -0.203263 543
14744.1 4617.01 10042.5 0.11747 543
13573.8 1206.58 8926.68 -0.243036 543
13573.8 1206.02 8926.68 -0.243092 544
12679.6 1112.58 8034.01 -0.279636 544
12696.1 1773.82 8034.01 -0.202633 545
13580.7 1219.2 8926.68 -0.24229 545
12700.1 1780.48 8034.01 -0.202486 546
13584.7 1226.03 8926.68 -0.242141 546
13591 1240.25 8926.68 -0.241599 547
12706.3 1794.26 8034.01 -0.202452 548
12696.6 1139.48 8034.01 -0.279354 548
13590.9 1239.78 8926.68 -0.242115 548
14759.5 4657.89 10042.5 0.118356 549
13591.8 1245.49 8926.68 -0.242252 549
13584.9 1233.75 8926.68 -0.243217 550
12690.8 1141.46 8034.01 -0.279641 550
12700 1796.09 8034.01 -0.202805 551
12690.5 1147.67 8034.01 -0.27896 551
14745.1 4635.11 10042.5 0.117091 552
12685.8 1456.6 8034.01 -0.242149 552
13572.9 1225.01 8926.68 -0.242989 553
14742.7 4626.31 10042.5 0.116792 554
13572.5 1222.27 8926.68 -0.243097 554
13572.3 1221.69 8926.68 -0.242993 555
12688.3 1773.66 8034.01 -0.203554 556
14742.6 4623.31 10042.5 0.11679 556
12678.2 1126.77 8034.01 -0.279535 556
13572.5 1218.44 8926.68 -0.24305 557
14743 4626.62 10042.5 0.117351 558
13572.7 1216.82 8926.68 -0.243098 558
12689 1767.84 8034.01 -0.203716 559
13573.1 1215.34 8926.68 -0.243043 559
14743.8 4625.79 10042.5 0.117626 560
13573.5 1214.22 8926.68 -0.242988 560
12689.4 1763.47 8034.01 -0.203959 561
13573.6 1211.95 8926.68 -0.243153 561
12679.4 1118.22 8034.01 -0.279737 561
13573.7 1213.39 8926.68 -0.242933 562
13573.8 1211.71 8926.68 -0.243049 563
12689.8 1763.88 8034.01 -0.203595 564
13573.9 1210.95 8926.68 -0.24298 564
12689.8 1765.02 8034.01 -0.203371 565
14740.8 4422.97 10042.5 0.0982329 565
12679.6 1111.49 8034.01 -0.280124 565
13573.9 1209.64 8926.68 -0.24304 565
12689.8 1766.92 8034.01 -0.203106 566
14744.1 4614.66 10042.5 0.116969 566
13573.9 1208.33 8926.68 -0.243145 566
12679.7 1115.88 8034.01 -0.279581 566
13573.9 1209.29 8926.68 -0.242987 567
12679.5 1109.35 8034.01 -0.28022 568
13573.8 1208.38 8926.68 -0.243036 568
14744.1 4614.47 10042.5 0.117083 569
13573.8 1206.98 8926.68 -0.243145 569
12679.7 1117.55 8034.01 -0.279231 569
12679.5 1108.83 8034.01 -0.28022 570
13573.8 1208.36 8926.68 -0.242983 570
12689.7 1761.6 8034.01 -0.203543 571
14744 4614.73 10042.5 0.11715 572
13573.8 1207.16 8926.68 -0.243081 572
12679.6 1113.75 8034.01 -0.279621 572
12689.7 1764.09 8034.01 -0.203217 573
14744.1 4616.66 10042.5 0.117349 573
13573.8 1208.01 8926.68 -0.242979 573
12679.6 1110.12 8034.01 -0.280026 573
12704.2 1791.97 8034.01 -0.201762 574
14754.2 4647.08 10042.5 0.11876 574
13589.1 1237.56 8926.68 -0.241482 574
13590.8 1238.73 8926.68 -0.242286 575
13591.6 1243.64 8926.68 -0.242148 576
12697.5 1149.35 8034.01 -0.278695 576
14758.7 4665.88 10042.5 0.11881 577
13593.4 1255.92 8926.68 -0.241477 577
14734.5 4853.44 10042.5 0.136881 578
13631.9 1425.03 8926.68 -0.223181 578
13592.7 1261.96 8926.68 -0.241612 579
12706.4 1814.13 8034.01 -0.202437 580
14758.5 4663.16 10042.5 0.117628 580
13590.9 1257.06 8926.68 -0.242376 580
12696.8 1161.25 8034.01 -0.27912 580
13630.9 1431.68 8926.68 -0.223282 581
12697.7 1175.1 8034.01 -0.278039 582
14757.5 4668.36 10042.5 0.117409 583
13589.9 1265.08 8926.68 -0.242315 583
12695.7 1167.08 8034.01 -0.279432 584
13589.9 1267.7 8926.68 -0.242153 584
13589.8 1268.31 8926.68 -0.242287 585
13584.5 912.023 8926.68 -0.279624 585
14757.2 4676.61 10042.5 0.117846 586
13589.8 1270.7 8926.68 -0.24212 586
14757.3 4678.31 10042.5 0.11794 587
12004.4 2118.88 7303.65 -0.183174 588
14732.7 4871.36 10042.5 0.136878 588
13630.3 1442.41 8926.68 -0.223238 588
12738.2 1333.01 8034.01 -0.259578 588
13591.3 1278.08 8926.68 -0.241622 589
12705.3 1828.24 8034.01 -0.202506 590
16191 4621.36 11477.2 0.0982876 590
13589.9 1274.18 8926.68 -0.242119 590
12695.6 1173.01 8034.01 -0.279457 590
12694.9 1809.81 8034.01 -0.203455 591
13578.9 1254.5 8926.68 -0.243108 591
13574.1 1246.77 8926.68 -0.242994 592
12679.8 1147.19 8034.01 -0.280239 592
13572.9 1242.33 8926.68 -0.243063 593
13567.3 887.587 8926.68 -0.280241 593
12688 1790.7 8034.01 -0.203823 594
14742.4 4640.75 10042.5 0.11661 594
13572.2 1237.91 8926.68 -0.243167 594
13571.9 1234.82 8926.68 -0.243164 595
14742.2 4638.33 10042.5 0.116953 596
13572 1229.32 8926.68 -0.243177 597
12677.8 1135.07 8034.01 -0.279824 597
13572.3 1228.59 8926.68 -0.24301 598
12678.8 1123.14 8034.01 -0.280277 599
13573.1 1223.01 8926.68 -0.242998 599
13573.5 1220.07 8926.68 -0.242995 600
13573.7 1218.22 8926.68 -0.243056 601
12689.7 1771.31 8034.01 -0.203525 602
12679.5 1117.38 8034.01 -0.280321 602
13573.9 1216.07 8926.68 -0.243052 603
12679.7 1121.37 8034.01 -0.279739 603
13573.9 1215.25 8926.68 -0.24304 604
12679.8 1124.92 8034.01 -0.279221 604
12689.8 1767.14 8034.01 -0.203686 605
12679.8 1120.09 8034.01 -0.27968 605
13573.9 1212.96 8926.68 -0.243037 606
12689.7 1763.44 8034.01 -0.203748 607
13573.9 1210.83 8926.68 -0.243082 607
12689.7 1757.99 8034.01 -0.204246 608
13573.9 1210.53 8926.68 -0.242979 608
12679.5 1109.27 8034.01 -0.280417 608
12679.7 1116.96 8034.01 -0.279487 609
13573.8 1208.8 8926.68 -0.243092 610
13573.8 1208.09 8926.68 -0.243138 611
14744 4613.99 10042.5 0.117126 619
12679.6 1110.04 8034.01 -0.279971 621
14744 4615.16 10042.5 0.117263 622
12679.5 1109.15 8034.01 -0.280068 622
12679.6 1109.94 8034.01 -0.279971 624
12679.5 1106.94 8034.01 -0.280313 625
12689.6 1758.42 8034.01 -0.203805 626
12679.6 1112.89 8034.01 -0.279621 626
12679.5 1106.93 8034.01 -0.280307 627
13573.8 1206.69 8926.68 -0.243036 627
12689.6 1757.07 8034.01 -0.203958 628
12689.7 1761.97 8034.01 -0.203371 629
14744 4614.94 10042.5 0.117263 629
13573.8 1207.67 8926.68 -0.242926 629
12679.5 1106.45 8034.01 -0.280354 629
13573.8 1205.53 8926.68 -0.243149 630
13573.8 1206.59 8926.68 -0.243035 631
12679.5 1107.98 8034.01 -0.280171 631
13573.8 1207.6 8926.68 -0.242926 632
12679.5 1106.8 8034.01 -0.280307 632
12689.6 1756.99 8034.01 -0.203955 633
14744 4613.56 10042.5 0.117138 633
12679.7 1114.34 8034.01 -0.279432 633
12689.6 1758.67 8034.01 -0.203751 634
12679.6 1109.66 8034.01 -0.279971 634
14748.1 4625.61 10042.5 0.11774 635
13580.7 1220.21 8926.68 -0.242181 635
12686.4 1118.77 8034.01 -0.279557 635
12703 1786.71 8034.01 -0.202329 636
14754.9 4633.82 10042.5 0.117529 636
13587.5 1229.37 8926.68 -0.242307 636
13591.5 1241.86 8926.68 -0.242279 637
14759.3 4656.95 10042.5 0.118268 638
13591.8 1246.66 8926.68 -0.242124 638
12697.5 1146 8034.01 -0.279405 638
13575.5 1227.5 8926.68 -0.243085 640
14742.7 4631.11 10042.5 0.117302 642
13572.4 1221.33 8926.68 -0.243149 642
16180 4800.68 11477.2 0.117446 643
13572.1 1220.43 8926.68 -0.243084 643
12677.8 1118.32 8034.01 -0.280471 644
12678.1 1124.2 8034.01 -0.279645 645
13573 1215.6 8926.68 -0.24299 647
13573.4 1214.02 8926.68 -0.242988 648
12679.1 1112.79 8034.01 -0.280422 648
13573.7 1211.69 8926.68 -0.243096 649
12679.5 1118.8 8034.01 -0.279577 649
13573.8 1210.63 8926.68 -0.243094 651
13573.9 1209.56 8926.68 -0.24304 653
13573.9 1208.47 8926.68 -0.243093 655
12679.5 1107.86 8034.01 -0.280466 655
12679.5 1108.98 8034.01 -0.280217 657
13573.8 1205.85 8926.68 -0.243243 658
13573.8 1208.22 8926.68 -0.242979 659
12679.5 1107.67 8034.01 -0.280307 660
12679.6 1114.65 8034.01 -0.279421 668
13573.8 1206.68 8926.68 -0.243039 670
12679.6 1112.82 8034.01 -0.279621 671
12679.6 1109.76 8034.01 -0.279971 672
13573.8 1205.57 8926.68 -0.243145 673
13573.8 1206.54 8926.68 -0.243039 674
12679.6 1110.59 8034.01 -0.279867 675
12679.4 1105.91 8034.01 -0.280406 676
15388.2 4069.67 10042.5 0.0513157 690
14789.6 1135.51 8926.68 -0.265662 694
14059.8 4651.65 8034.01 0.126195 696
14067.1 4360.91 8034.01 0.0904684 696
14944.4 4988.05 8926.68 0.150777 696
13327.5 4721.12 7303.65 0.147939 697
14223.5 4739.78 8034.01 0.136889 698
14286.4 4660.22 8034.01 0.126784 700
13269.4 1429.53 6695.01 -0.310356 701
12766.5 1237.88 6180.01 -0.359436 701
14383.1 4705.83 8034.01 0.131056 701
12841.4 1298.19 6180.01 -0.349005 702
14385.1 4807.18 8034.01 0.143197 702
13379.2 1558.27 6695.01 -0.293383 703
12880.7 1351.82 6180.01 -0.343206 703
15311.3 4984.82 8926.68 0.147747 703
15311 4977.31 8926.68 0.146711 704
12869.8 1349.52 6180.01 -0.344137 704
13794.6 3601.39 7303.65 -0.00847712 705
15311.5 4939.27 8926.68 0.142308 705
13366.9 1477.24 6695.01 -0.30427 706
13402.3 1072.29 6695.01 -0.354652 706
14134.5 4548.51 7303.65 0.102062 714
14437.9 3689.9 5356.01 -0.374101 746
15264.2 3877.38 6180.01 -0.300712 746
15774.9 3519.76 6695.01 -0.327539 746
14546.4 4005.75 5356.01 -0.317908 747
15059.2 4248.91 5738.58 -0.25349 748
15026 3619.85 5738.58 -0.355467 748
14172.4 4473.47 4725.89 -0.255109 749
13986.6 4621.34 4463.34 -0.235206 750
13475.3 4682.05 3825.72 -0.257303 751
13132.5 4454.93 3493.05 -0.340228 751
13455.9 4234.05 3825.72 -0.364779 751
13097 4476.65 3347.5 -0.345112 752
13565.2 4201.73 3825.72 -0.369581 752
14189.5 4404.38 10042.5 0.386011 955
13642.5 3989.62 8034.01 0.367616 1036
16852.4 637.465 8034.01 -0.182178 1079
16524.6 1290.78 7303.65 -0.100439 1080
15102.8 971.81 6180.01 -0.171064 1080
15210.5 896.606 6180.01 -0.171063 1081
14874.4 963.554 5738.58 -0.162589 1082
15429 795.712 6180.01 -0.167638 1083
15027.5 1324.61 5356.01 -0.076097 1084
14150.6 1016.43 4725.89 -0.150043 1084
14424 1349.51 4725.89 -0.0730864 1085
13708.3 1063.42 4228.43 -0.147511 1085
12436.3 1225.7 2869.29 -0.136685 1086
12435.6 1441.23 2770.35 -0.0671092 1087
12134.9 1246.32 2591.62 -0.144079 1087
12211.7 1235.89 2591.62 -0.134521 1088
12125.1 1258.43 2362.94 -0.113846 1089
12045.1 1245.46 2295.43 -0.122792 1090
13050.6 1397.62 3090 -0.0357709 1091
12605.4 1169.67 2770.35 -0.118799 1091
13574.3 1414.23 3493.05 -0.0200147 1092
13030.1 1149.03 3090 -0.104508 1092
13551.5 1114.64 3493.05 -0.0940908 1093
14662 973.977 4463.34 -0.0964146 1094
12599.7 1022.98 912.956 0.118614 1112
12728.8 1011.32 873.262 0.0927771 1113
13078.5 1231.12 1217.27 0.235465 1113
13383.5 1479.03 1515.85 0.337127 1113
12783.8 1017.7 854.682 0.0894158 1114
13168.1 1251.97 1236 0.239905 1114
13542.3 1532.84 1606.8 0.34414 1114
12910.7 1041.06 811.516 0.0930841 1115
13369.9 1315.97 1275.24 0.263055 1115
13835.4 1658.04 1746.52 0.37249 1115
12955.1 1058.39 692.587 0.100834 1116
13637.9 1426.36 1385.17 0.301703 1116
12955.6 1066.7 525.099 0.131273 1117
13587.3 1432.26 1164.35 0.351072 1117
