# x y d a f
14582.3 1954.33 4725.89 -0.685974 239
14142.7 2274.93 3213.6 -0.634522 246
13226 1529.52 3347.5 -0.977798 246
13590.7 1860.89 10042.5 -0.17344 390
12701.3 3028.85 8926.68 -0.0573955 392
12832.8 2844.08 8926.68 -0.0723881 394
12012.1 1436.7 8034.01 -0.249727 398
12938.6 1189.35 8926.68 -0.251661 399
12969.2 1121.02 8926.68 -0.25905 400
13007.7 1499.9 8926.68 -0.218307 402
14300.3 2722.61 10042.5 -0.0753648 406
13150.8 1483.08 8926.68 -0.221384 407
13148.2 1482.58 8926.68 -0.22172 408
13135.3 1125.48 8926.68 -0.259877 408
14301.8 2729.23 10042.5 -0.0759329 409
13142.8 1498.49 8926.68 -0.220424 409
13133.3 1480.05 8926.68 -0.222714 410
13120.1 1123.86 8926.68 -0.260778 410
13129 1478.11 8926.68 -0.2231 411
13125.7 1481.81 8926.68 -0.222857 412
13112.5 1125.23 8926.68 -0.260961 412
12235.1 1690.58 8034.01 -0.222186 413
13116.8 1488.52 8926.68 -0.222764 415
13103.7 1133.83 8926.68 -0.260666 415
13104.3 1487.51 8926.68 -0.22218 416
13091.4 1132.77 8926.68 -0.260086 416
13095.5 1480.76 8926.68 -0.222102 417
13089.3 1472.03 8926.68 -0.222597 420
13099 1485.7 8926.68 -0.22085 421
13144.7 1455.98 8926.68 -0.223163 424
13142.1 1466.64 8926.68 -0.22182 426
13139.2 1470.38 8926.68 -0.221321 427
14309.2 2688.92 10042.5 -0.0775838 428
13136.9 1456.87 8926.68 -0.222745 428
14293.8 2690.58 10042.5 -0.0778756 429
14297.5 2672.97 10042.5 -0.0794762 430
13123.5 1444.58 8926.68 -0.224466 430
13137.2 1578.62 8926.68 -0.209944 431
14296.9 2684.02 10042.5 -0.0784957 432
13123.2 1452.34 8926.68 -0.223738 432
13132.2 1449.75 8926.68 -0.223706 434
14293.7 2691.32 10042.5 -0.0779136 435
13121 1459.94 8926.68 -0.223043 435
13130.9 1581.18 8926.68 -0.21004 436
13120.7 1453.7 8926.68 -0.223887 437
13143.8 1578.51 8926.68 -0.209889 441
13130.7 1449.44 8926.68 -0.223845 443
14310.8 2705.95 10042.5 -0.0759009 445
13123.4 1464.15 8926.68 -0.222442 446
13125.3 1449.43 8926.68 -0.223928 447
14306 2679.87 10042.5 -0.0785432 448
13132.5 1448.33 8926.68 -0.223767 448
13141.6 1575.99 8926.68 -0.210014 449
13119.7 1449.88 8926.68 -0.224003 450
14327.3 2727.68 10042.5 -0.0748694 451
14338.9 2731.02 10042.5 -0.07528 453
13170 1497.61 8926.68 -0.220281 453
13170 1498.73 8926.68 -0.220332 454
13160.4 1586.18 8926.68 -0.210801 455
14308.4 2731.71 10042.5 -0.0763733 456
13137.4 1497.35 8926.68 -0.221631 456
13139.3 1507.59 8926.68 -0.220844 457
13131.8 1090.03 8926.68 -0.268028 461
13183.2 1528.64 8926.68 -0.220584 462
13163.7 1451.21 8926.68 -0.229534 463
13162.5 1449.04 8926.68 -0.229924 464
13173.6 1499.47 8926.68 -0.222812 465
13171.6 1498.57 8926.68 -0.222342 466
15774.8 2613.04 11477.2 -0.0769582 467
13167.3 1489.5 8926.68 -0.222374 467
13164.2 1479.66 8926.68 -0.222669 468
13163.6 1476.32 8926.68 -0.222375 469
13209.4 2807.24 8926.68 -0.0759385 470
13145.6 1478.46 8926.68 -0.222363 470
13149.6 1472.87 8926.68 -0.222671 471
13218 2796.19 8926.68 -0.0765549 472
13154.2 1470.63 8926.68 -0.222618 472
13162.4 1466.9 8926.68 -0.222327 473
13164 1466.28 8926.68 -0.222206 474
13232.9 2811.32 8926.68 -0.075073 475
13171.1 1486.99 8926.68 -0.220994 475
13174.8 1514.46 8926.68 -0.218816 476
13173.4 1514.56 8926.68 -0.219201 477
13172.7 1520.5 8926.68 -0.219208 478
13161 1453.62 8926.68 -0.226424 479
14291.6 1256.76 10042.5 -0.220756 480
14271.6 847.971 10042.5 -0.259838 480
13204.2 1621.43 8926.68 -0.207653 481
13195.1 1626.36 8926.68 -0.20711 482
13263.4 2819.78 8926.68 -0.0760913 484
13274.3 2858.94 8926.68 -0.0721166 485
13277.7 2865.24 8926.68 -0.071914 486
13210.5 1533.15 8926.68 -0.218897 486
14389.9 2781.54 10042.5 -0.0725035 488
14386.5 2761.55 10042.5 -0.0747758 490
14386 2773.74 10042.5 -0.0737151 491
13272 2853.6 8926.68 -0.0741686 492
14386.3 2791.17 10042.5 -0.0722427 493
13200.8 1522 8926.68 -0.221419 496
13271.8 2855.93 8926.68 -0.0742486 498
14384.6 2766.88 10042.5 -0.0749013 499
13182.6 1157.79 8926.68 -0.260679 499
14384.8 2770.3 10042.5 -0.0745891 500
13271.7 2852.35 8926.68 -0.0747391 501
