# x y d a f
12918.7 1100.9 1487.78 0.110248 37
12832.1 1074.46 1385.17 0.108028 38
12866.8 1057.1 1275.24 0.133378 40
12792 993.645 1181.47 0.09927 41
12822.3 988.73 1147.72 0.1027 42
13182.3 1243.73 1460.73 0.235222 42
14596 1756.78 2770.35 0.289229 42
12831.8 971.549 1100.55 0.0891364 43
13197.7 1228.75 1434.64 0.231362 43
14600.1 1732.32 2770.35 0.286425 43
14986.3 1210.39 3213.6 0.102932 43
12868.4 995.508 1057.11 0.0973234 44
13234.2 1260.52 1409.48 0.247481 44
14623.1 1797.51 2770.35 0.307471 44
12848.9 976.816 1004.25 0.0691184 45
13211.4 1234.73 1361.7 0.229335 45
14630.3 1760.1 2770.35 0.293178 45
15219.8 2398.44 3347.5 0.41136 45
12739.8 959.303 873.262 0.0500462 46
13062.8 1190.04 1199.11 0.218833 46
14154 1602.33 2295.43 0.286849 46
13032.1 1170.41 1131.55 0.198224 47
14049.8 1553.23 2171.35 0.275282 47
14764.6 1308.23 2869.29 0.127717 47
14441.8 2016.63 2591.62 0.396981 47
12797.6 914.534 845.685 -0.037309 48
13182.8 1173.37 1255.31 0.172955 48
14749.8 1713.78 2869.29 0.261927 48
15633 2476.15 3825.72 0.387953 48
15133.1 2663.82 3347.5 0.487121 48
12767 947.535 743.89 -0.0395529 49
13136.4 1201.94 1147.72 0.186775 49
13435.7 1492.42 1487.78 0.334375 49
14438.4 1701.19 2510.63 0.283278 49
14455.3 2690.31 2678 0.60088 49
14777 1209.38 2770.35 0.0814043 49
14776.2 2561.49 2975.56 0.511703 49
15052.5 2331.95 3213.6 0.412186 49
12771.2 978.322 663.968 -0.052909 50
13137 1231.6 1071.2 0.192482 50
13425.7 1520.06 1409.48 0.347399 50
14425.9 1747.07 2434.55 0.29651 50
14679.7 1261.71 2591.62 0.092253 50
14975.2 2359.01 3090 0.428385 50
14616.9 2528.1 2770.35 0.529778 50
12799.5 1002.1 622.791 -0.071343 51
13188.1 1261.28 1057.11 0.190212 51
13461 1552.99 1385.17 0.352984 51
14414.2 1771.13 2362.94 0.301422 51
14835.7 1308.7 2678 0.0935974 51
15136 2461.74 3213.6 0.434855 51
14747.5 2631.4 2869.29 0.538086 51
12832 1007.02 595.112 -0.111478 52
13217.1 1274.68 1030 0.178354 52
13559.4 1593.75 1434.64 0.348499 52
14686.2 1856.66 2591.62 0.296492 52
15090.1 1333.47 2869.29 0.0851006 52
14719.1 2962.72 2869.29 0.632338 52
14987.6 2777.74 3090 0.53895 52
15441.2 2601.07 3493.05 0.432594 52
13169.2 1260.99 945.178 0.164374 53
13500.4 1571.91 1339 0.346065 53
14652.5 2920.33 2770.35 0.636291 53
15011.5 2790.99 3090 0.539794 53
13190.7 1269.84 934.187 0.160447 54
13509.5 1580.89 1317.05 0.347806 54
14675.8 2943.46 2770.35 0.640104 54
15036.4 2811.77 3090 0.542441 54
15495.2 2628.71 3493.05 0.433257 54
13188.8 1273.77 892.668 0.154888 55
13469.3 1569.15 1236 0.348397 55
14549 2846.84 2591.62 0.642913 55
15154.8 2475.09 3090 0.434831 55
14869.3 2709.43 2869.29 0.543947 55
13115.8 1258.71 780.001 0.139347 56
13392.6 1532.59 1115.83 0.339608 56
14217.3 2571.68 2171.35 0.637787 56
14450.4 2432.99 2362.94 0.538221 56
13117.6 1255.05 743.89 0.121744 57
13385.2 1518.38 1071.2 0.327014 57
14972.9 1473.48 2591.62 0.118555 57
14190.8 2531.44 2114.21 0.633842 57
14686 2220.82 2510.63 0.422586 57
14415.8 2394.89 2295.43 0.533661 57
13114 1235.14 698.61 0.0805891 58
13869.7 2512.78 1785.34 0.722994 58
14167.3 2475.07 2060 0.622023 58
15037 1712.21 2678 0.197975 58
14443.4 2371.65 2295.43 0.520229 58
14649 2166.61 2434.55 0.408053 58
13165.7 1259.53 692.587 0.0682733 59
13430.7 1531.4 1030 0.304962 59
13953.6 2612.33 1868.37 0.735509 59
14232.8 2552.54 2114.21 0.633413 59
14527.5 2455.43 2362.94 0.530753 59
14826.8 2281.08 2591.62 0.416725 59
13148.6 1230.07 642.721 0.012081 60
13424.8 1499.08 991.853 0.269478 60
14591.2 1239.07 2008.5 0.00819796 60
13978.2 2577.59 1868.37 0.715895 60
14309.5 2547.22 2171.35 0.611629 60
14622.9 2446.86 2434.55 0.507485 60
14863 2234.27 2591.62 0.392912 60
13676.5 1667.27 1255.31 0.334509 61
14263 1511.65 1746.52 0.148916 61
13873.9 2520.31 1746.52 0.730528 61
14168.3 2485.1 2008.5 0.625717 61
14392 2357.8 2171.35 0.521308 61
14598.9 2166.08 2295.43 0.406297 61
13473.3 1516.74 945.178 0.234651 62
13783.7 2674.92 1709.36 0.821605 62
14677.2 1565.11 2060 0.129002 62
14091.8 2720.59 2008.5 0.73126 62
14484.3 2714.77 2362.94 0.622673 62
14793.1 2589.64 2591.62 0.516206 62
15087.7 2375.25 2770.35 0.398297 62
13537.1 1474.49 956.43 0.164933 63
13968.3 1681.35 1434.64 0.25325 63
13910.9 2718.63 1825.91 0.789162 63
14266.7 2774.29 2171.35 0.696075 63
14730.6 2776.16 2591.62 0.584906 63
15100.7 2643.06 2869.29 0.476741 63
15458.2 2403.1 3090 0.356723 63
13526.2 1511.92 923.449 0.181945 64
13857.3 2743.86 1785.34 0.816012 64
14242.6 2839.59 2171.35 0.721874 64
16100.4 1524.9 3213.6 0.0550773 64
14707.8 2855.9 2591.62 0.610867 64
15453.3 2502.24 3090 0.381478 64
15085.2 2731.98 2869.29 0.501739 64
13878.6 2744.71 1785.34 0.807908 65
14223.5 2800.49 2114.21 0.712473 65
14673.3 2805.87 2510.63 0.59948 65
15126.5 2726.94 2869.29 0.489334 65
15507.4 2493.46 3090 0.367506 65
13859.6 2744.77 1746.52 0.812998 66
14233.9 2830.97 2114.21 0.716467 66
14686 2839.17 2510.63 0.603073 66
15055 2717.36 2770.35 0.493095 66
15529.9 2531.13 3090 0.370321 66
13399.2 2592.45 1255.31 0.971773 67
13953.6 1720.63 1275.24 0.224436 67
13879.2 2748.79 1746.52 0.805066 67
14258 2833.7 2114.21 0.707166 67
14718.2 2840.14 2510.63 0.592146 67
15097.2 2717.33 2770.35 0.481018 67
15476.6 2489 2975.56 0.357997 67
13372.6 2590.62 1199.11 0.984798 68
13864.5 2773.33 1709.36 0.812726 68
14232.4 2854.15 2060 0.712986 68
15051.1 2743.01 2678 0.485143 68
15532.3 2559.6 2975.56 0.360378 68
13372.1 2622.13 1199.11 0.996707 69
13838.5 2784.12 1673.75 0.823506 69
14232.7 2895.12 2060 0.722641 69
14682 2907.49 2434.55 0.606494 69
15059.1 2794.66 2678 0.494259 69
15445.1 2578.46 2869.29 0.369767 69
13343.8 2566.22 1115.83 0.993393 70
13849.4 2764.79 1639.59 0.8082 70
14200.8 2829.42 1959.51 0.703986 70
15733.7 2300.63 2869.29 0.247189 70
15055.9 2742.23 2591.62 0.470617 70
15444.4 2521.83 2770.35 0.344017 70
13320.3 2564.15 1057.11 1.0134 71
13823.3 2761.3 1575.3 0.815952 71
14189.9 2839.71 1912.86 0.707166 71
14658.8 2859.83 2295.43 0.583834 71
15800.5 2325.93 2869.29 0.240892 71
15024.1 2740.54 2510.63 0.468225 71
15499.9 2551.51 2770.35 0.338874 71
13327 2603.79 1004.25 1.03335 72
13823.4 2800.09 1515.85 0.826372 72
14200.3 2890.9 1868.37 0.713804 72
14652.3 2903.57 2231.67 0.588326 72
15753.8 2373 2770.35 0.241218 72
15075.7 2816.08 2510.63 0.470135 72
15462.5 2594.48 2678 0.340264 72
13334.3 2625.13 979.757 1.04317 73
13829.1 2817.42 1487.78 0.82937 73
14194.8 2898.87 1825.91 0.714757 73
14682.4 2934.51 2231.67 0.58651 73
15789.4 2395 2770.35 0.236744 73
15036.5 2811.57 2434.55 0.468432 73
13350.6 2668.13 945.178 1.06008 74
13833.4 2845.23 1434.64 0.836096 74
14208 2935.35 1785.34 0.717408 74
14678.4 2960.25 2171.35 0.586609 74
15845 2440.08 2770.35 0.231662 74
15086.9 2864.94 2434.55 0.465724 74
15550 2667.71 2678 0.33213 74
13805.2 2850.61 1385.17 0.851027 75
14187.3 2947.66 1746.52 0.726639 75
14641.8 2961.66 2114.21 0.59181 75
15761.8 2437.98 2678 0.230822 75
15478.7 2661.85 2591.62 0.332336 75
15034.6 2861.24 2362.94 0.468423 75
13795.8 2864.6 1317.05 0.864831 76
14172.3 2957.35 1673.75 0.733642 76
14638.5 2979.93 2060 0.593346 76
15800.5 2462.19 2678 0.223875 76
15015.5 2870.12 2295.43 0.466321 76
15437.7 2666.48 2510.63 0.327899 76
13781.8 2872.61 1275.24 0.880031 77
14162.9 2970.2 1639.59 0.743265 77
14612.9 2982.47 2008.5 0.599305 77
15724.3 2461.53 2591.62 0.224042 77
15456.6 2686.9 2510.63 0.328113 77
15034.2 2895.7 2295.43 0.468905 77
13776.2 2910.69 1199.11 0.91896 78
14161.7 3017.28 1575.3 0.771415 78
14618 3037.62 1959.51 0.619725 78
15752.7 2528.87 2591.62 0.233256 78
15018.6 2942.87 2231.67 0.484689 78
15491.9 2757.05 2510.63 0.339526 78
13776.5 2912.89 1164.35 0.927493 79
14142.5 2999.96 1515.85 0.775617 79
14604.4 3027.02 1912.86 0.620065 79
15766.6 2526.52 2591.62 0.227925 79
15041.9 2951.11 2231.67 0.482047 79
15435.1 2734.17 2434.55 0.335904 79
13799.2 2917.23 1147.72 0.923713 80
14178 3011.25 1515.85 0.768967 80
14640.2 3031.07 1912.86 0.611866 80
15793.9 2512.39 2591.62 0.217114 80
15021.3 2922.08 2171.35 0.473494 80
15466.1 2724.84 2434.55 0.325613 80
13803.9 2928.31 1085.68 0.946431 81
14167.3 3005.1 1434.64 0.781526 81
14619 3019.98 1825.91 0.617046 81
15071.3 2947.35 2171.35 0.472557 81
15746.7 2504.84 2510.63 0.211804 81
15440 2717.87 2362.94 0.321969 81
14154 3000.09 1385.17 0.792062 82
14612.9 3016.17 1785.34 0.619797 82
15000.5 2907.99 2060 0.471201 82
15698.9 2482.1 2434.55 0.204031 82
15404.8 2697.18 2295.43 0.316427 82
14150.5 2991.01 1339 0.796492 83
14584.4 2989.69 1709.36 0.619168 83
15741.9 2478.96 2434.55 0.195207 83
14991.7 2894.76 2008.5 0.466609 83
15446 2698.83 2295.43 0.308674 83
14134.1 2975.99 1275.24 0.80571 84
14591.5 2990.24 1673.75 0.619408 84
15716.9 2463.46 2362.94 0.185964 84
14988.3 2887 1959.51 0.462796 84
15429.2 2684.66 2231.67 0.301323 84
14110.2 2953.78 1199.11 0.817366 85
14574.2 2975.49 1606.8 0.621352 85
14989.4 2881.6 1912.86 0.459173 85
15698.6 2451.32 2295.43 0.177022 85
15418.8 2672.85 2171.35 0.293857 85
14169 2988.93 1164.35 0.827443 86
14611.4 2995.06 1545 0.62498 86
15041.4 2911.75 1868.37 0.458499 86
15731.2 2479.85 2231.67 0.172247 86
15458.8 2700.28 2114.21 0.290421 86
14156.1 2974.42 1100.55 0.839637 87
14604.2 2983.75 1487.78 0.625704 87
15011.1 2888.6 1785.34 0.453733 87
15722.2 2465.09 2171.35 0.160933 87
15456 2687.11 2060 0.280909 87
14195.5 2976.5 1043.38 0.846947 88
14648.8 2987.98 1434.64 0.621853 88
15772.1 2465.72 2114.21 0.146546 88
15071.5 2898.02 1746.52 0.444192 88
15458.5 2677.94 1959.51 0.268975 88
14187.7 2957.6 991.853 0.850886 89
14625.5 2955.39 1361.7 0.614753 89
15049.3 2866.66 1673.75 0.431331 89
15773.4 2438.38 2060 0.128781 89
15465 2653.53 1912.86 0.251946 89
14188 2954.57 956.43 0.858344 90
14636.7 2962.46 1339 0.615415 90
15052 2870.19 1639.59 0.429574 90
15459.3 2656.87 1868.37 0.248582 90
14202.4 2962.43 912.956 0.867738 91
14653.4 2972.89 1295.81 0.614488 91
15081.9 2886.6 1606.8 0.42396 91
15485.5 2670.58 1825.91 0.240481 91
14201.4 2951.78 873.262 0.871241 92
14654.3 2961.46 1255.31 0.607427 92
15065.9 2866.74 1545 0.413126 92
15494.6 2657.33 1785.34 0.226562 92
14218.8 2960.26 828.248 0.880403 93
14664 2968.7 1199.11 0.606398 93
15077.1 2878.99 1487.78 0.407883 93
15491.3 2669.9 1709.36 0.219152 93
14218.6 2945.12 772.501 0.879468 94
14672.5 2954.85 1147.72 0.588633 94
15090.6 2862.57 1434.64 0.384777 94
15532.5 2654.72 1673.75 0.19412 94
14196.7 2918.33 717.322 0.88131 95
14648.6 2926.06 1085.68 0.574237 95
15061.8 2830.76 1361.7 0.364816 95
14187.9 2903.14 675.127 0.881172 96
14643.4 2910.39 1043.38 0.559469 96
15058.8 2813.78 1317.05 0.346443 96
14184.7 2892.36 627.657 0.886205 97
14639 2901.36 991.853 0.549429 97
15048.2 2804.27 1255.31 0.332644 97
14185.1 2894.43 599.553 0.891161 98
14645.2 2906.94 967.953 0.542939 98
15043.2 2806 1217.27 0.324274 98
14183.6 2914.63 554.07 0.914727 99
14645 2934.09 923.449 0.546453 99
15053.9 2841.77 1181.47 0.323288 99
14629.1 2940.35 892.668 0.55228 100
15050.3 2854.58 1164.35 0.323779 100
14158.8 2937.31 502.126 0.976412 101
14610.3 2955.58 863.872 0.569483 101
15040.3 2876.84 1147.72 0.333323 101
14614.2 2981.53 819.797 0.582425 102
15045.1 2902 1115.83 0.3322 102
14599.4 2991.43 780.001 0.600026 103
15029.4 2910.13 1085.68 0.334274 103
14603.7 3015.06 717.322 0.630779 104
15025.7 2928.98 1030 0.338714 104
14980.8 2957.84 979.757 0.375458 105
15437.1 2765.53 1275.24 0.132362 105
15005.1 2962.64 945.178 0.37142 106
14586.6 3057.99 573.858 0.75617 107
15006.7 2968.65 912.956 0.38133 107
15424.4 2762.8 1199.11 0.116152 107
14971 2992.74 854.682 0.428053 108
14973.1 2997.06 787.648 0.459664 109
15402.5 2800.44 1115.83 0.14789 109
15745 2600.27 1361.7 -0.0157388 109
14960.5 3010.72 743.89 0.500624 110
15379.4 2815.67 1071.2 0.167782 110
15735.4 2619.91 1339 -0.00373115 110
14978.6 3001.45 669.501 0.527807 111
15441.8 2800.31 956.43 0.179217 112
15772.3 2596.63 1236 -0.0183549 112
15464.1 2790.93 902.698 0.201347 113
15798.9 2584.79 1199.11 -0.0122873 113
15426.1 2821.43 836.876 0.256754 114
15751.4 2622.73 1131.55 0.0235287 114
16039.1 2225.62 1361.7 -0.245019 114
15453.2 2813.15 772.501 0.279998 115
15783.2 2608.23 1085.68 0.0237476 115
16068.7 2202.47 1339 -0.260323 115
15491.3 2798.16 717.322 0.301532 116
15809.7 2588.15 1030 0.0246254 116
16108 2174.68 1317.05 -0.273812 116
15779 2628 967.953 0.0768243 117
16072.8 2228.4 1255.31 -0.240536 117
15802.8 2591.28 923.449 0.0699318 118
16083.9 2184.9 1217.27 -0.262773 118
15792 2580.17 854.682 0.0933521 119
16078 2172.75 1164.35 -0.262916 119
15784 2556.26 795.447 0.0993092 120
16058.4 2148.54 1100.55 -0.278459 120
15766.5 2530.18 750.842 0.0871164 121
16039.3 2116.8 1057.11 -0.306789 121
15770.6 2503.38 692.587 0.0818764 122
16042.1 2089.45 991.853 -0.332897 122
15783.1 2488.27 647.904 0.0799418 123
16048.5 2078.17 934.187 -0.350974 123
15783.5 2477.74 586.424 0.0792701 124
15785.5 2469.09 542.839 0.072891 125
15780.3 2467.35 489.879 0.0739633 126
16055.5 2115.15 632.599 -0.425647 129
16034.6 2132.93 577.986 -0.420597 130
