# x y d a f
13113.2 1141.72 2434.55 -0.0221645 8
12556.3 856.427 2060 -0.157404 8
13113.3 1141.83 2434.55 -0.0221268 9
12611.7 846.408 2114.21 -0.157935 9
13113.2 1141.71 2434.55 -0.022168 10
12611.8 846.507 2114.21 -0.157889 10
13113.1 1141.57 2434.55 -0.0222232 11
12611.7 846.426 2114.21 -0.157927 11
13113.2 1141.81 2434.55 -0.0221345 12
12611.8 846.588 2114.21 -0.157855 12
13113.2 1141.66 2434.55 -0.0221884 13
12611.8 846.525 2114.21 -0.157881 13
13113.3 1141.92 2434.55 -0.022091 14
12611.8 846.584 2114.21 -0.157853 14
13113.3 1141.91 2434.55 -0.0220979 15
12611.7 846.441 2114.21 -0.15792 15
13113.2 1141.69 2434.55 -0.0221783 16
12611.8 846.508 2114.21 -0.157889 16
13113.2 1141.74 2434.55 -0.0221584 17
12611.8 846.524 2114.21 -0.157881 17
13113.2 1141.71 2434.55 -0.0221713 18
12611.8 846.508 2114.21 -0.157889 18
13113.1 1141.56 2434.55 -0.0222245 19
12611.8 846.522 2114.21 -0.157882 19
13113.3 1141.81 2434.55 -0.0221332 20
12611.7 846.396 2114.21 -0.157941 20
13113.3 1142.14 2434.55 -0.0220123 21
12611.8 846.746 2114.21 -0.157781 21
13113.2 1141.72 2434.55 -0.0221655 22
12611.7 846.447 2114.21 -0.157918 22
13113.1 1141.75 2434.55 -0.0221545 23
12611.9 846.799 2114.21 -0.157756 23
13113.3 1141.82 2434.55 -0.0221308 24
12611.8 846.628 2114.21 -0.157832 24
13113.2 1141.72 2434.55 -0.0221655 25
12556.2 856.369 2060 -0.157432 25
13113.3 1142.03 2434.55 -0.0220542 26
12611.8 846.585 2114.21 -0.157856 26
13113.3 1141.84 2434.55 -0.0221204 27
12611.7 846.431 2114.21 -0.157925 27
13113.2 1141.62 2434.55 -0.0222042 28
12611.7 846.44 2114.21 -0.15792 28
13113.3 1141.79 2434.55 -0.0221397 29
12611.8 846.507 2114.21 -0.157888 29
13113.1 1141.64 2434.55 -0.0221963 30
12611.8 846.685 2114.21 -0.157809 30
13113.2 1141.88 2434.55 -0.0221073 31
12611.8 846.75 2114.21 -0.157778 31
13113.1 1141.66 2434.55 -0.0221873 32
12611.8 846.691 2114.21 -0.157806 32
13113.3 1141.83 2434.55 -0.0221259 33
12611.7 846.407 2114.21 -0.157935 33
13113.2 1141.73 2434.55 -0.0221617 34
12611.7 846.421 2114.21 -0.157928 34
13113 1141.37 2434.55 -0.0222942 35
12611.8 846.634 2114.21 -0.157828 35
13113.2 1141.95 2434.55 -0.0220794 36
12611.8 846.698 2114.21 -0.157802 36
13113.2 1141.61 2434.55 -0.0222039 37
12611.8 846.514 2114.21 -0.157884 37
13113.2 1141.74 2434.55 -0.022158 38
12611.8 846.505 2114.21 -0.157889 38
13113.3 1141.86 2434.55 -0.0221134 39
12611.8 846.505 2114.21 -0.157889 39
13113.3 1141.82 2434.55 -0.0221294 40
12611.8 846.499 2114.21 -0.157891 40
13113.2 1141.72 2434.55 -0.0221649 41
12556.3 856.545 2060 -0.157346 41
13113.1 1141.48 2434.55 -0.0222554 42
12611.7 846.425 2114.21 -0.157927 42
13113 1138.74 2434.55 -0.0232549 43
12556 854.441 2060 -0.158313 43
13113.1 1141.48 2434.55 -0.0222548 44
12611.8 846.509 2114.21 -0.157888 44
13113.4 1142.03 2434.55 -0.0220516 45
12611.8 846.617 2114.21 -0.157837 45
13113.1 1141.67 2434.55 -0.0221858 46
12611.8 846.688 2114.21 -0.157808 46
13113.3 1141.82 2434.55 -0.0221297 47
12611.8 846.606 2114.21 -0.157843 47
13113.2 1141.74 2434.55 -0.0221577 48
12611.7 846.41 2114.21 -0.157935 48
13113.2 1141.72 2434.55 -0.0221653 49
12611.7 846.394 2114.21 -0.157942 49
13113.1 1139.07 2434.55 -0.0231352 50
12611.4 844.346 2114.21 -0.158856 50
13113.3 1141.77 2434.55 -0.0221463 51
12611.7 846.365 2114.21 -0.157953 51
13113.3 1141.79 2434.55 -0.0221382 52
12611.8 846.525 2114.21 -0.15788 52
13113.3 1141.83 2434.55 -0.0221251 53
12611.8 846.533 2114.21 -0.157876 53
13113.2 1141.59 2434.55 -0.0222148 54
12611.7 846.351 2114.21 -0.15796 54
13113.3 1142.02 2434.55 -0.0220562 55
12611.8 846.689 2114.21 -0.157807 55
13113.3 1141.84 2434.55 -0.0221224 56
12611.8 846.5 2114.21 -0.157892 56
13113.3 1141.93 2434.55 -0.0220871 57
12611.7 846.442 2114.21 -0.157919 57
13113.1 1141.57 2434.55 -0.0222201 58
12611.8 846.622 2114.21 -0.157834 58
13113.2 1141.59 2434.55 -0.0222139 59
12611.8 846.492 2114.21 -0.157896 59
13113.2 1141.61 2434.55 -0.0222065 60
12611.8 846.493 2114.21 -0.157896 60
13113.2 1141.61 2434.55 -0.0222079 61
12611.7 846.337 2114.21 -0.157968 61
13113.3 1141.91 2434.55 -0.0220971 62
12611.8 846.602 2114.21 -0.157845 62
13113.2 1141.9 2434.55 -0.0221014 63
12611.8 846.651 2114.21 -0.157826 63
13113.2 1141.75 2434.55 -0.0221548 64
12611.7 846.434 2114.21 -0.157924 64
13113.1 1141.52 2434.55 -0.0222384 65
12611.8 846.525 2114.21 -0.15788 65
13113.2 1141.71 2434.55 -0.0221684 66
12611.8 846.523 2114.21 -0.157881 66
13113.3 1141.8 2434.55 -0.0221358 67
12611.8 846.494 2114.21 -0.157895 67
13113.1 1141.54 2434.55 -0.0222333 68
12611.8 846.508 2114.21 -0.157888 68
13113.3 1141.85 2434.55 -0.0221165 69
12611.8 846.508 2114.21 -0.157889 69
13113.2 1141.89 2434.55 -0.0221027 70
12611.8 846.655 2114.21 -0.157824 70
13113.4 1142.05 2434.55 -0.0220457 71
12611.7 846.337 2114.21 -0.157968 71
13113.2 1141.59 2434.55 -0.0222128 72
12611.7 846.429 2114.21 -0.157926 72
13113.2 1141.74 2434.55 -0.0221572 73
12556.3 856.43 2060 -0.157403 73
13113.2 1141.66 2434.55 -0.0221894 74
12611.8 846.494 2114.21 -0.157895 74
13113.2 1141.69 2434.55 -0.0221772 75
12611.8 846.525 2114.21 -0.15788 75
13113.2 1141.72 2434.55 -0.0221651 76
12611.8 846.524 2114.21 -0.157881 76
13113.3 1141.84 2434.55 -0.0221228 77
12556.3 856.387 2060 -0.157424 77
13113.1 1141.51 2434.55 -0.0222451 78
12611.8 846.525 2114.21 -0.157881 78
13113.2 1141.7 2434.55 -0.0221742 79
12611.8 846.509 2114.21 -0.157888 79
13113.2 1141.7 2434.55 -0.0221743 80
12611.7 846.305 2114.21 -0.157984 80
13113.1 1141.44 2434.55 -0.0222687 81
12611.8 846.51 2114.21 -0.157888 81
13113.2 1141.79 2434.55 -0.0221419 82
12611.8 846.671 2114.21 -0.157816 82
13113.1 1141.58 2434.55 -0.022217 83
12611.8 846.629 2114.21 -0.157832 83
13113.3 1141.91 2434.55 -0.0220978 84
12611.8 846.608 2114.21 -0.157842 84
13113.2 1141.66 2434.55 -0.0221884 85
12611.8 846.508 2114.21 -0.157889 85
13113.3 1141.84 2434.55 -0.0221226 86
12611.7 846.441 2114.21 -0.15792 86
13113.1 1139.06 2434.55 -0.0231391 87
12611.4 844.347 2114.21 -0.158856 87
13113.2 1141.54 2434.55 -0.0222323 88
12611.8 846.453 2114.21 -0.157913 88
13113.2 1141.62 2434.55 -0.0222024 89
12556.3 856.433 2060 -0.157402 89
13113.2 1141.61 2434.55 -0.022205 90
12611.8 846.512 2114.21 -0.157886 90
13113.3 1141.84 2434.55 -0.0221224 91
12611.8 846.51 2114.21 -0.157887 91
13113.2 1141.61 2434.55 -0.022206 92
12611.8 846.503 2114.21 -0.157891 92
13113.3 1141.8 2434.55 -0.0221355 93
12611.8 846.477 2114.21 -0.157903 93
13113.2 1141.59 2434.55 -0.0222127 94
12611.8 846.493 2114.21 -0.157895 94
13113.1 1141.46 2434.55 -0.0222616 95
12611.8 846.493 2114.21 -0.157895 95
13113.2 1141.61 2434.55 -0.0222065 96
12611.7 846.427 2114.21 -0.157927 96
13113.2 1141.64 2434.55 -0.022197 97
12611.8 846.494 2114.21 -0.157896 97
13113.3 1141.79 2434.55 -0.0221395 98
12611.8 846.495 2114.21 -0.157896 98
13113.2 1141.72 2434.55 -0.0221653 99
12611.7 846.389 2114.21 -0.157946 99
13113.2 1141.73 2434.55 -0.0221643 100
12611.8 846.512 2114.21 -0.157888 100
13113.1 1141.58 2434.55 -0.0222206 101
12556.2 856.373 2060 -0.157432 101
13113.2 1141.73 2434.55 -0.0221649 102
12611.8 846.496 2114.21 -0.157896 102
13113.3 1141.86 2434.55 -0.0221166 103
12611.8 846.496 2114.21 -0.157896 103
13113.4 1142.07 2434.55 -0.0220393 104
12611.7 846.429 2114.21 -0.157927 104
13113.3 1141.98 2434.55 -0.0220715 105
12611.7 846.429 2114.21 -0.157927 105
13113.2 1141.71 2434.55 -0.0221713 106
12611.8 846.481 2114.21 -0.157903 106
13113.1 1141.56 2434.55 -0.022227 107
12611.8 846.496 2114.21 -0.157896 107
13113.3 1141.8 2434.55 -0.0221396 108
12611.7 846.308 2114.21 -0.157984 108
13113.2 1141.63 2434.55 -0.0222002 109
12611.8 846.513 2114.21 -0.157888 109
13113.2 1141.7 2434.55 -0.0221744 110
12611.7 846.413 2114.21 -0.157935 110
13113.2 1141.64 2434.55 -0.0221971 111
12611.8 846.611 2114.21 -0.157842 111
13113.2 1141.72 2434.55 -0.022168 112
12611.8 846.511 2114.21 -0.157889 112
13113 1141.36 2434.55 -0.0223011 113
12611.7 846.429 2114.21 -0.157927 113
13113.2 1141.69 2434.55 -0.0221783 114
12611.7 846.429 2114.21 -0.157927 114
13113.3 1141.8 2434.55 -0.0221396 115
12611.7 846.429 2114.21 -0.157927 115
13113.2 1141.74 2434.55 -0.0221612 116
12611.8 846.513 2114.21 -0.157888 116
13113.2 1141.71 2434.55 -0.0221718 117
12611.8 846.526 2114.21 -0.157881 117
13113.2 1141.75 2434.55 -0.0221579 118
12611.6 846.247 2114.21 -0.158013 118
13113.2 1141.74 2434.55 -0.0221584 119
12611.8 846.626 2114.21 -0.157835 119
13113.2 1141.72 2434.55 -0.022168 120
12611.8 846.511 2114.21 -0.157889 120
13113.3 1141.94 2434.55 -0.0220849 121
12611.8 846.496 2114.21 -0.157896 121
13113.2 1141.62 2434.55 -0.0222038 122
12611.7 846.428 2114.21 -0.157928 122
13113.2 1141.64 2434.55 -0.0221971 123
12611.8 846.511 2114.21 -0.157889 123
13113.3 1141.87 2434.55 -0.0221133 124
12611.8 846.587 2114.21 -0.157853 124
13113.2 1141.74 2434.55 -0.0221584 125
12611.8 846.528 2114.21 -0.157881 125
13113.3 1141.81 2434.55 -0.0221326 126
12611.8 846.496 2114.21 -0.157896 126
13113.2 1141.72 2434.55 -0.022168 127
12611.7 846.428 2114.21 -0.157928 127
13113.2 1141.71 2434.55 -0.0221713 128
12611.8 846.527 2114.21 -0.157881 128
13113.2 1141.74 2434.55 -0.0221584 129
12556.3 856.566 2060 -0.157339 129
13113.2 1141.63 2434.55 -0.0222002 130
12611.7 846.429 2114.21 -0.157927 130
13113.3 1141.8 2434.55 -0.0221365 131
12556.2 856.373 2060 -0.157432 131
13113.3 1141.84 2434.55 -0.0221236 132
12611.8 846.511 2114.21 -0.157889 132
13113.2 1141.73 2434.55 -0.0221643 133
12611.8 846.495 2114.21 -0.157896 133
13113.3 1141.93 2434.55 -0.0220914 134
12611.8 846.526 2114.21 -0.157881 134
13113.2 1141.63 2434.55 -0.0222002 135
12611.8 846.511 2114.21 -0.157889 135
13113.2 1141.73 2434.55 -0.0221649 136
12611.8 846.526 2114.21 -0.157881 136
13113.3 1141.94 2434.55 -0.0220849 137
12611.7 846.414 2114.21 -0.157934 137
13113.2 1141.62 2434.55 -0.0222041 138
12611.8 846.495 2114.21 -0.157896 138
13113.3 1141.88 2434.55 -0.0221097 139
12611.7 846.429 2114.21 -0.157927 139
13113.2 1141.73 2434.55 -0.0221649 140
12611.8 846.542 2114.21 -0.157874 140
13113.2 1141.68 2434.55 -0.0221819 141
12611.8 846.512 2114.21 -0.157888 141
13113.1 1141.56 2434.55 -0.0222265 142
12611.9 846.701 2114.21 -0.157799 142
13113.1 1141.5 2434.55 -0.022249 143
12611.8 846.602 2114.21 -0.157846 143
13113.4 1142.09 2434.55 -0.022032 144
12611.8 846.511 2114.21 -0.157889 144
13113.2 1141.73 2434.55 -0.0221649 145
12611.8 846.527 2114.21 -0.157881 145
13113.3 1141.94 2434.55 -0.0220844 146
12611.8 846.512 2114.21 -0.157888 146
13113.3 1141.93 2434.55 -0.0220908 147
12611.8 846.527 2114.21 -0.157881 147
13113.1 1141.44 2434.55 -0.0222688 148
12611.7 846.429 2114.21 -0.157927 148
13113.3 1141.99 2434.55 -0.0220674 149
12611.8 846.511 2114.21 -0.157889 149
13113.2 1141.73 2434.55 -0.0221654 150
12611.7 846.413 2114.21 -0.157935 150
13113.2 1141.71 2434.55 -0.0221713 151
12611.8 846.526 2114.21 -0.157881 151
13113.2 1141.63 2434.55 -0.0222002 152
12611.8 846.611 2114.21 -0.157842 152
13113.2 1141.63 2434.55 -0.0222002 153
12611.8 846.511 2114.21 -0.157889 153
13113.1 1141.58 2434.55 -0.0222195 154
12611.8 846.611 2114.21 -0.157842 154
13113.3 1141.93 2434.55 -0.0220914 155
12611.8 846.526 2114.21 -0.157881 155
13113.2 1141.71 2434.55 -0.0221713 156
12611.8 846.496 2114.21 -0.157896 156
13113.2 1141.63 2434.55 -0.0222002 157
12611.7 846.329 2114.21 -0.157974 157
13113.3 1141.84 2434.55 -0.0221231 158
12556.3 856.566 2060 -0.157339 158
13113.2 1141.6 2434.55 -0.0222131 159
12611.8 846.489 2114.21 -0.157899 159
13113.3 1141.79 2434.55 -0.0221429 160
12611.8 846.528 2114.21 -0.157881 160
13113.2 1141.75 2434.55 -0.0221551 161
12611.8 846.602 2114.21 -0.157846 161
13113.2 1141.6 2434.55 -0.0222131 162
12611.7 846.428 2114.21 -0.157928 162
13113.2 1141.61 2434.55 -0.0222067 163
12611.8 846.626 2114.21 -0.157835 163
13113.2 1141.71 2434.55 -0.0221718 164
12611.8 846.487 2114.21 -0.1579 164
13113.1 1141.5 2434.55 -0.022249 165
12611.8 846.611 2114.21 -0.157842 165
13113.3 1141.89 2434.55 -0.0221063 166
12611.7 846.414 2114.21 -0.157934 166
13113.3 1141.94 2434.55 -0.0220875 167
12611.9 846.701 2114.21 -0.157799 167
13113.2 1141.73 2434.55 -0.0221649 168
12611.7 846.429 2114.21 -0.157927 168
13113.2 1141.7 2434.55 -0.0221754 169
12611.7 846.429 2114.21 -0.157927 169
13113.3 1141.82 2434.55 -0.0221295 170
12611.7 846.397 2114.21 -0.157942 170
13113.3 1141.81 2434.55 -0.0221331 171
12611.7 846.427 2114.21 -0.157928 171
13113.1 1141.58 2434.55 -0.0222206 172
12611.8 846.511 2114.21 -0.157889 172
13113.3 1141.95 2434.55 -0.022081 173
12611.8 846.526 2114.21 -0.157881 173
13113.2 1141.71 2434.55 -0.0221713 174
12611.8 846.495 2114.21 -0.157896 174
13113.2 1141.69 2434.55 -0.0221783 175
12611.8 846.642 2114.21 -0.157827 175
13113.2 1141.66 2434.55 -0.0221883 176
12611.7 846.412 2114.21 -0.157935 176
13113.3 1141.84 2434.55 -0.0221236 177
12611.7 846.414 2114.21 -0.157934 177
13113.2 1141.69 2434.55 -0.0221783 178
12611.8 846.504 2114.21 -0.157891 178
13113.2 1141.63 2434.55 -0.0222002 179
12611.8 846.504 2114.21 -0.157891 179
13113.2 1141.76 2434.55 -0.0221514 180
12611.8 846.527 2114.21 -0.157881 180
13113.3 1141.83 2434.55 -0.0221267 181
12611.8 846.627 2114.21 -0.157834 181
13113.1 1141.5 2434.55 -0.022249 182
12611.8 846.526 2114.21 -0.157881 182
13113.2 1141.74 2434.55 -0.0221584 183
12611.8 846.511 2114.21 -0.157889 183
13113.2 1141.69 2434.55 -0.0221783 184
12611.8 846.625 2114.21 -0.157835 184
13113.4 1142.08 2434.55 -0.0220356 185
12611.8 846.511 2114.21 -0.157889 185
13113.2 1141.75 2434.55 -0.0221579 186
12556.4 856.648 2060 -0.1573 186
13113.2 1141.6 2434.55 -0.0222103 187
12611.7 846.429 2114.21 -0.157927 187
13113.2 1141.72 2434.55 -0.022168 188
12611.7 846.397 2114.21 -0.157942 188
13113.2 1141.74 2434.55 -0.0221584 189
12611.7 846.275 2114.21 -0.158 189
13113.2 1141.6 2434.55 -0.0222131 190
12611.8 846.496 2114.21 -0.157896 190
13113.2 1141.7 2434.55 -0.0221749 191
12611.7 846.314 2114.21 -0.157981 191
13113.2 1141.6 2434.55 -0.0222131 192
12611.8 846.543 2114.21 -0.157874 192
13113.3 1141.84 2434.55 -0.0221226 193
12611.7 846.429 2114.21 -0.157927 193
13113.1 1141.58 2434.55 -0.0222195 194
12611.8 846.496 2114.21 -0.157896 194
13113.2 1141.73 2434.55 -0.0221643 195
12611.8 846.641 2114.21 -0.157828 195
13113.3 1141.87 2434.55 -0.0221133 196
12611.8 846.511 2114.21 -0.157889 196
13113.2 1141.72 2434.55 -0.022168 197
12611.8 846.587 2114.21 -0.157853 197
13113.2 1141.75 2434.55 -0.0221579 198
12611.8 846.496 2114.21 -0.157896 198
13113.3 1141.81 2434.55 -0.0221326 199
12611.7 846.428 2114.21 -0.157928 199
13113.2 1141.73 2434.55 -0.0221654 200
12611.7 846.414 2114.21 -0.157934 200
13113.2 1141.66 2434.55 -0.0221883 201
12611.8 846.481 2114.21 -0.157903 201
13113.2 1141.67 2434.55 -0.0221847 202
12611.7 846.39 2114.21 -0.157946 202
13113.3 1141.89 2434.55 -0.0221063 203
12611.7 846.445 2114.21 -0.15792 203
13119 1152.19 2434.55 -0.0180581 204
12618.7 854.808 2114.21 -0.15383 204
13123.3 1152.02 2434.55 -0.0179792 205
12623.1 854.747 2114.21 -0.153686 205
13123.2 1141.62 2434.55 -0.0221431 206
12621.8 846.514 2114.21 -0.157812 206
13120.6 1142.28 2434.55 -0.0222109 207
12619 846.961 2114.21 -0.157995 207
13118.3 1142.87 2434.55 -0.0222358 208
12616.9 847.687 2114.21 -0.157963 208
13115.3 1143.64 2434.55 -0.0222346 209
12613.8 848.396 2114.21 -0.157987 209
13113.8 1143.86 2434.55 -0.0222189 210
12612.3 848.669 2114.21 -0.157942 210
13113.5 1144 2434.55 -0.0221441 211
12611.9 848.604 2114.21 -0.157945 211
13113.1 1143.3 2434.55 -0.0222372 212
12611.7 848.287 2114.21 -0.157883 212
13113.1 1143.18 2434.55 -0.022213 213
12611.7 847.991 2114.21 -0.157937 213
13113.2 1142.82 2434.55 -0.02222 214
12611.8 847.631 2114.21 -0.157943 214
13113.3 1142.51 2434.55 -0.0222261 215
12611.9 847.245 2114.21 -0.157989 215
13113.3 1142.51 2434.55 -0.0222256 216
12611.9 847.342 2114.21 -0.157943 216
13113.6 1142.56 2434.55 -0.0221255 217
12612 847.079 2114.21 -0.15796 217
13113.4 1142.2 2434.55 -0.0222247 218
12612 847.03 2114.21 -0.157942 218
13113.5 1142.1 2434.55 -0.0222112 219
12556.5 856.834 2060 -0.157446 219
13113.5 1142.11 2434.55 -0.0221856 220
12611.9 846.749 2114.21 -0.157981 220
13123.5 1152.38 2434.55 -0.017975 221
12623.3 855.098 2114.21 -0.153686 221
13123.5 1142.39 2434.55 -0.0219625 222
12622 846.847 2114.21 -0.157791 222
13120.8 1142.74 2434.55 -0.0221392 223
12619.3 847.535 2114.21 -0.157848 223
13118.6 1143.4 2434.55 -0.0221294 224
12617 848.026 2114.21 -0.157916 224
13116.7 1143.67 2434.55 -0.0221935 225
12615.3 848.428 2114.21 -0.157936 225
13115.5 1144.12 2434.55 -0.0221297 226
12614 848.777 2114.21 -0.157902 226
13113.8 1144.04 2434.55 -0.0222101 227
12612.5 849.043 2114.21 -0.157845 227
13113.2 1143.85 2434.55 -0.0222064 228
12611.8 848.73 2114.21 -0.157898 228
13113.2 1143.93 2434.55 -0.0221152 229
12611.7 848.512 2114.21 -0.157922 229
13113.2 1143.39 2434.55 -0.0221758 230
12611.7 848.137 2114.21 -0.157921 230
13113.3 1143.06 2434.55 -0.0221658 231
12556.4 857.884 2060 -0.157347 231
13113.3 1142.8 2434.55 -0.022201 232
12611.9 847.586 2114.21 -0.157935 232
13113.5 1142.87 2434.55 -0.0221242 233
12556.5 857.565 2060 -0.157354 233
13113.5 1142.53 2434.55 -0.0221619 234
12612 847.304 2114.21 -0.15789 234
13113.5 1142.43 2434.55 -0.0221652 235
12612.1 847.242 2114.21 -0.157874 235
13113.5 1142.23 2434.55 -0.0221821 236
12612 846.947 2114.21 -0.157942 236
13113.5 1142.26 2434.55 -0.0221301 237
12612 846.966 2114.21 -0.157882 237
13113.5 1142.26 2434.55 -0.0221128 238
12612 846.906 2114.21 -0.157889 238
13113.3 1141.74 2434.55 -0.0222908 239
12612 846.899 2114.21 -0.157874 239
13113.4 1142.1 2434.55 -0.022136 240
12612 846.995 2114.21 -0.157799 240
13113.3 1141.83 2434.55 -0.0222265 241
12611.9 846.779 2114.21 -0.157888 241
13113.4 1142.09 2434.55 -0.0221133 242
12611.9 846.731 2114.21 -0.157889 242
13113.3 1141.86 2434.55 -0.0221847 243
12611.9 846.693 2114.21 -0.157889 243
13113.3 1141.84 2434.55 -0.0221847 244
12611.9 846.692 2114.21 -0.157881 244
13113.3 1141.84 2434.55 -0.0221783 245
12611.9 846.693 2114.21 -0.157874 245
13113.4 1142.08 2434.55 -0.0220785 246
12611.8 846.635 2114.21 -0.157889 246
13113.4 1142 2434.55 -0.0221063 247
12611.8 846.623 2114.21 -0.157889 247
13113.3 1141.82 2434.55 -0.0221649 248
12611.8 846.62 2114.21 -0.157881 248
13113.2 1141.71 2434.55 -0.0222002 249
12611.8 846.594 2114.21 -0.157889 249
13113.2 1141.78 2434.55 -0.0221718 250
12556.4 856.62 2060 -0.157346 250
13113.3 1141.89 2434.55 -0.0221257 251
12611.8 846.588 2114.21 -0.157881 251
13113.4 1142.15 2434.55 -0.0220297 252
12611.8 846.485 2114.21 -0.157927 252
13113.3 1141.79 2434.55 -0.0221584 253
12611.7 846.416 2114.21 -0.157953 253
13113.3 1141.85 2434.55 -0.0221326 254
12611.8 846.482 2114.21 -0.15792 254
13113.3 1141.96 2434.55 -0.0220914 255
12611.8 846.46 2114.21 -0.157927 255
13113.3 1141.98 2434.55 -0.0220805 256
12611.8 846.53 2114.21 -0.157892 256
13113.3 1141.93 2434.55 -0.0220978 257
12611.7 846.436 2114.21 -0.157935 257
13113.2 1141.7 2434.55 -0.0221814 258
12611.8 846.517 2114.21 -0.157896 258
13113.2 1141.72 2434.55 -0.0221744 259
12611.8 846.547 2114.21 -0.157881 259
13113.2 1141.74 2434.55 -0.0221649 260
12611.8 846.643 2114.21 -0.157835 260
13113.2 1141.68 2434.55 -0.0221883 261
12611.7 846.429 2114.21 -0.157934 261
13113.3 1141.86 2434.55 -0.0221197 262
12611.8 846.542 2114.21 -0.157881 262
13113.3 1141.86 2434.55 -0.0221192 263
12611.8 846.538 2114.21 -0.157881 263
13113.3 1141.95 2434.55 -0.0220844 264
12611.7 846.439 2114.21 -0.157927 264
13113.2 1141.72 2434.55 -0.0221713 265
12611.8 846.513 2114.21 -0.157892 265
13113.2 1141.62 2434.55 -0.0222072 266
12611.8 846.535 2114.21 -0.157881 266
13113.2 1141.76 2434.55 -0.0221551 267
12611.7 846.434 2114.21 -0.157928 267
13113.3 1141.92 2434.55 -0.0220945 268
12611.7 846.419 2114.21 -0.157935 268
13113.3 1141.86 2434.55 -0.0221166 269
12611.7 846.433 2114.21 -0.157928 269
13113.3 1141.95 2434.55 -0.0220844 270
12611.7 846.417 2114.21 -0.157935 270
13113.2 1141.73 2434.55 -0.0221649 271
12611.8 846.63 2114.21 -0.157835 271
13113.3 1141.84 2434.55 -0.0221228 272
12611.7 846.448 2114.21 -0.15792 272
13113.4 1142.1 2434.55 -0.0220292 273
12611.8 846.607 2114.21 -0.157845 273
13113.1 1141.57 2434.55 -0.0222237 274
12611.7 846.402 2114.21 -0.157941 274
13113.2 1141.58 2434.55 -0.0222206 275
12611.8 846.499 2114.21 -0.157896 275
13113.2 1141.71 2434.55 -0.0221718 276
12611.8 846.531 2114.21 -0.157881 276
13113.3 1141.91 2434.55 -0.0220978 277
12611.8 846.514 2114.21 -0.157889 277
13113.3 1141.96 2434.55 -0.0220785 278
12611.7 846.431 2114.21 -0.157928 278
13113.1 1141.53 2434.55 -0.0222389 279
12611.8 846.499 2114.21 -0.157896 279
13113.3 1141.93 2434.55 -0.0220908 280
12611.9 846.66 2114.21 -0.15782 280
13113.3 1141.85 2434.55 -0.0221202 281
12611.8 846.528 2114.21 -0.157881 281
13113.3 1141.82 2434.55 -0.0221326 282
12611.7 846.309 2114.21 -0.157985 282
13113.3 1141.79 2434.55 -0.0221429 283
12611.8 846.529 2114.21 -0.157881 283
13113.3 1141.81 2434.55 -0.022136 284
12611.7 846.414 2114.21 -0.157935 284
13113.3 1141.93 2434.55 -0.0220908 285
12611.8 846.513 2114.21 -0.157889 285
13113.2 1141.71 2434.55 -0.0221713 286
12611.8 846.496 2114.21 -0.157896 286
13113.3 1141.83 2434.55 -0.0221257 287
12611.8 846.528 2114.21 -0.157881 287
13113.1 1141.57 2434.55 -0.0222232 288
12611.8 846.498 2114.21 -0.157896 288
13113.1 1141.56 2434.55 -0.022227 289
12611.7 846.399 2114.21 -0.157942 289
13113.3 1141.85 2434.55 -0.0221192 290
12611.7 846.43 2114.21 -0.157928 290
13113.2 1141.76 2434.55 -0.0221514 291
12611.8 846.612 2114.21 -0.157842 291
13113.2 1141.7 2434.55 -0.0221744 292
12611.8 846.513 2114.21 -0.157889 292
13113.2 1141.71 2434.55 -0.0221718 293
12611.8 846.498 2114.21 -0.157896 293
13113.3 1141.82 2434.55 -0.0221295 294
12611.8 846.498 2114.21 -0.157896 294
13113.3 1141.96 2434.55 -0.0220785 295
12611.8 846.505 2114.21 -0.157892 295
13113.2 1141.58 2434.55 -0.0222201 296
12611.7 846.431 2114.21 -0.157927 296
13113.2 1141.62 2434.55 -0.0222067 297
12611.7 846.446 2114.21 -0.15792 297
13113.2 1141.6 2434.55 -0.0222136 298
12556.3 856.391 2060 -0.157424 298
13113.2 1141.72 2434.55 -0.022168 299
12611.8 846.513 2114.21 -0.157889 299
13113.2 1141.59 2434.55 -0.022217 300
12611.8 846.513 2114.21 -0.157889 300
13113.3 1141.83 2434.55 -0.0221257 301
12611.8 846.529 2114.21 -0.157881 301
13113.2 1141.6 2434.55 -0.0222131 302
12611.8 846.498 2114.21 -0.157896 302
13113.2 1141.71 2434.55 -0.0221718 303
12611.7 846.399 2114.21 -0.157942 303
13113.3 1141.83 2434.55 -0.0221262 304
12611.8 846.498 2114.21 -0.157896 304
13113.4 1142 2434.55 -0.0220645 305
12611.8 846.589 2114.21 -0.157853 305
13113.3 1141.87 2434.55 -0.0221133 306
12611.8 846.528 2114.21 -0.157881 306
13113.2 1141.71 2434.55 -0.0221708 307
12611.8 846.544 2114.21 -0.157874 307
13113.1 1141.46 2434.55 -0.0222624 308
12611.7 846.43 2114.21 -0.157928 308
13113.3 1141.87 2434.55 -0.0221133 309
12611.8 846.544 2114.21 -0.157874 309
13113.3 1141.85 2434.55 -0.0221197 310
12611.8 846.496 2114.21 -0.157896 310
13113.2 1141.62 2434.55 -0.0222067 311
12611.7 846.431 2114.21 -0.157927 311
13113.2 1141.58 2434.55 -0.0222195 312
12611.8 846.498 2114.21 -0.157896 312
13113.2 1141.66 2434.55 -0.0221883 313
12611.8 846.529 2114.21 -0.157881 313
13113.2 1141.74 2434.55 -0.0221615 314
12611.7 846.414 2114.21 -0.157935 314
13113.2 1141.66 2434.55 -0.0221883 315
12611.8 846.529 2114.21 -0.157881 315
13113.2 1141.63 2434.55 -0.0222002 316
12611.7 846.416 2114.21 -0.157934 316
13113.2 1141.7 2434.55 -0.0221744 317
12611.7 846.446 2114.21 -0.15792 317
13113.3 1141.83 2434.55 -0.0221257 318
12611.8 846.513 2114.21 -0.157889 318
13113.3 1141.82 2434.55 -0.02213 319
12611.8 846.627 2114.21 -0.157835 319
13113.2 1141.73 2434.55 -0.0221649 320
12611.8 846.627 2114.21 -0.157835 320
13113.3 1141.87 2434.55 -0.0221133 321
12611.7 846.446 2114.21 -0.15792 321
13113.2 1141.75 2434.55 -0.0221584 322
12611.7 846.414 2114.21 -0.157935 322
13113.2 1141.6 2434.55 -0.0222131 323
12611.8 846.528 2114.21 -0.157881 323
13113.3 1141.98 2434.55 -0.0220733 324
12611.8 846.482 2114.21 -0.157903 324
13113.2 1141.75 2434.55 -0.0221584 325
12611.8 846.513 2114.21 -0.157889 325
13113.3 1141.87 2434.55 -0.0221128 326
12611.8 846.619 2114.21 -0.157839 326
13113.2 1141.59 2434.55 -0.0222172 327
12611.8 846.528 2114.21 -0.157881 327
13113.2 1141.74 2434.55 -0.0221615 328
12611.7 846.446 2114.21 -0.15792 328
13113.2 1141.7 2434.55 -0.0221744 329
12611.8 846.466 2114.21 -0.157911 329
13113.3 1141.82 2434.55 -0.0221326 330
12611.7 846.431 2114.21 -0.157927 330
13113.3 1141.82 2434.55 -0.0221295 331
12611.7 846.446 2114.21 -0.15792 331
13113.2 1141.69 2434.55 -0.0221783 332
12611.7 846.408 2114.21 -0.157938 332
13113.2 1141.72 2434.55 -0.022168 333
12611.8 846.529 2114.21 -0.157881 333
13113.3 1141.83 2434.55 -0.0221257 334
12611.8 846.513 2114.21 -0.157889 334
13113.2 1141.59 2434.55 -0.0222167 335
12611.8 846.643 2114.21 -0.157828 335
13113.3 1141.84 2434.55 -0.0221231 336
12556.3 856.434 2060 -0.157404 336
13113.3 1141.79 2434.55 -0.0221432 337
12611.8 846.513 2114.21 -0.157889 337
13113.2 1141.73 2434.55 -0.0221649 338
12611.7 846.414 2114.21 -0.157935 338
13113.2 1141.76 2434.55 -0.0221514 339
12611.8 846.513 2114.21 -0.157889 339
13113.2 1141.69 2434.55 -0.0221778 340
12611.8 846.513 2114.21 -0.157889 340
13113.2 1141.62 2434.55 -0.0222038 341
12611.7 846.431 2114.21 -0.157927 341
13113.3 1141.97 2434.55 -0.0220741 342
12611.8 846.512 2114.21 -0.157889 342
13113.1 1141.56 2434.55 -0.022227 343
12611.7 846.446 2114.21 -0.15792 343
13113.1 1141.49 2434.55 -0.0222518 344
12556.3 856.554 2060 -0.157346 344
13113.2 1141.6 2434.55 -0.0222136 345
12611.8 846.544 2114.21 -0.157874 345
13113.3 1141.84 2434.55 -0.0221236 346
12611.8 846.482 2114.21 -0.157903 346
13113.1 1141.51 2434.55 -0.0222453 347
12611.8 846.498 2114.21 -0.157896 347
13113.2 1141.68 2434.55 -0.0221814 348
12611.8 846.513 2114.21 -0.157889 348
13113.2 1141.68 2434.55 -0.0221819 349
12611.8 846.522 2114.21 -0.157884 349
13113.2 1141.73 2434.55 -0.0221649 350
12611.8 846.499 2114.21 -0.157895 350
13113.3 1141.91 2434.55 -0.0220978 351
12611.8 846.604 2114.21 -0.157846 351
13113.3 1141.82 2434.55 -0.0221326 352
12556.3 856.568 2060 -0.157339 352
13113.1 1141.45 2434.55 -0.0222688 353
12611.8 846.514 2114.21 -0.157888 353
13113.1 1141.48 2434.55 -0.0222554 354
12611.7 846.431 2114.21 -0.157927 354
13113.2 1141.6 2434.55 -0.0222131 355
12611.8 846.643 2114.21 -0.157828 355
13113.4 1142.01 2434.55 -0.0220604 356
12611.8 846.528 2114.21 -0.157881 356
13113.2 1141.61 2434.55 -0.0222072 357
12611.8 846.496 2114.21 -0.157896 357
13113.2 1141.61 2434.55 -0.0222072 358
12611.8 846.496 2114.21 -0.157896 358
13113.2 1141.6 2434.55 -0.0222141 359
12611.8 846.514 2114.21 -0.157888 359
13113.2 1141.6 2434.55 -0.0222141 360
12611.8 846.514 2114.21 -0.157888 360
13113.2 1141.6 2434.55 -0.0222141 361
12611.8 846.514 2114.21 -0.157888 361
13113.2 1141.6 2434.55 -0.0222141 362
12611.8 846.514 2114.21 -0.157888 362
