# x y d a f
12865.2 1179.65 1515.85 0.0707534 1
13210.1 1397.58 1825.91 0.168823 1
13479.4 1623.7 2060 0.24677 1
12865.2 1179.65 1515.85 0.0707454 2
13210 1397.47 1825.91 0.168765 2
13479.4 1623.84 2060 0.246824 2
12865 1179.75 1515.85 0.0711253 3
13209.9 1397.89 1825.91 0.16924 3
13479.1 1624.2 2060 0.247215 3
12865 1179.84 1515.85 0.0711025 4
13209.9 1397.78 1825.91 0.169118 4
13479.1 1624.24 2060 0.247174 4
12865.1 1179.93 1515.85 0.0711115 5
13209.9 1397.76 1825.91 0.169074 5
13479.2 1624.44 2060 0.247228 5
12865 1179.76 1515.85 0.0711685 6
13209.8 1397.78 1825.91 0.169216 6
13479.1 1624.23 2060 0.247252 6
12865.1 1179.37 1515.85 0.0707061 7
13210 1397.13 1825.91 0.168706 7
13479.4 1623.72 2060 0.246862 7
12865.2 1179.65 1515.85 0.0706986 8
13210.1 1397.61 1825.91 0.168799 8
13479.5 1624 2060 0.246858 8
12865.2 1179.94 1515.85 0.0707224 9
13210.1 1397.71 1825.91 0.168723 9
13479.5 1624.34 2060 0.246895 9
12865.2 1179.86 1515.85 0.0707051 10
13210.1 1397.58 1825.91 0.168685 10
13479.5 1624.2 2060 0.246855 10
12865.1 1180.29 1515.85 0.0711466 11
13209.9 1398.34 1825.91 0.16921 11
13479.2 1624.78 2060 0.247243 11
12865.2 1179.6 1515.85 0.0707066 12
13210 1397.31 1825.91 0.168681 12
13479.4 1623.85 2060 0.246818 12
12865.2 1179.93 1515.85 0.0707668 13
13210.1 1397.95 1825.91 0.16888 13
13479.5 1624.2 2060 0.246865 13
12865.1 1180.07 1515.85 0.0710145 14
13209.9 1398.05 1825.91 0.169073 14
13479.2 1624.73 2060 0.247228 14
12865.2 1179.87 1515.85 0.0707492 15
13210.1 1397.8 1825.91 0.168822 15
13479.5 1624.08 2060 0.246832 15
12865 1179.97 1515.85 0.0711084 16
13209.9 1398.03 1825.91 0.169185 16
13479.1 1624.44 2060 0.247212 16
12865.2 1179.69 1515.85 0.0707805 17
13210.1 1397.65 1825.91 0.168859 17
13479.4 1624.06 2060 0.246919 17
12865.1 1180.45 1515.85 0.0713934 18
13210 1398.62 1825.91 0.169465 18
13479.3 1625.39 2060 0.247592 18
12836.6 1178.63 1487.78 0.0712403 19
13210 1397.37 1825.91 0.168612 19
13479.3 1623.59 2060 0.246637 19
12865 1180.56 1515.85 0.0710358 20
13209.8 1398.68 1825.91 0.169166 20
13479 1625.12 2060 0.247214 20
12865.1 1180.51 1515.85 0.0708923 21
13209.9 1398.47 1825.91 0.168967 21
13479.2 1624.75 2060 0.246973 21
12865 1180.87 1515.85 0.0710093 22
13209.8 1398.93 1825.91 0.169111 22
13479 1625.38 2060 0.247176 22
12865 1181.17 1515.85 0.0710919 23
13209.7 1399.1 1825.91 0.169116 23
13479 1625.59 2060 0.247198 23
12864.9 1180.9 1515.85 0.0707554 24
13209.6 1398.92 1825.91 0.168895 24
13478.8 1625.35 2060 0.246986 24
12783 1170.83 1434.64 0.0682713 25
13126.7 1380.23 1746.52 0.166964 25
13678.1 1827.45 2231.67 0.305791 25
12994 1194.42 1639.59 0.0732603 26
13044.6 1215.78 1673.75 0.0848605 27
13525.6 1484.7 2114.21 0.184714 27
13308.6 1249.17 1868.37 0.0961485 28
14015.2 1592.74 2510.63 0.196615 28
14799.5 2036.12 3213.6 0.274916 28
13122.7 1249.66 1639.59 0.112431 29
13717.3 1555.98 2171.35 0.211673 29
13126.6 1271.29 1639.59 0.124341 30
13722.4 1584.58 2171.35 0.222829 30
12905.2 1221.3 1339 0.127985 31
13293.8 1458.42 1673.75 0.226337 31
12779.6 1183.57 1147.72 0.132763 32
13140.3 1395.86 1460.73 0.231056 32
12667.1 1145.7 991.853 0.131311 33
12926.1 1320.21 1217.27 0.232449 33
12662.6 1131.39 945.178 0.131179 34
12656.7 1109.63 902.698 0.116907 35
13103 1449.84 1317.05 0.310786 35
12597 1081.59 828.248 0.0938597 36
12838.3 1238.89 1057.11 0.210307 36
12628.8 1078.13 819.797 0.0800567 37
12884.3 1244.19 1071.2 0.206435 37
12707.2 1094.1 873.262 0.0849405 38
12997.1 1280.5 1164.35 0.215185 38
12657.4 1085.23 772.501 0.0654757 39
12907.1 1255.26 1030 0.20618 39
13224.3 1569.24 1361.7 0.369818 39
12629.6 1068.4 743.89 0.0465968 40
12882.4 1232.94 1004.25 0.19041 40
13106.2 1406.92 1236 0.28764 40
13203 1540.38 1339 0.356648 40
13371 1730.57 1515.85 0.427634 40
12676 1061.95 757.925 0.0244428 41
12963.3 1239.64 1057.11 0.178334 41
13210.5 1428.22 1317.05 0.279981 41
13343.5 1583.2 1460.73 0.351428 41
13676.4 2048.54 1825.91 0.507804 41
12667.8 1064.12 717.322 0.0134081 42
12939.7 1237.41 1004.25 0.17456 42
13174.6 1420.73 1255.31 0.279994 42
13463.4 1766.59 1575.3 0.427414 42
13611.9 2015.09 1746.52 0.511276 42
12723.3 1072.48 743.89 0.00829102 43
13017.3 1260.33 1057.11 0.176283 43
13278.3 1461.56 1339 0.284591 43
13465.1 1643.1 1545 0.358734 43
13607.7 1845.01 1709.36 0.433784 43
13780.8 2125.49 1912.86 0.518959 43
12711.3 1087.66 669.501 -0.00510022 44
12997.6 1271.89 979.757 0.17621 44
13247.2 1468.32 1255.31 0.289974 44
13403.5 1637.49 1434.64 0.367247 44
13579.2 1849.97 1639.59 0.443858 44
13728.3 2115.5 1825.91 0.530867 44
12716.9 1072.81 642.721 -0.0447801 45
13027.9 1261.47 979.757 0.153138 45
13275 1460.79 1255.31 0.274708 45
13668.6 1873.09 1709.36 0.434111 45
13829.6 2153.9 1912.86 0.523309 45
12721.2 1088.75 613.283 -0.044935 46
13036.3 1278.35 956.43 0.158793 46
13284.7 1479.31 1236 0.282187 46
13480 1665.9 1460.73 0.363457 46
13657.4 1886.72 1673.75 0.443727 46
13847.8 2183.93 1912.86 0.532939 46
13943.5 2487.96 2060 0.62409 46
13054.5 1282.75 912.956 0.140415 47
13323.7 1491.21 1217.27 0.273582 47
13533.5 1686.46 1460.73 0.359439 47
13740.1 1924.63 1709.36 0.442345 47
13934.5 2233.3 1959.51 0.534329 47
13102.3 1308.64 902.698 0.140105 48
13377.5 1524.9 1217.27 0.278949 48
13609.1 1734 1487.78 0.367268 48
13820.1 1983.17 1746.52 0.452179 48
13073.5 1293.63 854.682 0.124689 49
13344.8 1504.33 1164.35 0.269383 49
13577.1 1709.3 1434.64 0.359982 49
13804 1960.45 1709.36 0.445898 49
13992.4 2273.32 1959.51 0.540758 49
14132.8 2626.78 2171.35 0.635623 49
13100.3 1298.26 863.872 0.122154 50
13376.8 1516.74 1181.47 0.271306 50
13615.4 1729.3 1460.73 0.363748 50
13849.8 1989.87 1746.52 0.450648 50
14045.5 2314.49 2008.5 0.546082 50
14191.8 2682.17 2231.67 0.641552 50
13079 1296.28 811.516 0.109367 51
13357.5 1512.32 1131.55 0.265963 51
13594.3 1722.5 1409.48 0.361578 51
13808 1971.5 1673.75 0.45069 51
14024.8 2303.01 1959.51 0.54721 51
14159.8 2659.87 2171.35 0.643899 51
13102.9 1302.98 819.797 0.106605 52
13372 1520.39 1131.55 0.265964 52
13608 1731.15 1409.48 0.362152 52
13820.6 1981.41 1673.75 0.452118 52
14036 2313.83 1959.51 0.549153 52
14169.5 2671.19 2171.35 0.646172 52
13104.8 1306.59 803.401 0.101714 53
13373.9 1524.02 1115.83 0.264532 53
13624 1740.1 1409.48 0.362034 53
13835.6 1990.94 1673.75 0.452638 53
14049.5 2323.63 1959.51 0.550122 53
14181.4 2681.5 2171.35 0.64771 53
13105.7 1308.39 787.648 0.0957498 54
13374.5 1525.35 1100.55 0.261911 54
13615.5 1737.53 1385.17 0.360728 54
13817 1983.37 1639.59 0.452833 54
14018.7 2306.98 1912.86 0.551362 54
14141 2652.63 2114.21 0.649249 54
13093.2 1312.79 757.925 0.0931995 55
13362.7 1525.94 1071.2 0.260949 55
13587.4 1730.93 1339 0.361321 55
13801.5 1978.31 1606.8 0.453452 55
13992.3 2292.8 1868.37 0.552587 55
14105.9 2627.58 2060 0.650909 55
13091.8 1311.89 723.785 0.0755881 56
13351.8 1524.74 1030 0.254963 56
13592.6 1735.37 1317.05 0.359351 56
13794.7 1979.12 1575.3 0.454389 56
13972 2286.43 1825.91 0.555774 56
14118.5 2644.35 2060 0.655193 56
13088.9 1311.36 704.738 0.0656418 57
13355.5 1522.92 1016.96 0.248179 57
13588.9 1729.44 1295.81 0.354109 57
13783.1 1967.69 1545 0.450424 57
13988.5 2286.8 1825.91 0.551683 57
14090.7 2611.47 2008.5 0.652032 57
13083.9 1311.53 680.848 0.0548456 58
13348.8 1521.42 991.853 0.243209 58
13585.9 1728.47 1275.24 0.351642 58
13771.3 1961.88 1515.85 0.449346 58
13965.5 2272.6 1785.34 0.551832 58
14101.9 2618.71 2008.5 0.652546 58
13084.9 1309.58 663.968 0.041454 59
13353.3 1521.33 979.757 0.237303 59
13581.5 1726.99 1255.31 0.349303 59
13784.2 1967.81 1515.85 0.448203 59
13976.2 2279.37 1785.34 0.551972 59
14110.3 2625.6 2008.5 0.653527 59
13080.9 1317.38 642.721 0.0397222 60
13346.7 1526.97 956.43 0.238533 60
13577.9 1733.1 1236 0.351817 60
13771.3 1969.55 1487.78 0.451579 60
14076.3 2609.89 1959.51 0.658245 60
13986.8 2293.95 1785.34 0.555609 60
13090.5 1310.77 618.001 0.00702996 61
13357.3 1522.29 934.187 0.221271 61
13608.9 1734.9 1236 0.339815 61
13800.6 1972.78 1487.78 0.443097 61
14014.2 2297.36 1785.34 0.549517 61
14143.6 2644.14 2008.5 0.65334 61
13361.3 1530.16 923.449 0.222365 62
13603.9 1741.24 1217.27 0.342833 62
13811.6 1986.13 1487.78 0.44647 62
14107.6 2629.1 1959.51 0.658653 62
13988.2 2292.27 1746.52 0.554331 62
13068.6 1315.07 561.819 -0.0156198 63
13340.7 1521.69 882.858 0.211564 63
13572.2 1725.52 1164.35 0.335928 63
13781 1964.72 1434.64 0.440856 63
13973 2273.18 1709.36 0.549636 63
14084.9 2599.66 1912.86 0.654956 63
13357.8 1529.65 882.858 0.208862 64
13604.2 1740.56 1181.47 0.335272 64
13819 1986.64 1460.73 0.441568 64
14017.8 2304.87 1746.52 0.551336 64
14134.1 2642.31 1959.51 0.657453 64
13365.4 1527.44 854.682 0.191012 65
13603.8 1738.4 1147.72 0.326614 65
13823.1 1987.37 1434.64 0.43758 65
14008.3 2299.77 1709.36 0.551069 65
14152.5 2657.5 1959.51 0.659024 65
13363 1530.61 836.876 0.187642 66
13603 1740.81 1131.55 0.32502 66
13813.6 1985.52 1409.48 0.437404 66
14021.1 2308.13 1709.36 0.550919 66
14124.6 2637.04 1912.86 0.659966 66
14202.5 3035.21 2114.21 0.771492 66
13332.7 1526.14 787.648 0.180177 67
13576.8 1732.28 1085.68 0.320749 67
13764.8 1963.72 1339 0.435882 67
13973.6 2279.5 1639.59 0.550646 67
14099.1 2616.5 1868.37 0.660242 67
14169.1 3000.28 2060 0.772125 67
13343.4 1529.52 780.001 0.172626 68
13579.8 1735.11 1071.2 0.317593 68
13780.3 1971.8 1339 0.434154 68
13987.4 2288.61 1639.59 0.55036 68
14111.1 2626 1868.37 0.660822 68
14178.9 3010.13 2060 0.773551 68
13385.4 1533.62 787.648 0.153043 69
13637.7 1753.22 1100.55 0.308776 69
13847.7 2005.18 1385.17 0.431563 69
14068.1 2342.79 1709.36 0.55146 69
14273.1 3117.13 2171.35 0.780006 69
14200.6 2704.09 1959.51 0.66469 69
13378.5 1536.77 765.144 0.148756 70
13624.2 1752.85 1071.2 0.30738 70
13839.9 2004.41 1361.7 0.43104 70
14049.4 2333.75 1673.75 0.551925 70
14238.2 3082.3 2114.21 0.781019 70
14172.7 2684.68 1912.86 0.665945 70
13360.5 1536.96 730.365 0.142654 71
13612.4 1752.93 1043.38 0.305875 71
13811 1997.48 1317.05 0.432846 71
14028.3 2328.74 1639.59 0.5551 71
14141.1 2670.28 1868.37 0.670345 71
14239.3 3096.42 2114.21 0.786012 71
13602.3 1757.18 1016.96 0.306732 72
13825.1 2009.86 1317.05 0.433899 72
14011.8 2325.67 1606.8 0.557769 72
14151.3 2684.38 1868.37 0.67298 72
13573.7 1740.7 967.953 0.294255 73
13787 1982.97 1255.31 0.42477 73
13976.7 2290.99 1545 0.550157 73
14101.6 2628.82 1785.34 0.666715 73
13567.6 1745.25 945.178 0.293792 74
13766 1980.75 1217.27 0.426632 74
13963.4 2289.67 1515.85 0.552622 74
14079.4 2618.71 1746.52 0.669936 74
14153.6 3004.11 1959.51 0.787372 74
13585.5 1746.18 945.178 0.283471 75
13798.9 1991.51 1236 0.420633 75
13976.3 2295.34 1515.85 0.550244 75
14121.8 2649.35 1785.34 0.668813 75
13573.5 1741.96 912.956 0.275271 76
13782.8 1982.96 1199.11 0.415888 76
13968.1 2287.82 1487.78 0.547476 76
14104.2 2632.46 1746.52 0.667618 76
14173.3 3018.76 1959.51 0.787823 76
14273.1 3328.74 2171.35 0.847797 76
13601.1 1764.79 912.956 0.276884 77
13805.6 2010.64 1199.11 0.42201 77
13985.2 2319.36 1487.78 0.556406 77
14177.6 3053.47 1959.51 0.799464 77
14115.1 2666.58 1746.52 0.678297 77
14272.4 3364.19 2171.35 0.859901 77
13826.6 2004.43 1181.47 0.402876 78
14019.9 2322.16 1487.78 0.543125 78
14179 2694.75 1785.34 0.668553 78
14244.1 3095.25 2008.5 0.792887 78
14344.9 3416.16 2231.67 0.853979 78
13824.7 2011.55 1164.35 0.404419 79
14031.8 2336.73 1487.78 0.545395 79
14156.3 2686.75 1746.52 0.672512 79
14250 3112.06 2008.5 0.79718 79
14348.8 3432.78 2231.67 0.858351 79
13806.6 2009.95 1115.83 0.401125 80
13985.9 2317.78 1409.48 0.547073 80
14144 2685.16 1709.36 0.675476 80
14225.4 3098.49 1959.51 0.802334 80
14273.3 3359.18 2114.21 0.864214 80
13770 1987.68 1057.11 0.390902 81
13962.4 2293.27 1361.7 0.53903 81
14105 2641.4 1639.59 0.669509 81
14174.7 3028.71 1868.37 0.79718 81
14252.1 3313.08 2060 0.859343 81
13797 2003.23 1071.2 0.389679 82
13994.1 2317.43 1385.17 0.540031 82
14141.3 2676.46 1673.75 0.671857 82
14213.6 3077 1912.86 0.800675 82
14295 3371.85 2114.21 0.862878 82
13785.9 2007.56 1043.38 0.391401 83
13963.8 2312.57 1339 0.545648 83
14118.4 2675.57 1639.59 0.67912 83
14212.1 3098.96 1912.86 0.809208 83
14251.5 3349.16 2060 0.871971 83
13815 2014.06 1043.38 0.377566 84
13992.1 2320.77 1339 0.536118 84
14146.4 2684.26 1639.59 0.671895 84
14240.2 3107.74 1912.86 0.803484 84
14318.5 3401.3 2114.21 0.866219 84
13775.5 1991.79 979.757 0.36526 85
13975.1 2299.26 1295.81 0.526093 85
14114.9 2644.71 1575.3 0.66436 85
14196.2 3042.76 1825.91 0.797389 85
14264.4 3314.6 2008.5 0.860638 85
13781.6 1999.44 956.43 0.358562 86
13978.7 2310.58 1275.24 0.526912 86
14105 2651.13 1545 0.669617 86
14203.8 3068.44 1825.91 0.804493 86
14267.2 3341.09 2008.5 0.869033 86
15616.7 4306.66 3651.82 0.763119 86
13780.8 2016.02 945.178 0.367595 87
13965.9 2325.04 1255.31 0.538314 87
14104.3 2677.19 1545 0.681489 87
14196.1 3096.57 1825.91 0.817481 87
14255.7 3369.33 2008.5 0.881981 87
15593.7 4348.87 3651.82 0.775159 87
13802.4 2014.87 945.178 0.351363 88
13987 2325.28 1255.31 0.526869 88
14125.2 2678.15 1545 0.672794 88
14217.5 3097.47 1825.91 0.810393 88
14313.7 3411.14 2060 0.874948 88
13795.4 2018.92 923.449 0.350607 89
13981.7 2328.76 1236 0.528062 89
14111.1 2674.13 1515.85 0.675309 89
14194.5 3081.65 1785.34 0.813735 89
14283.1 3383.69 2008.5 0.878452 89
13754.7 2011.6 863.872 0.349807 90
13930.3 2310.31 1164.35 0.532387 90
14073.3 2658.04 1460.73 0.681261 90
14139.7 3043.78 1709.36 0.821602 90
14213.6 3325.06 1912.86 0.886962 90
13773.6 2013.92 863.872 0.337537 91
13960.8 2323.79 1181.47 0.525788 91
14085.1 2665.79 1460.73 0.679162 91
14175.2 3079.52 1746.52 0.820998 91
14252.1 3371.01 1959.51 0.887329 91
13963 2323 1164.35 0.52012 92
14102.3 2673.14 1460.73 0.674373 92
14165.2 3059.65 1709.36 0.817862 92
14237.5 3340.34 1912.86 0.884355 92
13982.2 2321.94 1164.35 0.507718 93
14120.8 2672.94 1460.73 0.665345 93
14210.2 3087.35 1746.52 0.810624 93
14287.9 3377.18 1959.51 0.877712 93
15670.5 4365.92 3651.82 0.764045 93
13965.8 2321.68 1131.55 0.509609 94
14109.8 2673.27 1434.64 0.668327 94
14190.3 3076.28 1709.36 0.814413 94
14260.9 3356.35 1912.86 0.881961 94
15553.7 4274.39 3493.05 0.767874 94
13802.3 2028.51 803.401 0.295821 95
13980.5 2335.44 1115.83 0.504458 95
14112 2682.59 1409.48 0.668791 95
14206.2 3102.38 1709.36 0.817898 95
14273.3 3382.23 1912.86 0.886481 95
13935.3 2330.99 1043.38 0.511798 96
14065.9 2672.91 1339 0.680313 96
14156.2 3085.98 1639.59 0.832224 96
14208.5 3347.82 1825.91 0.901802 96
13950.9 2321.11 1016.96 0.485761 97
14087.4 2663.02 1317.05 0.66061 97
14172.6 3065.21 1606.8 0.816673 97
14249.5 3350.13 1825.91 0.887249 97
13974.3 2342.67 1030 0.487545 98
14109.3 2695.79 1339 0.667132 98
14192.3 3111.34 1639.59 0.826219 98
14269.2 3407.02 1868.37 0.89775 98
14207.7 3842.18 2060 1.03493 98
13966.7 2336.22 1004.25 0.479771 99
14107.8 2687.88 1317.05 0.660942 99
14185.7 3092.36 1606.8 0.821144 99
14258.4 3377.77 1825.91 0.893109 99
14196.4 3798.73 2008.5 1.03075 99
15608.8 4357.42 3493.05 0.771261 99
13940.2 2322.3 956.43 0.473104 100
14072 2660.29 1255.31 0.658388 100
14152.8 3056.84 1545 0.820661 100
14241.1 3354.55 1785.34 0.892846 100
14174.9 3761.92 1959.51 1.03188 100
14011.3 2359.9 1016.96 0.467356 101
14151.2 2723.84 1339 0.656849 101
14227.6 3141.92 1639.59 0.822051 101
14331.2 3472.53 1912.86 0.894942 101
14265.1 3922.13 2114.21 1.0352 101
13977.5 2356.58 967.953 0.47282 102
14102.4 2708.07 1275.24 0.667142 102
14197.7 3141.99 1606.8 0.834466 102
14261 3428.25 1825.91 0.908948 102
14212.3 3894.99 2060 1.05 102
13968.5 2344.85 923.449 0.452982 103
14103.6 2693 1236 0.651703 103
14188.7 3105.04 1545 0.822155 103
14271.2 3402.65 1785.34 0.896764 103
14222.7 3853.6 2008.5 1.03905 103
13929.9 2327.37 863.872 0.446508 104
14057.9 2661.22 1164.35 0.650418 104
14137.1 3054.84 1460.73 0.823742 104
14226.5 3353.59 1709.36 0.899144 104
14170 3775.33 1912.86 1.04291 104
13924.7 2328.78 828.248 0.43465 105
14055.5 2660.72 1131.55 0.644473 105
14138.8 3056.01 1434.64 0.821691 105
14221.1 3345.61 1673.75 0.898621 105
14159.4 3753.72 1868.37 1.04414 105
13939.3 2339.47 828.248 0.429787 106
14065.7 2674.39 1131.55 0.644633 106
14144.6 3071.4 1434.64 0.824702 106
14224.8 3361.04 1673.75 0.90218 106
14159.4 3768.65 1868.37 1.04878 106
14041.6 2660.45 1085.68 0.643003 107
14138.3 3065.99 1409.48 0.82411 107
14212.7 3346.78 1639.59 0.902317 107
14143.9 3742.01 1825.91 1.05 107
14079.9 2685.53 1100.55 0.632643 108
14156.6 3086 1409.48 0.82188 108
14249.8 3393.76 1673.75 0.901766 108
14175.8 3800.16 1868.37 1.05236 108
13951.9 2346.21 772.501 0.393022 109
14080.4 2687.14 1085.68 0.62904 109
14168.1 3096.18 1409.48 0.819491 109
14260 3404.56 1673.75 0.900614 109
14184.5 3811.04 1868.37 1.05222 109
14068.7 2685.76 1057.11 0.628967 110
14159.3 3095.18 1385.17 0.821844 110
14245 3393.61 1639.59 0.903029 110
14165.8 3787.42 1825.91 1.05548 110
13940 2346.61 704.738 0.362672 111
14065.7 2682.76 1016.96 0.617489 111
14149.2 3084.59 1339 0.818516 111
14241.7 3391.12 1606.8 0.902487 111
14176.6 3809.97 1825.91 1.05809 111
13935.6 2353.44 686.668 0.360672 112
14063.8 2691.89 1004.25 0.620161 112
14152.8 3102.28 1339 0.823455 112
14221.6 3385.06 1575.3 0.90905 112
14172 3827.92 1825.91 1.06522 112
14069.8 2693.63 991.853 0.611833 113
14153.2 3095.99 1317.05 0.818029 113
14237.8 3394.06 1575.3 0.903891 113
14166.5 3799.96 1785.34 1.06162 113
14048.5 2672.33 945.178 0.600637 114
14125.3 3057.56 1255.31 0.811481 114
14213.9 3353.35 1515.85 0.89909 114
14158.4 3770 1746.52 1.05837 114
14081.7 2698.39 967.953 0.59624 115
14163.4 3102.13 1295.81 0.811235 115
14240 3392.5 1545 0.900457 115
14182.9 3821.59 1785.34 1.06108 115
14073.4 2699.27 945.178 0.595081 116
14156.8 3101.69 1275.24 0.812279 116
14246 3407.06 1545 0.90216 116
14185.7 3835.83 1785.34 1.06398 116
14048.1 2677.86 892.668 0.583574 117
14131 3070.12 1217.27 0.807163 117
14205.2 3351.1 1460.73 0.899208 117
14156.3 3775.98 1709.36 1.06284 117
14075.8 2697.83 892.668 0.570466 118
14165.9 3106.63 1236 0.801944 118
14242 3395.61 1487.78 0.896153 118
14190.2 3833.48 1746.52 1.06294 118
14053.2 2682.44 845.685 0.560613 119
14139.8 3080.81 1181.47 0.79934 119
14218.4 3366.88 1434.64 0.894927 119
14177.3 3811.95 1709.36 1.06387 119
14048.8 2687.78 828.248 0.559929 120
14133.5 3085.21 1164.35 0.802431 120
14205.4 3364.55 1409.48 0.899313 120
14157.6 3796.61 1673.75 1.06961 120
14068.1 2710.02 819.797 0.550803 121
14151.9 3115.71 1164.35 0.802062 121
14235.7 3415.57 1434.64 0.901335 121
14182.6 3860.46 1709.36 1.07498 121
14048.6 2686.15 772.501 0.529159 122
14137.8 3084.6 1115.83 0.788567 122
14224.8 3379.84 1385.17 0.890122 122
14167 3800.6 1639.59 1.06685 122
14048.3 2694.05 757.925 0.526178 123
14135.7 3090.73 1100.55 0.789268 123
14216.2 3379.31 1361.7 0.892438 123
14169.9 3817.9 1639.59 1.07028 123
14047.1 2700.34 743.89 0.523137 124
14122.7 3084.98 1071.2 0.789884 124
14207.9 3376.83 1339 0.893955 124
14156 3803.33 1606.8 1.07339 124
14149.9 3104.29 1085.68 0.780334 125
14221.5 3387.56 1339 0.888806 125
14182.5 3843.78 1639.59 1.07117 125
14126.5 3095.59 1030 0.780649 126
14206.8 3384.87 1295.81 0.891305 126
14155.6 3816.64 1575.3 1.07741 126
14030.6 2703.27 658.525 0.487282 127
14126.3 3103.2 1016.96 0.780525 127
14200.8 3386.22 1275.24 0.892713 127
14143.9 3806.65 1545 1.08069 127
14221.8 3388.79 1275.24 0.879121 128
14179.3 3837.09 1575.3 1.07046 128
14147 3111.65 1004.25 0.762464 129
14215 3389.52 1255.31 0.880638 129
14166.2 3826.09 1545 1.07394 129
14129.4 3104.07 967.953 0.762789 130
14209.6 3392.31 1236 0.881947 130
14154.7 3817.67 1515.85 1.07733 130
14121.4 3103.22 945.178 0.761923 131
14191.9 3379.82 1199.11 0.883417 131
14143.5 3808.01 1487.78 1.08031 131
14133 3112.92 923.449 0.747779 132
14202.4 3393.23 1181.47 0.876721 132
14156.9 3835.61 1487.78 1.08006 132
15376.1 4244.46 2591.62 0.741869 132
14121.6 3110.72 882.858 0.7416 133
14196.7 3393.48 1147.72 0.873783 133
14140.8 3814.95 1434.64 1.08187 133
15334.1 4218.2 2510.63 0.740685 133
14128.1 3116.79 854.682 0.726215 134
14197.1 3397.25 1115.83 0.867278 134
14153.4 3843.56 1434.64 1.08185 134
14114.9 3112.96 811.516 0.717822 135
14194.1 3400.3 1085.68 0.862955 135
14139.7 3826.5 1385.17 1.08292 135
14126.3 3117.39 787.648 0.695676 136
14199.9 3401.62 1057.11 0.850551 136
14145.3 3830.2 1361.7 1.07861 136
14195 3391.48 1030 0.842754 137
14146.8 3820.72 1339 1.0733 137
14099.2 3100.36 723.785 0.681329 138
14184.4 3388.44 1004.25 0.843034 138
14138.5 3817.6 1317.05 1.07612 138
14211.8 3424 1030 0.839874 139
14165.6 3874.3 1361.7 1.07675 139
14191.2 3406.61 967.953 0.831199 140
14145.5 3846.26 1295.81 1.07667 140
14183.7 3404.71 945.178 0.829233 141
14129.5 3826.36 1255.31 1.07853 141
14186.4 3408.23 912.956 0.815615 142
14134.2 3838.55 1236 1.07585 142
14185.7 3406.11 892.668 0.80672 143
14137.5 3835.55 1217.27 1.07021 143
14149.7 3846.46 1217.27 1.06365 144
15576.7 4435.05 2510.63 0.6938 144
14144.1 3846.63 1199.11 1.06521 145
14129.6 3833.1 1164.35 1.06772 146
14125.9 3837.48 1147.72 1.06907 147
14162.1 3893.62 1181.47 1.05953 148
14150.2 3863.68 1115.83 1.04915 149
14147.8 3883.94 1115.83 1.05605 150
14144.9 3904.24 1115.83 1.06342 151
14157.1 3412.73 663.968 0.715281 152
14116.9 3843.2 1016.96 1.05092 152
14143.9 3861.34 1030 1.03356 153
15492.7 4401.5 2171.35 0.657376 153
14126.1 3853.88 979.757 1.0345 154
15370.1 4339.11 2008.5 0.658798 154
14125.7 3850.42 945.178 1.02349 155
14125.2 3844.35 923.449 1.01521 156
14118.9 3845.33 902.698 1.01479 157
14101.6 3835.85 854.682 1.0134 158
14116.6 3847.5 854.682 0.999643 159
14111.9 3851.12 836.876 0.998316 160
14103.5 3843.78 795.447 0.98788 161
14115.2 3848.52 787.648 0.971505 162
14101.9 3837.44 737.065 0.958861 164
14123.7 3870.42 757.925 0.95067 165
