# x y d a f
13052.6 1192.26 2434.55 -0.0270112 1
13708.4 1449.57 2975.56 0.0575233 1
14710.4 1767.35 3825.72 0.118189 1
13708 1448.19 2975.56 0.0571086 2
12978.1 1195.41 2362.94 -0.0265607 2
13036.7 1584.82 2295.43 0.12438 2
13708.4 1449.56 2975.56 0.0575201 3
12978.2 1195.6 2362.94 -0.026483 3
13036.6 1584.43 2295.43 0.124239 3
13594.7 1444.32 2869.29 0.0579356 4
12978.2 1195.52 2362.94 -0.0265177 4
13036.7 1584.71 2295.43 0.124342 4
13594.8 1444.76 2869.29 0.0580749 5
12978.2 1195.64 2362.94 -0.0264681 5
13036.6 1584.43 2295.43 0.124239 5
12978.2 1195.52 2362.94 -0.0265149 6
13036.7 1584.82 2295.43 0.12438 6
12978.2 1195.49 2362.94 -0.0265298 7
14710.5 1767.55 3825.72 0.118234 7
12978.3 1195.77 2362.94 -0.0264179 8
14710.5 1767.52 3825.72 0.118228 8
12978.2 1195.68 2362.94 -0.0264531 9
13708.4 1449.47 2975.56 0.0574932 9
13036.7 1584.72 2295.43 0.124346 9
12978.2 1195.64 2362.94 -0.0264681 10
13489 1440.19 2770.35 0.0585922 10
13036.6 1584.44 2295.43 0.124243 10
12978.2 1195.61 2362.94 -0.0264823 11
13594.7 1444.49 2869.29 0.0579906 11
13036.7 1584.81 2295.43 0.124377 12
14980.1 1302.82 4228.43 0.00894448 12
12977.4 1193.74 2362.94 -0.0265713 13
13594 1442.8 2869.29 0.0579744 13
13036 1583.04 2295.43 0.124326 13
13052 1190.89 2434.55 -0.0270167 14
13488.2 1438.27 2770.35 0.0584122 14
13036.2 1583.56 2295.43 0.124417 14
12977.8 1194.51 2362.94 -0.0264701 15
13488.8 1439.61 2770.35 0.0587698 15
13036.3 1583.69 2295.43 0.124382 15
12977.8 1194.48 2362.94 -0.0265211 16
13594.4 1443.6 2869.29 0.0580316 16
13036.3 1583.58 2295.43 0.124302 16
13594.4 1443.54 2869.29 0.057984 17
13036.4 1583.87 2295.43 0.124375 17
14979.7 1301.43 4228.43 0.00884217 17
13488.6 1438.95 2770.35 0.0584679 18
13036.6 1584.24 2295.43 0.124477 18
13052.3 1190.53 2434.55 -0.0273207 19
13488.7 1438.39 2770.35 0.0583179 19
13055.6 1197.56 2434.55 -0.0241629 20
13597.1 1452.65 2869.29 0.0612758 20
13038.6 1591.05 2295.43 0.127646 20
13053.5 1191.17 2434.55 -0.0269059 21
13037.5 1584.46 2295.43 0.12483 21
14980.6 1303.03 4228.43 0.00930225 21
13594.7 1443.52 2869.29 0.0580553 22
13037.1 1584.86 2295.43 0.124859 22
14757.4 1302.82 4017 0.00966809 22
13036.3 1584.46 2295.43 0.124535 23
12976.8 1194.24 2362.94 -0.0269558 27
13706.9 1449.46 2975.56 0.0575709 27
14978.6 1303.34 4228.43 0.0091054 28
12977.1 1195.1 2362.94 -0.0266326 29
13707.1 1449.54 2975.56 0.0575782 29
13051.5 1191.83 2434.55 -0.0271308 30
13036.1 1586.45 2295.43 0.125079 30
13035.6 1585.08 2295.43 0.124573 31
12977.3 1195.27 2362.94 -0.0265785 32
12977.4 1195.57 2362.94 -0.0264631 33
13707.3 1449.91 2975.56 0.0576765 33
13051.7 1192.1 2434.55 -0.0270447 34
12977.4 1195.46 2362.94 -0.0265106 35
12977.5 1195.83 2362.94 -0.0263658 36
13035.9 1585.64 2295.43 0.124762 36
13051.8 1192.11 2434.55 -0.0270502 37
13051.7 1191.94 2434.55 -0.0271193 38
13707.4 1450.05 2975.56 0.0577066 38
13035.9 1585.55 2295.43 0.124717 39
13707.3 1449.76 2975.56 0.0576121 40
13035.9 1585.46 2295.43 0.124679 40
13035.9 1585.66 2295.43 0.124751 41
14979 1303.7 4228.43 0.00914779 41
13584.4 1427.22 2869.29 0.053152 42
13080 1462.57 2362.94 0.0789978 43
14851.2 1180.04 3213.6 0.0922763 63
14847.5 1172.76 3213.6 0.0923334 64
14716.9 1167.73 3090 0.0959103 65
14841.7 1151.93 3213.6 0.0891042 66
12912.1 1060.07 1385.17 0.141587 67
14817.3 1064.58 3213.6 0.0653426 67
12890.3 1076.94 1317.05 0.167464 68
14718.3 1122.34 3090 0.08856 68
12897.8 1070.75 1275.24 0.170433 69
12890.9 1028.08 1255.31 0.143673 70
13133.5 1226.64 1460.73 0.241969 70
14754.1 1036.57 3090 0.0635382 70
12913.8 1035.97 1255.31 0.148836 71
14767.7 1056.74 3090 0.0693911 71
12856.2 1050.88 1147.72 0.166818 72
13135.8 1262.83 1409.48 0.271622 72
14488.3 1104.15 2770.35 0.0903873 72
12863.2 1031.31 1131.55 0.148408 73
13155.4 1245.45 1409.48 0.258211 73
14607.3 1076.01 2869.29 0.0758487 73
12840 1017.06 1085.68 0.137074 74
13101.9 1219.26 1339 0.250781 74
12793.6 1017.47 1016.96 0.138415 75
13055.3 1214.33 1275.24 0.254193 75
14387.7 2115.83 2591.62 0.43798 75
12767.8 1020.37 967.953 0.138515 76
12998.3 1205.41 1199.11 0.256233 76
14159.2 2018.97 2362.94 0.442232 76
12816.9 1026.16 991.853 0.131762 77
13075.4 1225.52 1255.31 0.254218 77
14389.5 2131 2591.62 0.444162 77
12818 1015.72 967.953 0.114561 78
13077.5 1215.23 1236 0.243423 78
14479.8 2150.57 2678 0.437561 78
12788 1016.41 912.956 0.11047 79
12832.2 1030.87 902.698 0.103028 80
13108.3 1238.75 1199.11 0.244971 80
14494.9 2192.62 2678 0.449674 80
12797.3 1020.02 845.685 0.0863135 81
13094.5 1226.69 1164.35 0.234279 81
14170.7 2373.14 2362.94 0.563121 81
14427.6 2137.52 2591.62 0.442311 81
12824.1 1028.66 828.248 0.0716514 82
13117.2 1238.62 1147.72 0.229064 82
13367.8 1518.01 1434.64 0.370675 82
14248.5 2437.4 2434.55 0.568857 82
14527.7 2199.74 2678 0.445989 82
12835.5 1043.47 795.447 0.0626366 83
13124.4 1257.5 1115.83 0.230872 83
13398.2 1551.16 1434.64 0.378441 83
13758.6 1767.22 1825.91 0.413409 83
14346.6 1103.24 2295.43 0.0478445 83
14326 2521.4 2510.63 0.579728 83
14629.6 2282.37 2770.35 0.45485 83
12832.8 1053.47 743.89 0.0488225 84
13140.1 1269.28 1085.68 0.226267 84
13414 1566.33 1409.48 0.380199 84
14336.5 1819.81 2362.94 0.336346 84
14273.4 1115.42 2171.35 0.0450621 84
14350.6 2548.3 2510.63 0.584642 84
14659.6 2309.21 2770.35 0.457994 84
12838.5 1049.1 730.365 0.0298346 85
13144.2 1265.34 1071.2 0.215557 85
13454.7 1577.56 1434.64 0.374208 85
14354.3 1815.23 2362.94 0.330029 85
14439.1 2591.57 2591.62 0.580036 85
14768.9 2344.81 2869.29 0.451618 85
12836.8 1060.93 704.738 0.0319913 86
13138.6 1276.56 1043.38 0.221455 86
13425.8 1579.8 1385.17 0.381706 86
14372.5 2573.15 2510.63 0.588933 86
14686.7 2330.96 2770.35 0.459722 86
12832.7 1045.12 669.501 -0.00278689 87
13141 1265.83 1016.96 0.206488 87
13427.7 1574.42 1361.7 0.377287 87
14897.6 2419.4 2975.56 0.455609 87
12868 1068.39 653.172 -0.000273297 88
13177.7 1291.54 1004.25 0.213177 88
13495.3 1615.26 1385.17 0.385387 88
14507.1 1898.49 2434.55 0.338231 88
14572.6 2717.33 2678 0.597137 88
12842.7 1065.73 582.175 -0.0312578 89
13164.5 1285.32 945.178 0.201517 89
13493.4 1611.02 1339 0.382722 89
14482.2 1879.64 2362.94 0.333207 89
14608.3 2732.94 2678 0.597766 89
14973.8 2473.22 2975.56 0.462207 89
12835.4 1067.25 557.917 -0.0461767 90
13158.1 1289.26 923.449 0.199371 90
13484.4 1617.1 1317.05 0.386178 90
13126.2 1285.58 873.262 0.191181 91
13424.4 1594.6 1236 0.382273 91
13176.6 1299.02 892.668 0.174661 92
13452.1 1609.51 1236 0.374988 92
14187.4 2761.94 2231.67 0.697593 92
13173.4 1309 873.262 0.173776 93
13465 1625.3 1236 0.376867 93
14190.1 2778.23 2231.67 0.701436 93
14929.6 2475.86 2869.29 0.461492 93
13153.9 1305.44 836.876 0.162385 94
13462.9 1619.46 1217.27 0.367913 94
14149.7 2733.25 2171.35 0.697636 94
13139.5 1297.75 803.401 0.144181 95
14108.4 2685.92 2114.21 0.693043 95
14782.1 2376.94 2678 0.449358 95
13130.9 1300.7 757.925 0.120935 96
14112.5 2698.14 2114.21 0.694423 96
14799.3 2394.65 2678 0.447783 96
13137.6 1303.8 743.89 0.107682 97
13440.5 1619.06 1131.55 0.347724 97
14523.5 1149.8 2008.5 -0.0303937 97
14110.6 2709.58 2114.21 0.697754 97
14806.3 2409.8 2678 0.44904 97
13135.5 1309.41 723.785 0.0992178 98
13439.1 1626.06 1115.83 0.346312 98
13843.8 1859.39 1575.3 0.396788 98
14607.6 1157.42 2060 -0.0322584 98
14155.6 2761.86 2171.35 0.70147 98
14812 2427.87 2678 0.451521 98
13126.5 1315.27 698.61 0.0920604 99
13826.7 1861.82 1545 0.397463 99
14156.5 2774.4 2171.35 0.704222 99
14903.2 2483.37 2770.35 0.452691 99
13143.4 1334.26 698.61 0.0920604 100
13843.5 1880.81 1545 0.397463 100
14173.3 2793.39 2171.35 0.704222 100
14920 2502.35 2770.35 0.452691 100
13145.9 1311.58 675.127 0.0446418 101
13791.7 1826.98 1460.73 0.372281 101
15173.8 1362.32 2591.62 0.0303727 101
14153.5 2722.99 2114.21 0.685131 101
14869.4 2419.81 2678 0.430896 101
13735.5 2767.79 1746.52 0.833892 102
14093 2727.41 2060 0.701383 102
14792.2 2439.08 2591.62 0.444598 102
13481.4 1648.13 1057.11 0.301432 103
13780 1845.22 1409.48 0.369657 103
13747.5 2766.25 1746.52 0.82842 103
14151.2 2759.71 2114.21 0.694094 103
14460.3 2672.37 2362.94 0.585784 103
14813.3 2433.5 2591.62 0.436018 103
13485.4 1649.8 1043.38 0.293883 104
13795.6 1852.56 1409.48 0.365249 104
13778.7 2803.03 1785.34 0.829426 104
14155.9 2766.69 2114.21 0.694135 104
14467.6 2681.01 2362.94 0.585404 104
14826 2443.01 2591.62 0.434759 104
13486.1 1664.54 1030 0.297129 105
13777.1 2824.4 1785.34 0.837098 105
14155.8 2791.12 2114.21 0.701225 105
14469.5 2707.8 2362.94 0.592044 105
14831.9 2473.1 2591.62 0.441166 105
13783.4 2777.56 1746.52 0.818046 106
14151.7 2733.38 2060 0.679791 106
14513.1 2679.1 2362.94 0.568753 106
14807.5 2404.52 2510.63 0.415934 106
15021.3 4609.63 3651.82 0.902732 106
13779.8 2794.95 1746.52 0.825206 107
14149.8 2753.49 2060 0.686225 107
14513.1 2702.08 2362.94 0.574871 107
14811.9 2430.33 2510.63 0.421834 107
13484.2 1642.72 934.187 0.232173 108
13798.2 2803.37 1746.52 0.819967 108
14383.6 1591.58 1709.36 0.0962913 108
14173.5 2760.17 2060 0.678316 108
15281.9 1775.42 2591.62 0.130703 108
14484.2 2672.16 2295.43 0.566161 108
14850.2 2433.3 2510.63 0.410465 108
15007.6 4611.56 3651.82 0.905944 108
13571.9 1647.2 967.953 0.190187 109
13975.7 1881.85 1434.64 0.292137 109
14728.5 1587.42 1959.51 0.0642087 109
13922.5 2900.58 1868.37 0.805765 109
14352.7 2866.53 2231.67 0.66096 109
14785.6 2820.53 2591.62 0.546522 109
15242.1 2556.06 2869.29 0.388016 109
15780.2 5485.29 4725.89 0.892613 109
13962.9 1907.37 1409.48 0.303996 110
13867.9 2903.52 1825.91 0.82577 110
14333.1 2909.66 2231.67 0.678944 110
14770.2 2872.79 2591.62 0.563985 110
15146.3 2579.54 2770.35 0.405272 110
15516.8 5320.69 4463.34 0.913381 110
13538.1 1675 902.698 0.199304 111
13953.7 1920.11 1385.17 0.306709 111
13868.4 2924.63 1825.91 0.832267 111
14335.2 2933.87 2231.67 0.684768 111
14774.4 2899.79 2591.62 0.569381 111
15155.7 2608.85 2770.35 0.4102 111
15495.2 5347.32 4463.34 0.920338 111
13518.4 1672.12 863.872 0.189066 112
13950.5 1919.68 1361.7 0.300515 112
13874.3 2933.39 1825.91 0.832531 112
14296.3 2905.7 2171.35 0.684421 112
14717.7 2867.12 2510.63 0.568442 112
15087.9 2582.89 2678 0.408465 112
15489.7 5346.29 4463.34 0.921236 112
13868.7 2896.37 1785.34 0.821139 113
14323.1 2893.49 2171.35 0.671065 113
14747.6 2849.86 2510.63 0.55435 113
15120.8 2560.74 2678 0.393469 113
15530.1 5311.72 4463.34 0.910347 113
13954.2 1901.9 1317.05 0.2743 114
13871.9 2907.96 1785.34 0.82338 114
14329.9 2905.95 2171.35 0.671798 114
14758.3 2863.47 2510.63 0.554409 114
15138.9 2574.88 2678 0.392679 114
15515.7 5318.8 4463.34 0.913675 114
13954.9 1905.03 1295.81 0.268259 115
13849.8 2892.92 1746.52 0.82576 115
14293.4 2885.38 2114.21 0.672805 115
14705.5 2839.51 2434.55 0.554743 115
15076.8 2556.85 2591.62 0.391807 115
13364.4 2755.26 1255.31 1.01001 116
13946.9 1918.02 1275.24 0.271429 116
13849.8 2912.81 1746.52 0.83225 116
14295.1 2907.84 2114.21 0.67853 116
14708.7 2865.16 2434.55 0.560431 116
15084.5 2584.83 2591.62 0.397177 116
15486.5 5354.87 4463.34 0.923157 116
13358.1 2723.9 1217.27 1.00299 117
13894.5 1889.34 1199.11 0.253471 117
13818.9 2856.01 1673.75 0.822766 117
14235.4 2835.58 2008.5 0.66754 117
14966.9 2508.39 2434.55 0.384035 117
13352.9 2722.76 1199.11 1.00737 118
13801.7 2846.51 1639.59 0.825621 118
14167.9 2794.64 1912.86 0.670333 118
14572.7 2766.9 2231.67 0.550406 118
14848.7 2475.41 2295.43 0.385926 118
15105.1 4815.28 3825.72 0.918136 118
13345.4 2719.29 1164.35 1.01354 119
13868.5 1911.91 1131.55 0.251086 119
13793.2 2850.68 1606.8 0.829536 119
14149.5 2797.02 1868.37 0.673286 119
14490.2 2738.37 2114.21 0.553826 119
14811.6 2482.79 2231.67 0.387791 119
15108 4844.47 3825.72 0.922089 119
13350.4 2686.54 1131.55 0.99837 120
13804.8 2810.63 1575.3 0.807248 120
14190.5 2769.95 1868.37 0.646735 120
15169.3 4788.22 3825.72 0.90172 120
13337 2712.76 1131.55 1.01946 121
13769.4 2822.36 1545 0.826883 121
14144.9 2785.57 1825.91 0.665671 121
14806 2468.78 2171.35 0.37538 121
13332.8 2693.57 1100.55 1.01598 122
13765.1 2806.51 1515.85 0.821491 122
14098.9 2741.54 1746.52 0.660123 122
14923.1 4570.31 3493.05 0.917426 122
13326.4 2677.88 1071.2 1.01532 123
13722.5 2754.64 1434.64 0.817694 123
14059.5 2702.55 1673.75 0.653631 123
14601.6 2375.11 1912.86 0.360667 123
14846 4448.25 3347.5 0.913796 123
13310.1 2683.48 1043.38 1.0318 124
13707 2770.21 1409.48 0.830311 124
14038.8 2719.43 1639.59 0.664287 124
14328.5 2651.29 1825.91 0.541052 124
14577.6 2401.52 1868.37 0.369351 124
14735.3 4384.3 3213.6 0.928048 124
13324.5 2690.91 1043.38 1.026 125
13743 2791.14 1434.64 0.820938 125
14087.7 2738.68 1673.75 0.653006 125
14430.1 2689.34 1912.86 0.527892 125
14696.3 2425 1959.51 0.355172 125
14938.4 4603.31 3493.05 0.9195 125
13305.7 2689.98 1016.96 1.04112 126
13721.8 2800.1 1409.48 0.834068 126
14059.2 2749.49 1639.59 0.665211 126
14391.8 2702.68 1868.37 0.539909 126
14657.2 2446.16 1912.86 0.366346 126
14817.5 4525.68 3347.5 0.933387 126
13319.2 2694.49 1004.25 1.03551 127
13747.5 2810.01 1409.48 0.823891 127
14088.7 2755.18 1639.59 0.652856 127
14694.6 2443.32 1912.86 0.351592 127
14425 2704.35 1868.37 0.526528 127
14943.8 4641.42 3493.05 0.924482 127
13305.9 2673.84 967.953 1.03794 128
13725.3 2784.6 1361.7 0.82202 128
14052 2724.68 1575.3 0.648895 128
14370.2 2669.52 1785.34 0.521645 128
14590 2403.82 1785.34 0.346413 128
14860.6 4527.77 3347.5 0.923883 128
13299.6 2683.44 956.43 1.04937 129
13710.4 2791.23 1339 0.83154 129
14030.9 2732.6 1545 0.657536 129
14341.2 2679.04 1746.52 0.529973 129
14561.5 2420.4 1746.52 0.35419 129
14758.4 4451.8 3213.6 0.93448 129
13318.1 2695.12 945.178 1.0454 130
13742.1 2806.17 1339 0.82082 130
14093.3 2760.29 1575.3 0.642896 130
14383.5 2685.53 1746.52 0.514842 130
14879 4564.41 3347.5 0.926425 130
13314.9 2700.75 934.187 1.05312 131
13748.9 2820.43 1339 0.823327 131
14104.4 2774.15 1575.3 0.643053 131
14433.8 2717.95 1785.34 0.513409 131
14963.9 4700.12 3493.05 0.930316 131
13325.8 2699.29 923.449 1.04663 132
13769.2 2822.87 1339 0.813713 132
14126.4 2772.36 1575.3 0.632187 132
14421.4 2694.34 1746.52 0.502741 132
14998.2 4691.63 3493.05 0.921743 132
13320.7 2696.99 902.698 1.05384 133
13748.7 2806.81 1295.81 0.816375 133
14091.2 2752.16 1515.85 0.632792 133
14405 2689.87 1709.36 0.501682 133
14679 2436.78 1746.52 0.31974 133
14999 4708.77 3493.05 0.924923 133
13319.4 2704.22 892.668 1.06232 134
13769.8 2838.38 1317.05 0.820781 134
14149.2 2803.2 1575.3 0.635009 134
14485.5 2743.86 1785.34 0.503438 134
14777.6 2480.34 1825.91 0.320841 134
15090.2 4860.74 3651.82 0.930286 134
13330.3 2716.25 892.668 1.06235 135
13783.2 2847.62 1317.05 0.818075 135
14138.8 2793.57 1545 0.632017 135
14466.1 2731.47 1746.52 0.49977 135
15105.9 4867.43 3651.82 0.928426 135
13330.7 2711.52 873.262 1.06344 136
13769.3 2825.34 1275.24 0.814014 136
14134 2780.12 1515.85 0.624772 136
14454 2714.24 1709.36 0.491597 136
14697.1 2444.56 1709.36 0.308037 136
15027.8 4741.63 3493.05 0.925293 136
13328.9 2710.78 854.682 1.06909 137
13779.8 2840.12 1275.24 0.815662 137
14146.5 2794.61 1515.85 0.62522 137
14502.9 2745.63 1746.52 0.49077 137
15130.5 4886.99 3651.82 0.927165 137
13323.1 2700.25 828.248 1.07412 138
13765.3 2821.15 1236 0.814229 138
14117.6 2769.32 1460.73 0.621248 138
14455.7 2715.7 1673.75 0.485897 138
15043.4 4767.33 3493.05 0.927252 138
13327.9 2712.43 811.516 1.08544 139
13784 2845.16 1236 0.817223 139
14163.4 2806.66 1487.78 0.620452 139
14515.5 2753.22 1709.36 0.483837 139
15149.1 4925.18 3651.82 0.931109 139
13328.1 2712.29 795.447 1.09048 140
13784.2 2841.09 1217.27 0.815298 140
14157.7 2796.71 1460.73 0.615557 140
14501.5 2739.59 1673.75 0.478038 140
15164.2 4932.61 3651.82 0.929691 140
13335.6 2728.83 795.447 1.09754 141
13793.6 2857.13 1217.27 0.818934 141
14168.9 2812.78 1460.73 0.617862 141
14513.9 2756.2 1673.75 0.479966 141
15164 4954.93 3651.82 0.933954 141
13325.9 2717.71 765.144 1.10756 142
13792.1 2855.52 1199.11 0.819498 142
14161.8 2806.3 1434.64 0.615401 142
14499.7 2746.23 1639.59 0.476012 142
15278 5109.39 3825.72 0.934659 142
13333.5 2725.29 757.925 1.11164 143
13793.7 2854.52 1181.47 0.819507 143
14156.4 2802.08 1409.48 0.613939 143
14485.9 2740.06 1606.8 0.473982 143
15183.7 4981.7 3651.82 0.935708 143
13332.6 2723.94 730.365 1.1239 144
13800 2861.07 1164.35 0.821579 144
14200.2 2830.76 1434.64 0.610866 144
14574.5 2782.57 1673.75 0.468969 144
15303.4 5145.53 3825.72 0.937341 144
13800.1 2860.31 1147.72 0.822475 145
14193.8 2824.12 1409.48 0.608502 145
14558.8 2772.34 1639.59 0.465564 145
15313.3 5159.36 3825.72 0.938283 145
13798.4 2865.21 1115.83 0.829408 146
14197.6 2836.09 1385.17 0.611199 146
14554.4 2782.25 1606.8 0.466856 146
15320.5 5197.59 3825.72 0.944447 146
13814.8 2872 1115.83 0.824586 147
14213.8 2840.95 1385.17 0.606377 147
14570.3 2785.4 1606.8 0.462034 147
15348.1 5197.02 3825.72 0.939625 147
13783.6 2843.14 1057.11 0.82913 148
14191.9 2819.97 1339 0.60173 148
14562.5 2770.22 1575.3 0.453704 148
14720.8 4996.01 3213.6 1.05442 148
15246.9 5075.71 3651.82 0.943248 148
13788.6 2844.45 1043.38 0.829258 149
14189.4 2816.63 1317.05 0.599859 149
14580.3 2776.91 1575.3 0.450375 149
14735.5 5008.68 3213.6 1.05453 149
15262.3 5087.07 3651.82 0.943026 149
13799.1 2856.58 1043.38 0.832735 150
14201.7 2827.98 1317.05 0.601372 150
14564.2 2775.21 1545 0.45198 150
14807.7 5147.29 3347.5 1.05804 150
15264.5 5105.79 3651.82 0.946838 150
13798.2 2861.83 1030 0.838137 151
14195.4 2827.47 1295.81 0.602122 151
14578.3 2784.08 1545 0.45039 151
14881.3 5305.26 3493.05 1.06304 151
15369.4 5271.93 3825.72 0.950751 151
13810.2 2876.57 1030 0.84032 152
14209.2 2840.12 1295.81 0.601829 152
14593.2 2795.38 1545 0.449127 152
14888.2 5325.96 3493.05 1.06562 152
15377.2 5291.45 3825.72 0.952899 152
13799 2857.51 991.853 0.838288 153
14193.3 2819.7 1255.31 0.594641 153
14531.9 2756.71 1460.73 0.441362 153
14836.6 5202.86 3347.5 1.0632 153
15403.5 5294.89 3825.72 0.949009 153
13796.3 2852.2 967.953 0.839138 154
14192.5 2818.4 1236 0.592659 154
14575.3 2775.07 1487.78 0.437231 154
14781.6 5094.77 3213.6 1.06376 154
15314.6 5163.7 3651.82 0.949072 154
13809.5 2859.85 956.43 0.840588 155
14201.3 2819.56 1217.27 0.589354 155
14575.8 2772.29 1460.73 0.432739 155
14869.6 5238.12 3347.5 1.06501 155
15334.7 5182.35 3651.82 0.949984 155
13797.2 2848.44 923.449 0.844967 156
14199.8 2817.94 1199.11 0.587929 156
14592.7 2777.07 1460.73 0.428621 156
14874.5 5258.17 3347.5 1.06826 156
15342 5199.34 3651.82 0.952221 156
13808 2864.01 923.449 0.84601 157
14211.9 2831.11 1199.11 0.586571 157
14605.8 2788.38 1460.73 0.42623 157
14884.3 5277.85 3347.5 1.06931 157
15457.5 5359.98 3825.72 0.952158 157
13796.6 2854.92 892.668 0.850722 158
14195.2 2822.05 1164.35 0.586173 158
14546.1 2765.84 1385.17 0.42585 158
14818.6 5175.45 3213.6 1.07334 158
15357.6 5235.69 3651.82 0.95559 158
13786.3 2834.42 854.682 0.848656 159
14170.8 2800.1 1115.83 0.581712 159
14519.8 2748.37 1339 0.420297 159
14718.8 4960.07 2975.56 1.0709 159
15199.2 4985.07 3347.5 0.952788 159
13797 2848.78 854.682 0.854043 160
14186 2812.11 1115.83 0.581957 160
14538.3 2759.1 1339 0.418874 160
14772.2 5088.81 3090 1.07757 160
13851.4 2886.04 863.872 0.847361 161
14249.6 2845.04 1131.55 0.571899 161
14610.7 2789.03 1361.7 0.40842 161
14968.3 5352.92 3347.5 1.07047 161
13803.7 2854.48 772.501 0.870172 162
14212.8 2824.71 1057.11 0.569661 162
14579.9 2772.96 1295.81 0.399081 162
14891.8 5297.11 3213.6 1.0854 162
13803 2857.65 757.925 0.876206 163
14190.5 2813.4 1016.96 0.569649 163
14554.6 2764.32 1255.31 0.396703 163
14892.5 5321.28 3213.6 1.09008 163
13794.7 2850.49 730.365 0.880987 164
14192.4 2816.97 1004.25 0.568659 164
14569.3 2772.38 1255.31 0.393757 164
14837.5 5223.07 3090 1.0927 164
13791.2 2850.6 710.974 0.88449 165
14185.4 2811.83 979.757 0.563132 165
14548 2761.49 1217.27 0.386502 165
14846.4 5243.86 3090 1.09419 165
13790.2 2851.39 692.587 0.886777 166
14178.8 2811.43 956.43 0.560972 166
14527.1 2758.44 1181.47 0.383965 166
14798.5 5152.91 2975.56 1.09577 166
13782.6 2841.32 663.968 0.887573 167
14173.6 2807.76 934.187 0.556474 167
14526.1 2757.18 1164.35 0.378041 167
14710.5 4969.42 2770.35 1.09535 167
13781.7 2840.06 632.599 0.891581 168
14155.7 2797.3 882.858 0.549557 168
14493.9 2745.72 1100.55 0.369089 168
14722 4995.34 2770.35 1.09887 168
13784 2839.84 618.001 0.892025 169
14171.3 2803.94 882.858 0.543464 169
14511.4 2750.13 1100.55 0.362362 169
14734.4 5006 2770.35 1.09864 169
13785.7 2841.7 586.424 0.899506 170
14162.1 2798.3 836.876 0.535667 170
14504.1 2748.03 1057.11 0.352044 170
14745.2 5038.6 2770.35 1.10431 170
13781.7 2837.11 550.275 0.908327 171
14168.3 2799.32 811.516 0.526398 171
14523.6 2752.28 1043.38 0.340245 171
14756.6 5068.1 2770.35 1.10897 171
13788.3 2842.9 542.839 0.910682 172
14168.3 2799.58 795.447 0.523087 172
14813.9 5176.39 2869.29 1.10997 172
13779.2 2833.63 511.72 0.91939 173
14172.7 2798.82 780.001 0.515603 173
14771.7 5102.34 2770.35 1.11384 173
15236.6 5065.21 3090 0.979402 173
13785.8 2840.6 505.284 0.923175 174
14179.1 2804.78 772.501 0.514085 174
14777.2 5118.91 2770.35 1.11667 174
15243.9 5080.27 3090 0.98142 174
13774.7 2828.45 472.589 0.932578 175
14170.5 2795.27 743.89 0.505284 175
15254.8 5093.92 3090 0.982311 175
13780.7 2832.96 461.725 0.936663 176
14173.6 2798.83 730.365 0.502967 176
15267.7 5107.53 3090 0.982911 176
13791.7 2843.05 446.334 0.945633 177
14177.6 2801.16 704.738 0.495869 177
15357.6 5238.04 3213.6 0.984786 177
13804.9 2852.76 446.334 0.944628 178
14190.8 2810.48 704.738 0.494864 178
15373.2 5246.18 3213.6 0.98378 178
14184.1 2793.86 653.172 0.479051 179
15316.1 5180.8 3090 0.992599 179
14222 2804.62 658.525 0.472375 180
15984.5 6210.84 4228.43 0.997675 180
14219.3 2802.12 637.62 0.474966 181
14224.1 2803.49 627.657 0.47788 182
14238 2801.92 622.791 0.472071 183
14226.4 2798.64 595.112 0.4823 184
14235.4 2806.32 590.736 0.492859 185
14211.6 2797.77 550.275 0.507623 186
15793 6089.61 3825.72 1.03865 186
14222.5 2795.55 542.839 0.504109 187
15941.5 6277.73 4017 1.03421 187
14189 2785.08 464.394 0.548976 188
14601.2 2757.05 780.001 0.27571 188
15361.4 5429.99 2975.56 1.0654 188
14205.2 2779.16 459.086 0.536677 189
14621.4 2743.03 780.001 0.257037 189
15491.8 5535.34 3090 1.05143 189
14207.5 2781.03 446.334 0.552203 190
14634.3 2744.2 780.001 0.257281 190
14646.3 2737.61 772.501 0.250271 191
14213.4 2768.34 391.903 0.582366 192
14628.5 2723.3 723.785 0.247263 192
14638.9 2720.95 717.322 0.245982 193
14639 2714.09 686.668 0.24862 194
14221.4 2772.92 331.984 0.68501 195
14644.6 2721.91 680.848 0.262939 195
14652.2 2719.49 669.501 0.264794 196
14628.2 2715.93 632.599 0.276588 197
14622.1 2713.41 595.112 0.294391 199
14631.8 2706.93 586.424 0.290444 200
14622.3 2701.09 542.839 0.309733 201
14636.8 2708.54 542.839 0.326762 202
14652.5 2721.81 546.531 0.352502 203
14619.3 2700.28 489.879 0.354231 204
14616.2 2706.61 472.589 0.384842 205
14610 2702.19 429.626 0.42377 206
14627.6 2709.73 431.936 0.444773 207
14633.8 2703 416.27 0.452766 208
15029.1 2402.73 692.587 -0.107648 210
14975.7 2418.18 627.657 -0.0903706 211
14993.9 2411.6 618.001 -0.0928509 212
14987.5 2415.43 595.112 -0.0861077 213
14988 2415.59 582.175 -0.0850064 214
14992.5 2410.17 569.788 -0.0923133 215
14971.9 2412.24 535.601 -0.0923381 216
14965 2419.94 511.72 -0.0813273 217
14944.4 2420.73 461.725 -0.088244 218
14936.9 2422.21 436.631 -0.0923317 219
14915.5 2427.73 350.83 -0.129632 222
15596.9 2627.01 373.675 -0.0425975 256
16853.9 1601.58 1785.34 -0.627208 263
16214.2 2379.98 863.872 -0.370764 264
16290.2 2030.27 1071.2 -0.633048 264
16198.5 2391.99 828.248 -0.374338 265
16155.5 2405.67 765.144 -0.389794 266
16230.4 2378.79 828.248 -0.395887 267
16244 2385.64 819.797 -0.394687 268
16238.4 2370.63 803.401 -0.424675 269
16352.9 1980.25 1043.38 -0.69331 269
16235.3 2386.57 757.925 -0.435803 270
16377.2 1982.29 1016.96 -0.704599 270
16245.5 2385.68 750.842 -0.444964 271
16065 2715.7 464.394 -0.0421394 272
16226.8 2391.56 710.974 -0.464848 272
16235.6 2399.66 698.61 -0.465549 273
16065.2 2719.91 434.271 -0.0539508 274
16233.5 2392.9 680.848 -0.490784 274
16075 2722.04 425.08 -0.0616417 275
16242.4 2394.65 669.501 -0.502433 275
16084.2 2738.64 353.921 -0.097426 278
16553.2 2425.51 669.501 -0.511963 288
16585.7 2413.95 686.668 -0.511621 289
16588.5 2424.55 669.501 -0.504368 290
16596.4 2430.47 658.525 -0.499663 291
16605.9 2432.68 647.904 -0.499568 292
16623.1 2412.67 658.525 -0.520763 293
16615.9 2421.17 632.599 -0.524467 294
16647.3 2437.68 632.599 -0.49181 295
16596.2 2447.16 569.788 -0.527661 296
16608 2434.14 569.788 -0.549897 297
16631.3 2440.69 569.788 -0.534555 298
16658.3 2454.22 569.788 -0.50654 299
16616.6 2448.7 505.284 -0.58061 300
16633.7 2452.91 489.879 -0.585588 301
16612.9 2459.09 436.631 -0.639108 302
16632.3 2442.39 425.08 -0.690955 303
16632.6 2445.04 405.758 -0.71524 304
16634.7 2462.47 378.963 -0.712285 305
