# x y d a f
13340.5 1439.04 2869.29 -0.004525 1
13129.6 1194.82 2770.35 -0.0873244 1
13340.4 1438.69 2869.29 -0.00463545 2
13129.5 1194.63 2770.35 -0.0873917 2
13340.6 1439.07 2869.29 -0.00451679 3
13129.3 1194.27 2770.35 -0.0875159 3
13335.9 1424.18 2869.29 -0.00744959 4
13124 1180.15 2770.35 -0.0903944 4
13336.6 1433.62 2869.29 -0.00483788 5
13125.7 1189.75 2770.35 -0.0875441 5
13337.8 1435.59 2869.29 -0.00445107 6
13126.6 1190.94 2770.35 -0.0873913 6
13338.4 1436 2869.29 -0.00448079 7
13127.3 1191.45 2770.35 -0.0873884 7
13339 1436.65 2869.29 -0.00439907 8
13128 1192.4 2770.35 -0.0871997 8
13339 1436.8 2869.29 -0.00435311 9
13127.9 1192.16 2770.35 -0.0872812 9
13339.4 1436.69 2869.29 -0.00448037 10
13128.2 1191.99 2770.35 -0.0874449 10
13339.5 1436.53 2869.29 -0.00461369 11
13128.4 1192.1 2770.35 -0.0874943 11
13340 1437.22 2869.29 -0.00453053 12
13128.9 1192.82 2770.35 -0.0873922 12
13336.7 1426.74 2869.29 -0.00741126 13
13124.9 1182.88 2770.35 -0.0902943 13
13336.5 1426.3 2869.29 -0.00755133 14
13124.8 1182.75 2770.35 -0.0903403 14
13334.4 1423.65 2869.29 -0.00800467 15
13122.5 1179.89 2770.35 -0.0908992 15
13337 1435.58 2869.29 -0.0043592 16
13125.7 1190.58 2770.35 -0.0874147 16
13338.6 1436.22 2869.29 -0.00428997 17
13127.3 1191.23 2770.35 -0.0873318 17
13338.6 1435.28 2869.29 -0.00465742 18
13127.7 1191.1 2770.35 -0.0874559 18
13339.2 1435.9 2869.29 -0.00453536 19
13128.1 1191.55 2770.35 -0.0873816 19
13339.6 1436.32 2869.29 -0.00455474 20
13128.7 1192.29 2770.35 -0.0872931 20
13339.8 1436.55 2869.29 -0.00462397 21
13128.9 1192.35 2770.35 -0.0874271 21
13339.9 1436.79 2869.29 -0.00467502 22
13129 1192.74 2770.35 -0.0874276 22
13340.1 1437.33 2869.29 -0.00450524 23
13129.1 1192.98 2770.35 -0.0873466 23
13340.1 1437.4 2869.29 -0.00453772 24
13129 1193.01 2770.35 -0.0873965 24
13339.9 1437.14 2869.29 -0.00467231 25
13129 1193.06 2770.35 -0.0874354 25
13336.9 1427.36 2869.29 -0.00740688 26
13125 1183.31 2770.35 -0.0903555 26
13336.8 1427.11 2869.29 -0.00748709 27
13124.9 1183.05 2770.35 -0.0904475 27
13337.5 1436.34 2869.29 -0.00460529 28
13126.4 1191.88 2770.35 -0.0874947 28
13335.8 1434.76 2869.29 -0.00473073 29
13124.8 1190.7 2770.35 -0.0874931 29
13333.2 1422.72 2869.29 -0.00812904 30
13121.5 1179.37 2770.35 -0.0908968 30
13332.9 1423.93 2869.29 -0.00740611 31
13121.1 1180 2770.35 -0.0903159 31
13334.4 1432.6 2869.29 -0.00472511 32
13123.4 1188.39 2770.35 -0.0875382 32
13334.6 1433.06 2869.29 -0.004581 33
13123.4 1188.54 2770.35 -0.0874873 33
13337 1433.92 2869.29 -0.00447021 34
13125.9 1189.4 2770.35 -0.0873671 34
13337.4 1433.52 2869.29 -0.00470063 35
13126.8 1190.09 2770.35 -0.0872436 35
13335.2 1422.43 2869.29 -0.00785962 36
13123.1 1178.34 2770.35 -0.0908556 36
13332.5 1419.94 2869.29 -0.00830632 37
13120.9 1176.9 2770.35 -0.0909786 37
13330.6 1418.59 2869.29 -0.00839783 38
13119.1 1175.87 2770.35 -0.0909683 38
13331.2 1420.68 2869.29 -0.00752201 39
13119.6 1177.2 2770.35 -0.0902852 39
13329.8 1417.84 2869.29 -0.0081041 40
13118 1174.35 2770.35 -0.0909112 40
13328.8 1417.08 2869.29 -0.00803521 41
13116.9 1173.48 2770.35 -0.0908758 41
13329.7 1427.82 2869.29 -0.00479775 42
13118.6 1183.61 2770.35 -0.0876133 42
13330.6 1428.95 2869.29 -0.00459223 43
13119.4 1184.51 2770.35 -0.0874715 43
13330.2 1428.2 2869.29 -0.00483014 44
13119.3 1184.2 2770.35 -0.0875777 44
13332.7 1429.5 2869.29 -0.00454244 45
13121.7 1185.29 2770.35 -0.0873365 45
13334.5 1430.02 2869.29 -0.00451778 46
13123.4 1185.45 2770.35 -0.0874366 46
13332.6 1418.25 2869.29 -0.00795362 47
13120.7 1174.58 2770.35 -0.0908137 47
13330.8 1416.6 2869.29 -0.00820641 48
13119 1173.4 2770.35 -0.0909256 48
13331.9 1428.08 2869.29 -0.00451632 49
13120.9 1183.86 2770.35 -0.0873168 49
13331.7 1427.71 2869.29 -0.00463581 50
13120.9 1183.95 2770.35 -0.0872851 50
13332.4 1427.91 2869.29 -0.00454037 51
13121.5 1183.79 2770.35 -0.0873052 51
13334.3 1428.89 2869.29 -0.00443756 52
13123.1 1184.23 2770.35 -0.0873792 52
13334 1428.17 2869.29 -0.00466561 53
13123.1 1184.1 2770.35 -0.0874246 53
13336.4 1429.68 2869.29 -0.00462269 54
13125.5 1185.5 2770.35 -0.087418 54
13337.6 1431.17 2869.29 -0.00437084 55
13126.4 1186.44 2770.35 -0.0873317 55
13336.7 1431.89 2869.29 -0.00458743 56
13125.6 1187.32 2770.35 -0.0875115 56
13335.8 1432.37 2869.29 -0.00460944 57
13124.5 1187.43 2770.35 -0.0876585 57
13343.6 1456.91 2869.29 0.00400731 58
13134.4 1210.36 2770.35 -0.0789729 58
13357 1453.19 2869.29 0.00419752 59
13148 1206.88 2770.35 -0.0786885 59
13358.9 1452.47 2869.29 0.00412089 60
13150 1206.37 2770.35 -0.0786991 60
13359.2 1444.55 2869.29 0.000949535 61
13149.7 1199.43 2770.35 -0.081766 61
13354.4 1440.56 2869.29 -0.00152691 62
13143.8 1195.09 2770.35 -0.0845359 62
13351.9 1440.85 2869.29 -0.0019175 63
13141.8 1196.45 2770.35 -0.084591 63
13351.9 1444.05 2869.29 -0.0016664 64
13141.7 1199.34 2770.35 -0.0844273 64
13352.9 1453.23 2869.29 0.000703237 65
13143.1 1207.7 2770.35 -0.0821664 65
13351.7 1446.73 2869.29 -0.00158045 66
13141.3 1201.7 2770.35 -0.0844417 66
13353.7 1454.43 2869.29 0.000677117 67
13143.9 1208.75 2770.35 -0.0822471 67
13352.5 1447.76 2869.29 -0.00161371 68
13142.1 1202.74 2770.35 -0.0844782 68
13351.5 1447.94 2869.29 -0.00170146 69
13141 1202.63 2770.35 -0.0846739 69
13350.4 1448.68 2869.29 -0.00165634 70
13139.8 1203.11 2770.35 -0.0847142 70
13350.3 1449.74 2869.29 -0.00140872 71
13139.7 1204.23 2770.35 -0.0844197 71
13349.2 1447.2 2869.29 -0.00223036 72
13139.4 1203.73 2770.35 -0.0846147 72
13349.5 1447.99 2869.29 -0.00199194 73
13139.6 1204.06 2770.35 -0.0845101 73
13349.3 1447.29 2869.29 -0.00221476 74
13139.5 1203.7 2770.35 -0.0846414 74
13346.3 1439.62 2869.29 -0.00490897 75
13135.6 1196.29 2770.35 -0.0874361 75
13459.4 1440.62 2975.56 -0.00460519 76
13133.1 1196.53 2770.35 -0.0875502 76
13342.5 1441.35 2869.29 -0.00464817 77
13131.6 1197.51 2770.35 -0.0873288 77
13337.1 1429.2 2869.29 -0.00810058 78
13125.2 1185.57 2770.35 -0.0909589 78
13337.4 1439.68 2869.29 -0.0047559 79
13126.3 1195.21 2770.35 -0.087662 79
13338 1440.47 2869.29 -0.00445493 80
13126.5 1194.92 2770.35 -0.0877102 80
13338.8 1439.8 2869.29 -0.00453992 81
13127.7 1195.25 2770.35 -0.0874547 81
13335.8 1427.24 2869.29 -0.00801072 82
13124.1 1184.08 2770.35 -0.0906987 82
13336.6 1436.86 2869.29 -0.00491842 83
13125.8 1193.36 2770.35 -0.0875003 83
13337.7 1437.74 2869.29 -0.00459638 84
13126.9 1193.82 2770.35 -0.087297 84
13338.4 1437.58 2869.29 -0.00461478 85
13127.4 1193.34 2770.35 -0.0874317 85
13335.6 1425.28 2869.29 -0.00804651 86
13123.9 1182.17 2770.35 -0.0907173 86
13336.7 1435.7 2869.29 -0.0047466 87
13125.7 1191.47 2770.35 -0.0875678 87
13338.4 1436.13 2869.29 -0.00463333 88
13127.3 1191.67 2770.35 -0.0875282 88
13339.1 1436.63 2869.29 -0.00450441 89
13128.1 1192.34 2770.35 -0.087327 89
13339.4 1436.42 2869.29 -0.00461167 90
13128.4 1192.24 2770.35 -0.0874036 90
13340.1 1437.25 2869.29 -0.00444227 91
13129 1192.88 2770.35 -0.0872838 91
13340.2 1437.41 2869.29 -0.00444364 92
13128.9 1192.51 2770.35 -0.087472 92
13340 1437.02 2869.29 -0.00466804 93
13129.2 1193.07 2770.35 -0.087389 93
13343.3 1445.24 2869.29 -0.00185558 94
13133.1 1200.57 2770.35 -0.0846147 94
13345.6 1444.69 2869.29 -0.00188948 95
13135.4 1200.01 2770.35 -0.0846603 95
13347.8 1445.13 2869.29 -0.00167794 96
13137.4 1200.18 2770.35 -0.0845204 96
13349.8 1444.99 2869.29 -0.00173236 97
13139.6 1200.23 2770.35 -0.0845155 97
13350.2 1444.89 2869.29 -0.0018226 98
13139.9 1199.96 2770.35 -0.0846731 98
13350.8 1445.78 2869.29 -0.00170638 99
13140.5 1201.01 2770.35 -0.0844929 99
13350.5 1445.39 2869.29 -0.00192501 100
13140.3 1201 2770.35 -0.0845995 100
13350.7 1446.52 2869.29 -0.00166067 101
13140.4 1201.56 2770.35 -0.0845054 101
13347.2 1438.48 2869.29 -0.00455376 102
13136.2 1194.07 2770.35 -0.0874252 102
13344.7 1439.18 2869.29 -0.00459957 103
13133.7 1194.98 2770.35 -0.0873987 103
13343.1 1437.93 2869.29 -0.0052071 104
13132.1 1194.06 2770.35 -0.0879407 104
13342.5 1439.37 2869.29 -0.00490252 105
13131.2 1194.75 2770.35 -0.0878643 105
13341.9 1439.67 2869.29 -0.00490477 106
13130.6 1195.12 2770.35 -0.0878434 106
13341 1439 2869.29 -0.00520781 107
13130.1 1195.23 2770.35 -0.087906 107
13341.1 1439.19 2869.29 -0.00515938 108
13130.1 1195.27 2770.35 -0.0879044 108
13341.4 1439.54 2869.29 -0.00504481 109
13130.2 1195.17 2770.35 -0.0879349 109
13341.6 1439.71 2869.29 -0.00498376 110
13130.4 1195.28 2770.35 -0.0878875 110
13341.4 1438.8 2869.29 -0.00525666 111
13130.4 1194.81 2770.35 -0.0880368 111
13341.3 1437.96 2869.29 -0.00550319 112
13130.4 1194.35 2770.35 -0.088177 112
13328.8 1411.82 2869.29 -0.0132567 113
13117.9 1169.07 2770.35 -0.0963744 113
13336.5 1443.93 2869.29 -0.00152726 114
13129.1 1196.93 2770.35 -0.0853734 114
13282.3 1466.35 2770.35 0.00973004 115
13082.2 1220.32 2678 -0.075544 115
13037.3 1236.24 2591.62 -0.0675277 116
13230.6 1478.56 2678 0.0182819 116
13200.2 1492.5 2591.62 0.0293766 117
13009.8 1251.72 2510.63 -0.057153 117
13081 1263.54 2510.63 -0.0443734 118
13185.4 1507.99 2510.63 0.0433867 118
13003.8 1273.14 2362.94 -0.0329413 119
13014.8 1268.85 2295.43 -0.0239136 120
13026.9 1295.85 2295.43 -0.0132245 121
13042.5 1290.79 2231.67 -0.00292331 122
12950.5 1082.29 1361.7 0.12749 152
12853.4 1062.73 1255.31 0.125373 153
12771.8 1036.15 1164.35 0.114676 154
12708.7 1021.92 1085.68 0.111242 155
12676.6 1028.01 1030 0.120719 156
12639.3 1024 945.178 0.119864 157
12649.6 1004.02 934.187 0.096174 159
12848.4 1168.34 1115.83 0.21439 159
12677.1 1027.35 912.956 0.108127 160
12888.1 1200.39 1115.83 0.231613 160
13058.1 1425.87 1275.24 0.357212 160
12677.2 1006.26 892.668 0.0795133 161
12890.9 1176.27 1100.55 0.20859 161
13094.1 1408.21 1295.81 0.336992 161
12708.9 1042.07 882.858 0.0986796 162
12925.4 1220.14 1100.55 0.231193 162
13119.1 1457.38 1295.81 0.361573 162
12703.6 1014.87 854.682 0.0609819 163
12929.4 1191.84 1085.68 0.202805 163
13153.5 1437.32 1317.05 0.339375 163
13317.2 1670.9 1487.78 0.438494 163
12708.3 1011.05 811.516 0.0345121 164
12956.8 1192.27 1071.2 0.187908 164
13186.9 1442.75 1317.05 0.331742 164
12766.2 1039.46 795.447 0.0296162 165
13021.1 1232.7 1071.2 0.195489 165
13281.2 1507.41 1361.7 0.347128 165
13642.3 2063.62 1785.34 0.546747 165
12795 1045.54 803.401 0.0229841 166
13068.9 1246.68 1100.55 0.192796 166
13368.1 1542.78 1434.64 0.346791 166
12867.3 1055.92 854.682 0.0215473 167
13184.8 1278.24 1199.11 0.194631 167
13519.6 1609.31 1575.3 0.351568 167
14081.6 2352.17 2231.67 0.554635 167
12934.2 1060.72 902.698 0.0160096 168
13257.7 1298.72 1255.31 0.195051 168
13665.7 1669.01 1709.36 0.353451 168
13969.6 2036.93 2060 0.461411 168
14286.1 2489.67 2434.55 0.558614 168
12907.4 1065.19 863.872 0.0130781 169
13215.2 1292.29 1199.11 0.192355 169
13580.5 1636.47 1606.8 0.350992 169
13844.5 1971.3 1912.86 0.459158 169
14056 2340.25 2171.35 0.556594 169
12866.1 1066.73 811.516 0.00762979 170
13159.3 1283.14 1131.55 0.189717 170
13502.1 1609.32 1515.85 0.350059 170
13770.1 1934.54 1825.91 0.458338 170
13910.9 2249.88 2008.5 0.556383 170
12832.2 1063.77 765.144 -0.00450076 171
13111.4 1271.73 1071.2 0.183128 171
13433.6 1582.38 1434.64 0.346725 171
13702.8 1898.96 1746.52 0.456225 171
13871.4 2220.89 1959.51 0.55439 171
12850.7 1051.39 765.144 -0.0286546 172
13141.8 1267 1085.68 0.169816 172
13498.1 1595.8 1487.78 0.339294 172
13750.1 1914.35 1785.34 0.45228 172
14022.5 2306.12 2114.21 0.551804 172
12836.1 1045.9 723.785 -0.0497827 173
13137.7 1262.59 1057.11 0.160905 173
13466.4 1584.52 1434.64 0.337825 173
13765.5 1921.24 1785.34 0.452356 173
13935.7 2255.45 2008.5 0.554277 173
12833.3 1052.56 692.587 -0.0570952 174
13137.1 1269.82 1030 0.161601 174
13488.9 1599.91 1434.64 0.34151 174
13747.9 1922.44 1746.52 0.457979 174
13950.7 2274.95 2008.5 0.560256 174
12823.8 1039.11 647.904 -0.0939332 175
13132.2 1256.94 991.853 0.14408 175
13493.2 1590.5 1409.48 0.333972 175
13772.3 1923.99 1746.52 0.454443 175
14017.9 2306.08 2060 0.558763 175
13139 1268.14 967.953 0.146609 176
13496.9 1601.85 1385.17 0.339607 176
13795.8 1945.59 1746.52 0.460726 176
13990.7 2301.46 2008.5 0.566237 176
12889.2 1069.83 622.791 -0.101055 177
13182.4 1292.45 956.43 0.150679 177
13547.2 1633.38 1385.17 0.346948 177
13841.7 1981.09 1746.52 0.46946 177
14078.6 2368.05 2060 0.57513 177
13166.2 1280 912.956 0.127466 178
13508 1609.89 1317.05 0.335073 178
13799.4 1948.78 1673.75 0.461553 178
14013 2312.09 1959.51 0.569189 178
13150.3 1287.63 873.262 0.12459 179
13470.1 1605.44 1255.31 0.336033 179
13755.7 1935.42 1606.8 0.463797 179
13946.5 2277.32 1868.37 0.57201 179
13149.5 1267.1 854.682 0.0955348 180
13484.7 1589.58 1255.31 0.31808 180
13798.6 1931.05 1639.59 0.449241 180
13996.4 2281.13 1912.86 0.560201 180
13157 1271.56 845.685 0.092562 181
13496.8 1598.99 1255.31 0.319719 181
13775.9 1929.23 1606.8 0.453548 181
13999.4 2293.92 1912.86 0.565063 181
13132.2 1267.41 803.401 0.082396 182
13474.8 1589.79 1217.27 0.315505 182
13757.7 1919.18 1575.3 0.452055 182
13929.1 2250.16 1825.91 0.56562 182
13134.5 1271.73 787.648 0.0779765 183
13472 1594.32 1199.11 0.316501 183
13741 1918.27 1545 0.45512 183
13937 2262.54 1825.91 0.569067 183
13116.5 1250.07 743.89 0.0419425 184
13461.6 1571.17 1164.35 0.297042 184
13761.4 1905.57 1545 0.441153 184
13954.4 2250.54 1825.91 0.559097 184
13152.3 1281.8 737.065 0.0527572 185
13496.5 1611.99 1164.35 0.31234 185
13788.4 1953.18 1545 0.458475 185
13973.3 2302.19 1825.91 0.57743 185
13155.2 1276.34 698.61 0.0224242 186
13503.1 1605.91 1131.55 0.298236 186
13796.6 1945.58 1515.85 0.449755 186
14004.7 2307.6 1825.91 0.571536 186
13481.2 1591.41 1085.68 0.284325 187
13791.4 1932.62 1487.78 0.440301 187
13987.7 2284.79 1785.34 0.564882 187
14262.4 3073.89 2295.43 0.766224 187
13480.5 1595.94 1071.2 0.284595 188
13776.7 1932.82 1460.73 0.443251 188
13961.1 2276.15 1746.52 0.568603 188
14263.6 3086.15 2295.43 0.77048 188
13474.1 1585 1043.38 0.273248 189
13770.9 1920.33 1434.64 0.436787 189
13976.6 2275.07 1746.52 0.564338 189
13509.8 1613.69 1030 0.27579 190
13789.4 1948.57 1409.48 0.444648 190
14010.8 2317.64 1746.52 0.574444 190
14146 2702.65 2008.5 0.689501 190
13499.9 1606.06 1004.25 0.266471 191
13803.2 1948.29 1409.48 0.438373 191
13990.9 2298.31 1709.36 0.570779 191
14157 2702.76 2008.5 0.686505 191
13487.7 1611.13 967.953 0.262385 192
13778.1 1947.21 1361.7 0.439567 192
13974.2 2299.89 1673.75 0.574115 192
14126.2 2692.1 1959.51 0.691175 192
13463.3 1582.83 923.449 0.235096 193
13775.2 1921.53 1339 0.420896 193
13990.6 2283.94 1673.75 0.559975 193
14141.9 2674.83 1959.51 0.679607 193
14541.6 3608.96 2678 0.836753 193
13490.8 1614.15 923.449 0.243393 194
13775.8 1951.09 1317.05 0.43345 194
14005 2325.56 1673.75 0.573142 194
14149.2 2718.62 1959.51 0.693488 194
14532.8 3657.48 2678 0.851399 194
13476.8 1594.04 902.698 0.226698 195
13782.2 1935.96 1317.05 0.421443 195
13981.6 2293.12 1639.59 0.564629 195
14155.7 2703.28 1959.51 0.685881 195
14541.6 3636.75 2678 0.844701 195
13467.7 1605.39 845.685 0.21609 196
13766.5 1941.68 1255.31 0.420127 196
13988 2308.83 1606.8 0.566884 196
14145.4 2708.13 1912.86 0.691017 196
14492.4 3598.57 2591.62 0.851507 196
13463.9 1592.42 836.876 0.203038 197
13752.9 1924.75 1236 0.412424 197
13965.2 2282.53 1575.3 0.560816 197
14150.1 2697.65 1912.86 0.685585 197
14498.4 3585.07 2591.62 0.846889 197
13446.2 1569.81 811.516 0.18206 198
13760.8 1907.08 1236 0.397381 198
13972.6 2265.88 1575.3 0.549814 198
14157.8 2680.2 1912.86 0.676514 198
14508.4 3562.72 2591.62 0.839201 198
13470.6 1604.51 803.401 0.193931 199
13768.1 1944.15 1217.27 0.413424 199
13989.6 2314.34 1575.3 0.56668 199
14130.3 2703.54 1868.37 0.694604 199
14498.3 3619.83 2591.62 0.857448 199
13466.3 1594.99 795.447 0.184192 200
13771.7 1936.57 1217.27 0.406817 200
13966.8 2291.64 1545 0.562371 200
14133.7 2696.21 1868.37 0.690646 200
14502.9 3610.19 2591.62 0.854071 200
13460.8 1594.4 765.144 0.171907 201
13760 1932.11 1181.47 0.402388 201
13959.6 2287.65 1515.85 0.561121 201
14113.9 2681.2 1825.91 0.691509 201
14510.6 3620.37 2591.62 0.855895 201
13775.1 1957.23 1164.35 0.406963 202
13986 2321.72 1515.85 0.567274 202
14135.3 2716.92 1825.91 0.698883 202
14463.6 3592.23 2510.63 0.86462 202
13768.7 1932.8 1147.72 0.390383 203
13970.4 2290.21 1487.78 0.555508 203
14144.4 2698.58 1825.91 0.688521 203
14533 3634.38 2591.62 0.855699 203
15154.2 4763.7 3651.82 0.92152 203
13765.8 1936.24 1131.55 0.3881 204
13980.7 2300.64 1487.78 0.554751 204
14120.2 2684.32 1785.34 0.689527 204
14479.8 3580.27 2510.63 0.857435 204
15155.7 4772.56 3651.82 0.92281 204
13768.7 1935.02 1115.83 0.379859 205
13972 2293.7 1460.73 0.550865 205
14132.2 2691.79 1785.34 0.687341 205
14487.6 3586.08 2510.63 0.856973 205
15160.8 4771.76 3651.82 0.92218 205
13772.5 1951.49 1100.55 0.385587 206
13985.2 2318.88 1460.73 0.558481 206
14140.3 2718.7 1785.34 0.695917 206
14484.9 3615.53 2510.63 0.8664 206
15145.2 4804.75 3651.82 0.931612 206
13777.2 1960.29 1085.68 0.385027 207
14000.9 2334.85 1460.73 0.55979 207
14121.8 2711.8 1746.52 0.699427 207
14491.9 3633.01 2510.63 0.869954 207
15146 4821.66 3651.82 0.935199 207
13761.4 1951.61 1030 0.370838 208
13988.5 2323.49 1409.48 0.552823 208
14119.6 2704.1 1709.36 0.695809 208
14458.8 3584.64 2434.55 0.869348 208
15056.9 4685.28 3493.05 0.934532 208
13769.9 1961.08 1016.96 0.365892 209
14007.5 2339.2 1409.48 0.550566 209
14137.2 2719.96 1709.36 0.69455 209
14527 3660.86 2510.63 0.868776 209
15070.4 4698.03 3493.05 0.934452 209
13771.4 1956.94 1004.25 0.356759 210
13996.3 2330.72 1385.17 0.547219 210
14144.4 2724.52 1709.36 0.692938 210
14529.4 3664.49 2510.63 0.869026 210
15173.9 4835.38 3651.82 0.934292 210
13772.7 1967.42 991.853 0.360148 211
14005.6 2347.71 1385.17 0.552135 211
14149.4 2743.25 1709.36 0.699137 211
14525.7 3685.41 2510.63 0.876104 211
13801.8 1978.6 1004.25 0.355162 212
14019.4 2357.24 1385.17 0.551093 212
14160.6 2753.25 1709.36 0.699472 212
14532 3694.45 2510.63 0.877596 212
15162.3 4865.08 3651.82 0.942997 212
13822.7 1990.1 1016.96 0.354346 213
14048.7 2376.88 1409.48 0.550461 213
14197.4 2784.8 1746.52 0.699336 213
14594.7 3767.08 2591.62 0.87743 213
15280.7 5024.36 3825.72 0.942955 213
13833.5 1995.96 1030 0.353277 214
14070.3 2390.29 1434.64 0.548585 214
14229.4 2809.87 1785.34 0.697051 214
14658.5 3837.16 2678 0.874988 214
15412.5 5191.88 4017 0.940478 214
13829.2 1995.17 1030 0.352434 215
14067 2388.94 1434.64 0.547347 215
14196.3 2784.03 1746.52 0.696222 215
14599 3766.11 2591.62 0.87383 215
15415.4 5189.26 4017 0.938808 215
13824.1 1994.02 1030 0.352101 216
14062.2 2387.54 1434.64 0.546844 216
14191.9 2782.61 1746.52 0.695711 216
14595.1 3764.69 2591.62 0.873328 216
15288.6 5020.72 3825.72 0.938571 216
13811.2 1999.58 1016.96 0.359277 217
14037.4 2386.4 1409.48 0.554167 217
14186.4 2794.42 1746.52 0.702211 217
14583.1 3778.89 2591.62 0.879857 217
13807.9 1990.67 1016.96 0.352171 218
14036.8 2375.77 1409.48 0.546996 218
14188.5 2782.75 1746.52 0.695136 218
14591.6 3764.62 2591.62 0.87297 218
13798 1987.84 1016.96 0.352019 219
14027 2372.83 1409.48 0.546801 219
14178.7 2779.87 1746.52 0.695024 219
14581.8 3761.65 2591.62 0.872883 219
15275.1 5017.45 3825.72 0.938297 219
13794.3 1986.99 1016.96 0.351993 220
14023.2 2372.14 1409.48 0.546909 220
14174.8 2779.33 1746.52 0.695205 220
14578 3760.9 2591.62 0.872917 220
15271.3 5016.64 3825.72 0.93831 220
13794.7 1989.21 1016.96 0.352249 221
14023.5 2374.49 1409.48 0.547229 221
14175 2781.68 1746.52 0.695491 221
14578 3763.26 2591.62 0.873159 221
15270.8 5019.33 3825.72 0.938602 221
13791.8 1988.3 1016.96 0.352078 222
14020.7 2373.39 1409.48 0.546932 222
14172.2 2780.64 1746.52 0.695269 222
14575.4 3762.22 2591.62 0.872971 222
15268.5 5018.02 3825.72 0.938372 222
13789.4 1987.91 1016.96 0.352106 223
14018.3 2373.02 1409.48 0.54697 223
14170 2779.95 1746.52 0.695096 223
14573.1 3761.72 2591.62 0.87294 223
15266.2 5017.65 3825.72 0.938386 223
13792.3 1998.2 1016.96 0.35891 224
14018.5 2384.89 1409.48 0.553802 224
14167.4 2792.95 1746.52 0.702001 224
14563.7 3777.44 2591.62 0.879819 224
15248.3 5037.99 3825.72 0.945227 224
13796.6 2001.13 1016.96 0.359134 225
14022.6 2387.96 1409.48 0.554104 225
14171.5 2795.88 1746.52 0.702177 225
14567.5 3780.6 2591.62 0.880072 225
15251.9 5041.14 3825.72 0.945433 225
13799.9 2003.13 1016.96 0.359075 226
14026 2389.93 1409.48 0.554033 226
14174.8 2797.94 1746.52 0.702172 226
14570.8 3782.58 2591.62 0.880041 226
15254.9 5043.55 3825.72 0.945523 226
13797.6 1994.16 1016.96 0.352262 227
14026.4 2379.42 1409.48 0.547224 227
14177.9 2786.45 1746.52 0.69539 227
14580.7 3768.34 2591.62 0.873233 227
15273.5 5024.35 3825.72 0.938641 227
13798.3 2002.81 1016.96 0.358896 228
14024.5 2389.51 1409.48 0.553795 228
14173.4 2797.54 1746.52 0.701975 228
14569.7 3782.1 2591.62 0.87983 228
15254.3 5042.63 3825.72 0.94523 228
13803.5 2006.25 1016.96 0.35915 229
14029.6 2392.93 1409.48 0.553994 229
14178.4 2801.05 1746.52 0.702214 229
14574.5 3785.57 2591.62 0.880016 229
15258.8 5046.24 3825.72 0.945429 229
13804.2 2006.65 1016.96 0.359125 230
14030.3 2393.33 1409.48 0.553976 230
14179.1 2801.52 1746.52 0.70224 230
14575.1 3786.1 2591.62 0.880058 230
15259.5 5046.65 3825.72 0.945426 230
13804.7 2006.89 1016.96 0.359083 231
14030.8 2393.61 1409.48 0.553973 231
14179.6 2801.66 1746.52 0.70215 231
14575.7 3786.27 2591.62 0.880013 231
15260.1 5046.74 3825.72 0.945376 231
13800.2 1996.11 1016.96 0.351973 232
14029.1 2381.07 1409.48 0.546775 232
14180.5 2788.31 1746.52 0.695164 232
14583.5 3769.96 2591.62 0.872995 232
15276.4 5025.85 3825.72 0.938452 232
13761.6 1976.21 979.757 0.347378 233
14005.9 2360.38 1385.17 0.542397 233
14121 2733.85 1673.75 0.692164 233
14527.3 3693.51 2510.63 0.869799 233
15165.9 4858.61 3651.82 0.93532 233
13766.8 1981.98 979.757 0.349419 234
13986.5 2357.69 1361.7 0.547546 234
14118.8 2743.27 1673.75 0.697351 234
14464.9 3643.95 2434.55 0.876294 234
15147.1 4871.48 3651.82 0.941394 234
13750.1 1977.08 956.43 0.347839 235
13971.1 2349.86 1339 0.54731 235
14121.1 2747.3 1673.75 0.6978 235
14463.6 3647.92 2434.55 0.877717 235
15040.1 4736.65 3493.05 0.9434 235
13961.8 2326.03 1317.05 0.535109 236
14076.2 2693.62 1606.8 0.68987 236
14423.1 3574.53 2362.94 0.871294 236
15052.1 4710.47 3493.05 0.936707 236
13956.2 2334.62 1295.81 0.541822 237
14083.8 2714.14 1606.8 0.697681 237
15034.8 4736.39 3493.05 0.946225 237
13962.5 2316.12 1275.24 0.525467 238
14082.2 2687.03 1575.3 0.685539 238
14444 3585.78 2362.94 0.871121 238
15066.1 4713.53 3493.05 0.93704 238
13743.1 1951.65 873.262 0.30513 239
13959.6 2320.24 1255.31 0.526266 239
14093.8 2701.71 1575.3 0.687465 239
14449.6 3601.21 2362.94 0.874439 239
15065.7 4728.81 3493.05 0.940548 239
13982.8 2335.27 1255.31 0.524461 240
14111.9 2718.9 1575.3 0.688936 240
14458.7 3619.54 2362.94 0.878564 240
14668.8 4839.21 3213.6 1.04859 240
15067 4745.37 3493.05 0.944792 240
13981.7 2331.13 1236 0.518721 241
14127.8 2723.94 1575.3 0.684078 241
14475.3 3623.23 2362.94 0.874977 241
14687.3 4839.72 3213.6 1.04542 241
15085.7 4745.65 3493.05 0.941491 241
13967.4 2320.3 1181.47 0.509518 242
14108.1 2705.62 1515.85 0.680899 242
14447.4 3587.37 2295.43 0.875782 242
14625.2 4729.99 3090 1.04776 242
15005 4632.58 3347.5 0.94275 242
13982 2332.68 1164.35 0.50503 243
14088.1 2695.26 1460.73 0.6817 243
14628.2 4749.1 3090 1.05245 243
15102.6 4777.14 3493.05 0.945872 243
13989.7 2349.6 1131.55 0.504881 244
14094.3 2716.03 1434.64 0.687681 244
14225.4 3126.62 1785.34 0.813709 244
14470.4 3651.1 2295.43 0.889081 244
14616.7 4783.14 3090 1.06418 244
15093.7 4817.98 3493.05 0.956569 244
13980.2 2321.96 1085.68 0.480174 245
14256.3 3121.09 1785.34 0.798439 245
14504.6 3640.75 2295.43 0.875163 245
14657 4763.76 3090 1.05216 245
15137.6 4794.1 3493.05 0.943487 245
14262 3113.46 1785.34 0.79337 246
14511.6 3631.45 2295.43 0.870471 246
14665.8 4752.03 3090 1.04823 246
15147.8 4780.42 3493.05 0.939084 246
14244.4 3091.96 1746.52 0.791545 247
14477.7 3586.75 2231.67 0.869398 247
14669.9 4751.96 3090 1.04802 247
15063.3 4659.96 3347.5 0.938627 247
14251.4 3106.57 1746.52 0.793897 248
14482 3601.39 2231.67 0.872139 248
14604.9 4658.29 2975.56 1.05192 248
15062.4 4674.77 3347.5 0.941718 248
14260.7 3124.36 1746.52 0.796476 249
14447.8 3573.35 2171.35 0.875936 249
14604.1 4674.29 2975.56 1.05583 249
15063.3 4692.51 3347.5 0.945003 249
13976.1 2310.3 991.853 0.446644 250
14252.4 3111.87 1709.36 0.794414 250
14464.5 3585.48 2171.35 0.874219 250
14615.3 4681.61 2975.56 1.0557 250
15076.8 4701.08 3347.5 0.944153 250
13978.2 2313.19 967.953 0.438638 251
14267.6 3128.79 1709.36 0.794052 251
14476 3602.78 2171.35 0.875362 251
14679.8 4801.54 3090 1.05801 251
15082.3 4717.36 3347.5 0.946184 251
13980.8 2311.77 945.178 0.426148 252
14259.1 3115.39 1673.75 0.790409 252
14491.7 3613.33 2171.35 0.872517 252
14630 4702.69 2975.56 1.05733 252
15096.8 4723.91 3347.5 0.94406 252
13987.3 2324 934.187 0.423803 253
14114.4 2701.23 1275.24 0.645352 253
14268.2 3135.61 1673.75 0.792975 253
14497.3 3634.57 2171.35 0.876012 253
14628 4722.76 2975.56 1.06172 253
15095.9 4746.49 3347.5 0.948065 253
13970.4 2300.76 882.858 0.398066 254
14109.5 2680.13 1236 0.629432 254
14267.8 3114.45 1639.59 0.782352 254
14482.9 3591.62 2114.21 0.867738 254
14200.4 4525.57 2510.63 1.16032 254
15313.4 3785.06 2869.29 0.692678 254
14649.9 4716.33 2975.56 1.05552 254
15122.1 4738.58 3347.5 0.940623 254
13993.5 2323.45 882.858 0.399137 255
14111 2695.22 1217.27 0.634714 255
14255.5 3119.53 1606.8 0.78955 255
14489.3 3620.91 2114.21 0.875136 255
14195.2 4550.85 2510.63 1.16916 255
15320.8 3820.81 2869.29 0.699485 255
14644.1 4745.26 2975.56 1.06385 255
15117.5 4771.72 3347.5 0.948484 255
13990 2316.05 854.682 0.381524 256
14117 2690.87 1199.11 0.623256 256
14274.9 3125.98 1606.8 0.781364 256
14508.1 3626.49 2114.21 0.868928 256
14210.3 4554.58 2510.63 1.16589 256
15345.7 3822.4 2869.29 0.692337 256
14661.9 4747.05 2975.56 1.05961 256
15138.4 4772.02 3347.5 0.943305 256
13999.8 2331.13 828.248 0.369093 257
14117.1 2700.62 1164.35 0.618826 257
14275.9 3135.64 1575.3 0.780805 257
14492.1 3617.27 2060 0.870252 257
14186 4505.71 2434.55 1.17012 257
15293.5 3794.07 2770.35 0.692683 257
14672.5 4775.64 2975.56 1.06242 257
15070.3 4693.78 3213.6 0.945906 257
14106.3 2688.7 1131.55 0.609851 258
14267 3122.61 1545 0.775895 258
14468.8 3585.94 2008.5 0.867431 258
14190.2 4509.56 2434.55 1.16976 258
15311.4 3799.27 2770.35 0.687846 258
14623.4 4682.47 2869.29 1.0615 258
15080.4 4697.18 3213.6 0.94338 258
14121.6 2709.44 1131.55 0.61253 259
14277.2 3145.23 1545 0.780826 259
14474.2 3610.1 2008.5 0.873454 259
14184.8 4530.15 2434.55 1.17747 259
15318.2 3829.28 2770.35 0.693377 259
14617.7 4706.25 2869.29 1.06868 259
15076.2 4724.64 3213.6 0.95007 259
14114.9 2697.53 1100.55 0.601398 260
14272.4 3132.05 1515.85 0.77419 260
14489.7 3616.08 2008.5 0.86821 260
14194.7 4533.98 2434.55 1.17553 260
15340.1 3832.5 2770.35 0.687241 260
14685.4 4804.79 2975.56 1.0651 260
15091.7 4727.09 3213.6 0.946256 260
14126.3 2712.68 1100.55 0.599929 261
14279.8 3149.09 1515.85 0.775585 261
14494.3 3633.81 2008.5 0.87051 261
14192.3 4549.28 2434.55 1.17938 261
15273.7 3795.66 2678 0.689933 261
14682.9 4821.87 2975.56 1.06852 261
15091.1 4745.98 3213.6 0.949195 261
14114.9 2690.18 1057.11 0.581863 262
14281 3133.51 1487.78 0.764395 262
14482.9 3599.17 1959.51 0.862011 262
14206.8 4548.69 2434.55 1.17513 262
15304.1 3793.18 2678 0.679724 262
14647.1 4722.83 2869.29 1.06319 262
15114.4 4741.9 3213.6 0.942117 262
14115.2 2699.74 1043.38 0.581316 263
14289.2 3152.23 1487.78 0.766124 263
14488.3 3618.49 1959.51 0.864549 263
14204.6 4565.51 2434.55 1.1793 263
15311.8 3815.36 2678 0.681784 263
14645.2 4741.58 2869.29 1.06691 263
15114.2 4762.63 3213.6 0.94531 263
14133.8 2723.73 1043.38 0.58367 264
14496.2 3646.68 1959.51 0.870896 264
14201.5 4590.11 2434.55 1.18722 264
15321.1 3849.67 2678 0.68772 264
14641.8 4769.62 2869.29 1.07435 264
15112.1 4794.68 3213.6 0.952327 264
14130.1 2713.26 1016.96 0.57059 265
14514.2 3650.13 1959.51 0.86349 265
14186.1 4522.12 2362.94 1.18357 265
15345.7 3849.12 2678 0.679663 265
14659.4 4770.1 2869.29 1.06926 265
15132.9 4793.73 3213.6 0.946395 265
14128.8 2721.23 1004.25 0.570034 266
14486.2 3632.6 1912.86 0.866704 266
14182.1 4536.66 2362.94 1.18769 266
15281.9 3815.9 2591.62 0.682605 266
14655.5 4786.55 2869.29 1.07293 266
15130.3 4812.5 3213.6 0.94966 266
14133.9 2699.42 991.853 0.550477 267
14503.7 3616.12 1912.86 0.854476 267
14199.6 4520.22 2362.94 1.17904 267
15307 3792.24 2591.62 0.669791 267
14677.5 4765.82 2869.29 1.06321 267
15080.7 4689.5 3090 0.939791 267
14130.3 2707.63 967.953 0.551825 268
14296.8 3154.4 1409.48 0.753609 268
14481.9 3607.68 1868.37 0.860048 268
14197.5 4541.28 2362.94 1.18584 268
14675.2 4789.8 2869.29 1.06934 268
15080.6 4716.8 3090 0.945497 268
14138.4 2705.33 945.178 0.538708 269
14504.5 3619.35 1868.37 0.855049 269
15281.2 3782.33 2510.63 0.669373 269
14212.4 4551.17 2362.94 1.18489 269
14642.6 4711.23 2770.35 1.06791 269
15101.8 4726.61 3090 0.942518 269
14144.9 2713.63 934.187 0.533474 270
14486.4 3604.55 1825.91 0.855441 270
15295.6 3799.51 2510.63 0.668513 270
14216.8 4565.84 2362.94 1.18673 270
14648 4726.82 2770.35 1.06919 270
15109.2 4743.31 3090 0.943243 270
14147.6 2719.39 892.668 0.516394 271
14330.1 3181.56 1361.7 0.73751 271
14509.7 3639.99 1825.91 0.854311 271
13870.8 4307.25 1912.86 1.29336 271
14221.8 4598.79 2362.94 1.19228 271
15327.4 3838.11 2510.63 0.666627 271
14706.6 4848.98 2869.29 1.07212 271
15123.3 4780.5 3090 0.945275 271
14324.3 3179.56 1339 0.734633 272
13876.6 4321.08 1912.86 1.29396 272
14520.2 3653.25 1825.91 0.852302 272
14228.6 4612.04 2362.94 1.19224 272
15341 3850.59 2510.63 0.664249 272
14714.6 4861.95 2869.29 1.07158 272
15132.9 4793.45 3090 0.944255 272
14298.4 3163.89 1275.24 0.728157 273
14511.3 3651.19 1785.34 0.849416 273
13864.6 4302.55 1868.37 1.2991 273
14205.9 4573.65 2295.43 1.19538 273
14672.8 4801.71 2770.35 1.07317 273
15146.3 4821.6 3090 0.943654 273
14290.2 3144.74 1255.31 0.72145 274
13868.9 4298.92 1868.37 1.29666 274
14519.2 3644.59 1785.34 0.843824 274
15380 3868.76 2510.63 0.654204 274
14212.3 4568.26 2295.43 1.19216 274
14681.6 4794.33 2770.35 1.06926 274
15156.9 4812.68 3090 0.939253 274
14272.4 3128.78 1199.11 0.710875 275
13873.3 4323.15 1868.37 1.29995 275
14513.8 3639.01 1746.52 0.838694 275
14220 4591.03 2295.43 1.19321 275
14693.4 4816.69 2770.35 1.06852 275
15174.4 4835.08 3090 0.936857 275
14266.9 3131.97 1181.47 0.710399 276
14519.2 3654.99 1746.52 0.839774 276
13858.1 4293.83 1825.91 1.30449 276
14218 4606.43 2295.43 1.1966 276
14692.3 4833.11 2770.35 1.0712 276
15175 4852.99 3090 0.939049 276
14275.3 3131.97 1164.35 0.702159 277
13867.4 4307.85 1825.91 1.30564 277
14513 3640.07 1709.36 0.83558 277
14204.2 4557.86 2231.67 1.19685 277
14707.1 4844.86 2770.35 1.06963 277
15123.5 4773.69 2975.56 0.937333 277
14271.7 3131.8 1147.72 0.698051 278
13869.4 4319.83 1825.91 1.30672 278
14495.9 3625.86 1673.75 0.834237 278
14207.4 4569.39 2231.67 1.19715 278
14665.2 4775.23 2678 1.06999 278
15130.3 4784.93 2975.56 0.936353 278
14264.3 3136.66 1115.83 0.692067 279
13856.9 4304.85 1785.34 1.31188 279
14485.9 3628.26 1639.59 0.832509 279
14209 4596.17 2231.67 1.2001 279
14669.6 4802.68 2678 1.07154 279
15138.5 4813.81 2975.56 0.936858 279
14270 3137.02 1100.55 0.682494 280
14500.7 3639.89 1639.59 0.827347 280
13860.5 4317.9 1785.34 1.31328 280
14215 4608.16 2231.67 1.19997 280
14678.6 4814.18 2678 1.07014 280
15151.4 4825.23 2975.56 0.9344 280
14274.9 3140.55 1085.68 0.675037 281
14491.4 3630.74 1606.8 0.82427 281
13852.1 4293.27 1746.52 1.316 281
14196.1 4565.34 2171.35 1.20144 281
14686.1 4828.96 2678 1.06989 281
15162.6 4840.07 2975.56 0.933081 281
14269 3143.3 1057.11 0.674145 282
14506.6 3652.44 1606.8 0.824554 282
13859.1 4314.01 1746.52 1.31997 282
14203.5 4586.55 2171.35 1.20452 282
14694.5 4851.29 2678 1.07225 282
15107.7 4779.99 2869.29 0.935824 282
14256.1 3127.21 1016.96 0.662398 283
14501.9 3640.13 1575.3 0.817889 283
13853.2 4288.8 1709.36 1.32117 283
14211.7 4598.04 2171.35 1.20334 283
14663.3 4786.15 2591.62 1.07024 283
15124.1 4789.8 2869.29 0.931894 283
14237.1 3120.8 979.757 0.660125 284
13854.5 4306 1709.36 1.32451 284
14489.8 3636.43 1545 0.81789 284
14191.5 4560.97 2114.21 1.20631 284
14666.8 4804.45 2591.62 1.07184 284
15129.6 4809.38 2869.29 0.932953 284
14254.6 3120.9 967.953 0.641044 285
14513.2 3645.95 1545 0.807131 285
13861 4319.94 1709.36 1.32486 285
14202.3 4572.8 2114.21 1.20417 285
14682.9 4814.52 2591.62 1.06769 285
15151.9 4818.25 2869.29 0.927106 285
14266.4 3139.2 967.953 0.63889 286
13851.1 4302.37 1673.75 1.32957 286
14499.7 3645.81 1515.85 0.808915 286
14202.7 4592.64 2114.21 1.20765 286
14683.9 4835.79 2591.62 1.07058 286
15154.6 4841.09 2869.29 0.929499 286
14268 3148.17 956.43 0.636037 287
14508.2 3663.38 1515.85 0.808639 287
13852.4 4319.36 1673.75 1.33276 287
14204.4 4610.05 2114.21 1.21007 287
14686.4 4854.24 2591.62 1.07245 287
15159.1 4860.56 2869.29 0.930809 287
14242.6 3124.6 902.698 0.623217 288
13849.1 4297.48 1639.59 1.33348 288
14486.6 3634.75 1460.73 0.801841 288
14192.7 4570.38 2060 1.20914 288
14659.2 4794.44 2510.63 1.07005 288
15115.3 4792.98 2770.35 0.927508 288
14257.5 3143.01 902.698 0.619011 289
13850.7 4316.84 1639.59 1.33753 289
14478.9 3636.41 1434.64 0.801695 289
14945.3 3790.55 1825.91 0.684741 289
14195.2 4590.19 2060 1.21205 289
14663 4815.49 2510.63 1.07217 289
15121.9 4815.24 2770.35 0.928835 289
14242.1 3106.52 863.872 0.597815 290
14496.9 3624.02 1434.64 0.787398 290
13849.6 4277.81 1606.8 1.33304 290
14934.7 3748.63 1785.34 0.671326 290
14208.4 4581.14 2060 1.20491 290
14681.5 4802.8 2510.63 1.06351 290
15144.8 4799.46 2770.35 0.918983 290
14507.4 3647.46 1434.64 0.788236 291
13850.4 4299.78 1606.8 1.33824 291
14946.2 3773.97 1785.34 0.672528 291
14209.2 4604.19 2060 1.2092 291
14683 4827.71 2510.63 1.06709 291
15148.6 4826.3 2770.35 0.92195 291
14506.1 3647.17 1409.48 0.783592 292
13846.7 4286.27 1575.3 1.34116 292
14967.8 3790.97 1785.34 0.667242 292
14196.3 4573.84 2008.5 1.21065 292
14692.9 4846.17 2510.63 1.06661 292
15162.4 4845.22 2770.35 0.920441 292
14505.5 3639.41 1361.7 0.771789 293
13855.3 4285.72 1545 1.34176 293
14944.3 3767.14 1709.36 0.656296 293
14217.9 4602.07 2008.5 1.20789 293
14681.9 4807.09 2434.55 1.06246 293
15137.9 4798.87 2678 0.914821 293
14496.7 3639.03 1339 0.770878 294
13854.3 4300.49 1545 1.34529 294
14923.9 3761.17 1673.75 0.655738 294
14198.8 4571.27 1959.51 1.21107 294
14683 4823.64 2434.55 1.06421 294
15141.5 4816.72 2678 0.915922 294
14497.4 3662.93 1339 0.777098 295
13851 4320.38 1545 1.35151 295
14923.8 3787.73 1673.75 0.661958 295
14193.7 4593.3 1959.51 1.21729 295
14676.3 4848.68 2434.55 1.07043 295
15134.9 4844.62 2678 0.922143 295
14507.6 3630.4 1317.05 0.7556 296
13853.4 4284.22 1515.85 1.34534 296
14958.8 3765.35 1673.75 0.640695 296
14211.6 4581.89 1959.51 1.20721 296
14665.9 4770.36 2362.94 1.05866 296
15112.8 4756.23 2591.62 0.908658 296
14505.2 3646.04 1275.24 0.751657 297
13851.3 4299.91 1487.78 1.35487 297
14964.6 3790.45 1639.59 0.636948 297
14201.4 4583.27 1912.86 1.21383 297
14677.5 4818.2 2362.94 1.06254 297
15130.8 4806.91 2591.62 0.9108 297
14509.4 3652.21 1255.31 0.747728 298
13863.3 4321.38 1487.78 1.35575 298
14957 3789.9 1606.8 0.633733 298
14215 4604.34 1912.86 1.21366 298
14693.1 4839.02 2362.94 1.06152 298
15148.8 4827.71 2591.62 0.909161 298
14498 3639.34 1217.27 0.739382 299
13850.3 4282.94 1434.64 1.35955 299
14925 3764.75 1545 0.626548 299
14201.7 4577.66 1868.37 1.21465 299
14666.2 4796.53 2295.43 1.06102 299
15109.9 4780.62 2510.63 0.907262 299
14493.1 3644.97 1199.11 0.73741 300
13849.4 4300.71 1434.64 1.36321 300
14936.7 3784 1545 0.624846 300
14201.8 4595.93 1868.37 1.21702 300
14668 4815.98 2295.43 1.0625 300
15114 4801.57 2510.63 0.908195 300
14506.4 3641.48 1181.47 0.720688 301
13848.4 4289.59 1409.48 1.36317 301
14196.7 4568.5 1825.91 1.21377 301
14685.5 4826.86 2295.43 1.05636 301
15138.4 4811.62 2510.63 0.900352 301
14500.6 3648.19 1164.35 0.71952 302
13848.6 4307.44 1409.48 1.3661 302
14197.5 4586.89 1825.91 1.21579 302
14687.5 4846.25 2295.43 1.05766 302
15142.4 4832.24 2510.63 0.901225 302
14490.7 3638.01 1131.55 0.710502 303
13844.8 4297.81 1385.17 1.36753 303
14202.9 4601.04 1825.91 1.21454 303
14663.6 4805.6 2231.67 1.05587 303
15106.1 4787.06 2434.55 0.898417 303
14488.4 3643.56 1115.83 0.706965 304
13840 4290.61 1361.7 1.37033 304
14189.8 4579.86 1785.34 1.21621 304
14667.9 4822.97 2231.67 1.056 304
15113.1 4805.18 2434.55 0.897846 304
14473.6 3584.51 1057.11 0.677358 305
13841.8 4238.36 1317.05 1.36183 305
14197.4 4531.04 1746.52 1.20294 305
14668.9 4753.17 2171.35 1.04011 305
15106.6 4726.72 2362.94 0.879994 305
14482.4 3626.19 1057.11 0.685857 306
13832 4272.2 1317.05 1.37687 306
14185.1 4569.73 1746.52 1.21677 306
14655.8 4798.6 2171.35 1.05304 306
15096.4 4778.67 2362.94 0.892299 306
13834.5 4279.38 1295.81 1.37926 307
14181.8 4563.41 1709.36 1.21688 307
14640.9 4778.34 2114.21 1.05159 307
15116.8 4807.73 2362.94 0.888795 307
13837.6 4277.75 1295.81 1.37688 308
14187.3 4560.49 1709.36 1.21339 308
14649.1 4774 2114.21 1.04732 308
15127.3 4802.18 2362.94 0.884071 308
13844.7 4305.23 1295.81 1.37844 309
14197.9 4587.2 1709.36 1.21248 309
14663.2 4800.72 2114.21 1.04509 309
15145.7 4829.02 2362.94 0.880837 309
13841.1 4311.36 1275.24 1.38386 310
14200.2 4614.53 1709.36 1.21577 310
14666.6 4829.24 2114.21 1.04751 310
15151.6 4858.7 2362.94 0.8825 310
13854 4331.71 1275.24 1.38157 311
14216.5 4632.64 1709.36 1.21179 311
14686.1 4844.89 2114.21 1.04245 311
15173.6 4871.88 2362.94 0.876686 311
13843.3 4337.44 1255.31 1.39169 312
14199.5 4625.81 1673.75 1.21848 312
14686.3 4872.43 2114.21 1.04602 312
15132.4 4848.95 2295.43 0.87972 312
13840.5 4342.95 1236 1.39603 313
14202.4 4650.62 1673.75 1.22053 313
14690.8 4897.49 2114.21 1.04707 313
15185.4 4926.46 2362.94 0.879046 313
13850.3 4345.74 1217.27 1.39393 314
14209.3 4636.68 1639.59 1.21528 314
14687.1 4864.85 2060 1.04001 314
15168.3 4883.56 2295.43 0.870746 314
13840.9 4349.24 1199.11 1.40244 315
14203.8 4660.05 1639.59 1.2217 315
14681.7 4890.7 2060 1.04561 315
15164.9 4911.78 2295.43 0.875612 315
13830.2 4315.71 1164.35 1.4063 316
14194.7 4627.9 1606.8 1.2202 316
14664.4 4841.78 2008.5 1.041 316
15136.7 4854.58 2231.67 0.869218 316
13833.9 4344.37 1164.35 1.41077 317
14200.2 4656.34 1606.8 1.22255 317
14671.4 4870.61 2008.5 1.04229 317
15146 4883.81 2231.67 0.869755 317
13832.5 4341.48 1131.55 1.41697 318
14198.1 4655.55 1575.3 1.2243 318
14685.3 4897.58 2008.5 1.04101 318
15163.9 4909.4 2231.67 0.866951 318
13835.3 4353.38 1115.83 1.42155 319
14197 4653.26 1545 1.2252 319
14673.6 4879.95 1959.51 1.03964 319
15182.7 4931.72 2231.67 0.863342 319
13833 4348.32 1085.68 1.42798 320
14194.3 4649.82 1515.85 1.22684 320
14686 4902.08 1959.51 1.03818 320
15157.3 4905.95 2171.35 0.861059 320
13838.9 4362.36 1057.11 1.43469 321
14200.2 4664.83 1487.78 1.22842 321
14681.5 4902.2 1912.86 1.03744 321
15182.8 4944.13 2171.35 0.857743 321
13830.3 4336.43 1030 1.43915 322
14191.4 4639.02 1460.73 1.22818 322
14687.3 4899.32 1912.86 1.03413 322
15152.6 4895.33 2114.21 0.853705 322
13831.7 4342.61 1016.96 1.44296 323
14197.3 4657.93 1460.73 1.22924 323
14670.6 4880.42 1868.37 1.035 323
15162 4913.96 2114.21 0.853091 323
13837.5 4360.41 1004.25 1.44865 324
14200.3 4662.57 1434.64 1.2305 324
14687.5 4907.88 1868.37 1.03315 324
15183.2 4940.09 2114.21 0.849725 324
13833.3 4348.67 991.853 1.45114 325
14191.8 4638.72 1409.48 1.23054 325
14691.2 4906.09 1868.37 1.03103 325
15150.3 4895.86 2060 0.847704 325
13824.9 4331.34 956.43 1.45916 326
14195.1 4655.43 1409.48 1.23117 326
14675.8 4885.32 1825.91 1.02979 326
15163.4 4909.24 2060 0.843682 326
13825.2 4350.85 956.43 1.46405 327
14188.5 4651.69 1385.17 1.23402 327
14680.2 4903.9 1825.91 1.03042 327
15169.8 4927.75 2060 0.843561 327
13825.4 4359.65 945.178 1.46861 328
14192.8 4671.09 1385.17 1.23537 328
14686.5 4922.53 1825.91 1.03034 328
15178.1 4945.65 2060 0.842609 328
13820.8 4359.68 923.449 1.47701 329
14188.3 4669.06 1361.7 1.23761 329
14672.3 4906.02 1785.34 1.02995 329
15190.5 4961.12 2060 0.839461 329
13821.2 4370.08 912.956 1.48188 330
14193.3 4688.82 1361.7 1.23858 330
14679.6 4924.57 1785.34 1.02928 330
15162.2 4939.53 2008.5 0.838762 330
14181.1 4668.67 1317.05 1.2423 331
14688.6 4943.46 1785.34 1.0281 331
15175.2 4956.08 2008.5 0.835628 331
14211 4699.9 1317.05 1.23491 332
14725.6 4966.22 1785.34 1.01715 332
15215.4 4970.85 2008.5 0.822749 332
14200.2 4719.22 1317.05 1.24758 333
14713.8 4988.96 1785.34 1.02793 333
15204.8 4996.79 2008.5 0.832403 333
14192.8 4718.01 1295.81 1.25385 334
14696.8 4970.91 1746.52 1.02996 334
15211.6 5007.64 2008.5 0.831292 334
14178.8 4701.99 1275.24 1.26004 335
14691.3 4973.64 1746.52 1.03336 335
15207.2 5009.82 2008.5 0.833497 335
14174.1 4702.95 1255.31 1.2658 336
14676.9 4958.05 1709.36 1.0352 336
15215.5 5021.63 2008.5 0.832198 336
14175 4701.15 1236 1.26701 337
14687.1 4971.26 1709.36 1.03352 337
15191 4994.95 1959.51 0.830207 337
14155.6 4690.27 1199.11 1.2816 338
14666.6 4960.22 1673.75 1.04005 338
15193.7 5009.13 1959.51 0.831861 338
14157.8 4690.75 1181.47 1.28303 339
14677.6 4973.91 1673.75 1.03833 339
15172 4984.44 1912.86 0.829568 339
14158.4 4699.35 1164.35 1.28778 340
14670.2 4964.33 1639.59 1.03829 340
15185.6 4998.21 1912.86 0.826116 340
14164 4704.11 1147.72 1.28829 341
14666 4953.72 1606.8 1.03672 341
15200.7 5011.4 1912.86 0.822382 341
14164.3 4702.7 1131.55 1.29063 342
14677.3 4960.38 1606.8 1.03326 342
15214.6 5010.63 1912.86 0.816103 342
14165.9 4702.98 1115.83 1.29321 343
14687.5 4971.5 1606.8 1.0319 343
15193.4 4985.14 1868.37 0.813864 343
14168.5 4718.69 1115.83 1.29857 344
14676.2 4957.32 1575.3 1.03404 344
15200.9 4994.46 1868.37 0.813357 344
14166.2 4694.17 1071.2 1.30319 345
14678.8 4941.38 1545 1.0308 345
15191.5 4964.4 1825.91 0.806767 345
14153.2 4691.09 1043.38 1.31938 346
14661.9 4939.1 1515.85 1.04043 346
15193 4985.15 1825.91 0.812411 346
14148.8 4686.32 1016.96 1.3285 347
14654.8 4931.97 1487.78 1.04345 347
15173.5 4968.08 1785.34 0.81261 347
14154.9 4693.72 1004.25 1.33273 348
14667.2 4949.2 1487.78 1.0441 348
15187.2 4982.78 1785.34 0.811691 348
14150 4697.05 979.757 1.34677 349
14675.4 4971.1 1487.78 1.04884 349
15198.6 4999.72 1785.34 0.812457 349
14136.5 4691.45 967.953 1.3578 350
14653.2 4952.99 1460.73 1.05562 350
15163.7 4975.6 1746.52 0.817238 350
14160.6 4706.5 945.178 1.35751 351
14675.1 4961.29 1434.64 1.05045 351
15201.6 4998.83 1746.52 0.809071 351
14677.1 4957.31 1409.48 1.05016 352
15192.9 4981.61 1709.36 0.804801 352
14148.7 4694.99 902.698 1.37603 353
14658.5 4940.39 1385.17 1.05554 353
15188.7 4984.35 1709.36 0.80758 353
14659 4939.78 1361.7 1.05791 354
15177.9 4973.44 1673.75 0.806837 354
14675.3 4955.46 1361.7 1.05677 355
15195.8 4985.34 1673.75 0.803857 355
14676.4 4947.89 1339 1.05852 356
15187.2 4965.64 1639.59 0.8012 356
14676.4 4949.71 1317.05 1.06281 357
15200.8 4983.91 1639.59 0.802351 357
14691.1 4969.05 1317.05 1.06408 358
15218 4998.81 1639.59 0.80062 358
14707.4 4986.16 1317.05 1.0641 359
15236.7 5011.14 1639.59 0.79784 359
14700.1 4991.27 1317.05 1.07059 360
15231.5 5014.72 1639.59 0.801455 360
14718.7 5031.94 1339 1.07753 361
15243.8 5029.84 1639.59 0.802944 361
14734 5048.44 1339 1.07805 362
15261.9 5040.83 1639.59 0.800121 362
14753.6 5057.66 1339 1.07432 363
15284.1 5042.21 1639.59 0.793079 363
14710.1 4990.8 1236 1.08384 364
15226 4995.88 1545 0.798349 364
14728.8 4999.2 1236 1.0804 365
15246.9 4997.24 1545 0.791856 365
14746.9 5032.26 1255.31 1.08628 366
15283.2 5025.53 1575.3 0.790386 366
14752.9 5055.53 1255.31 1.09613 367
15292.4 5047.13 1575.3 0.796247 367
14723 5010.07 1181.47 1.10614 368
15259.2 5020.73 1515.85 0.800332 368
14738.1 5015.68 1181.47 1.1027 369
15256.2 4998.78 1487.78 0.793987 369
14739.6 5022.06 1164.35 1.10961 370
15269.2 5016.99 1487.78 0.79634 370
14746.1 5026.68 1147.72 1.11265 371
15266.9 5012.05 1460.73 0.795464 371
14720.4 5019.01 1100.55 1.13597 372
15255.2 5016.67 1434.64 0.803693 372
14729.6 5014.81 1085.68 1.13403 373
15256.2 4999.56 1409.48 0.797362 373
14742.6 5021.78 1057.11 1.14046 374
15268.3 5010.64 1385.17 0.798601 374
14744.1 5029.43 1043.38 1.14819 375
15262.5 5010.29 1361.7 0.801554 375
14750.7 5037.18 1030 1.15222 376
15279.2 5023.34 1361.7 0.799528 376
14737 5031.28 991.853 1.16915 377
15274.6 5026.69 1339 0.804023 377
14744.1 5040.14 956.43 1.18296 378
15274.2 5026.39 1295.81 0.805802 378
14751.4 5050.42 945.178 1.18871 379
15275.7 5026.03 1275.24 0.805574 379
14749.7 5049.12 923.449 1.19773 380
15273.3 5025.78 1255.31 0.80791 380
15288.7 5036.2 1255.31 0.806882 381
15253.7 5018.25 1199.11 0.819362 382
15275.4 5026.74 1181.47 0.815825 383
15258.9 5004.3 1147.72 0.816143 384
15260.5 5012.75 1131.55 0.822171 385
15266 5016.21 1115.83 0.823375 386
15260.8 5024.84 1100.55 0.83443 387
15273.5 5022.14 1085.68 0.831349 388
15270 5015.86 1057.11 0.833435 389
15281.1 5030.81 1057.11 0.838605 390
15308.8 5058.08 1057.11 0.843051 391
15280.4 5032.72 979.757 0.855748 392
15275.9 5030.73 956.43 0.862672 393
15274.9 5021.01 945.178 0.860587 394
15279.8 5033.03 934.187 0.869364 395
15287.3 5034.33 934.187 0.867881 396
15247.4 4997.3 873.262 0.878744 397
15257.2 5014.36 863.872 0.889313 398
15270.3 5028.11 854.682 0.89484 399
15251.4 5022.73 836.876 0.907407 400
15265.2 5036.07 828.248 0.912731 401
15267.6 5033.62 819.797 0.913518 402
15237.5 5005.84 750.842 0.931325 403
15224.7 5006.86 730.365 0.949604 404
15236.6 5023.01 717.322 0.961263 405
15249.1 5035.8 704.738 0.969476 406
15238.1 5045.73 698.61 0.993526 407
