# x y d a f
13842.8 1390.61 7303.65 -0.180533 1
13109 1172.03 6695.01 -0.231532 1
13843.1 1391.4 7303.65 -0.180421 2
13109.3 1172.68 6695.01 -0.23143 2
13843.4 1392.17 7303.65 -0.180313 3
13109.3 1172.76 6695.01 -0.231418 3
13843.1 1391.4 7303.65 -0.180421 4
13109.1 1172.27 6695.01 -0.231493 4
13843.4 1392.08 7303.65 -0.180325 5
13109.2 1172.38 6695.01 -0.231477 5
13843.1 1391.32 7303.65 -0.180433 6
13109.3 1172.62 6695.01 -0.231439 6
13843.4 1392.08 7303.65 -0.180325 7
13109.4 1173.03 6695.01 -0.231376 7
13843.4 1392.08 7303.65 -0.180325 8
13108.9 1171.6 6695.01 -0.231599 8
13843.1 1391.4 7303.65 -0.180421 9
13109.3 1172.76 6695.01 -0.231418 9
13843.3 1391.73 7303.65 -0.180375 10
13109.1 1172.27 6695.01 -0.231493 10
13843.3 1391.76 7303.65 -0.180371 11
13109.6 1173.41 6695.01 -0.231317 11
13843.3 1391.73 7303.65 -0.180375 12
13109.4 1173.03 6695.01 -0.231376 12
13843.1 1391.4 7303.65 -0.180421 13
13109.2 1172.35 6695.01 -0.231481 13
13843.8 1393.29 7303.65 -0.180155 14
13109.4 1173.03 6695.01 -0.231376 14
13842.8 1390.58 7303.65 -0.180537 15
13109 1172.03 6695.01 -0.231532 15
13843.1 1391.4 7303.65 -0.180421 16
13109 1172 6695.01 -0.231536 16
13842.8 1390.61 7303.65 -0.180533 17
13109.2 1172.33 6695.01 -0.231485 17
13843.1 1391.32 7303.65 -0.180433 18
13109.7 1173.73 6695.01 -0.231267 18
13843.1 1391.48 7303.65 -0.180416 19
13109 1172.02 6695.01 -0.231539 19
13843.5 1392.62 7303.65 -0.180255 20
13109.1 1172.36 6695.01 -0.231485 20
13843.9 1393.72 7303.65 -0.180076 21
13109.8 1173.85 6695.01 -0.231225 21
13844.7 1393.95 7303.65 -0.180009 22
13110.5 1174.18 6695.01 -0.231135 22
13843.8 1390.95 7303.65 -0.180408 23
13109.9 1171.91 6695.01 -0.231465 23
13844.1 1391.16 7303.65 -0.180362 24
13110.2 1172.39 6695.01 -0.231372 24
13844.2 1391.22 7303.65 -0.180343 25
13110.6 1173.14 6695.01 -0.231243 25
13844.4 1392.02 7303.65 -0.180231 26
13110.1 1171.79 6695.01 -0.231454 26
13844.3 1391.51 7303.65 -0.180289 27
13110.6 1173.07 6695.01 -0.231239 27
13844 1390.71 7303.65 -0.180396 28
13109.9 1171.25 6695.01 -0.231517 28
13844.7 1392.65 7303.65 -0.180119 29
13109.8 1170.93 6695.01 -0.231563 29
13233 1498.58 6695.01 -0.180894 30
13106.9 1164.62 6695.01 -0.232558 30
14448.5 2994.82 7303.65 0.0330176 31
12580.3 1227.86 6180.01 -0.242096 31
12577.8 1220.79 6180.01 -0.243239 32
12692.4 1530.09 6180.01 -0.191297 32
13761.3 2974 6695.01 0.0339766 33
12695.1 1531.97 6180.01 -0.190757 33
12583.7 1222.57 6180.01 -0.242659 33
12288.4 1638.96 5738.58 -0.185567 34
12622.5 1243.02 6180.01 -0.237992 34
12634.5 1192.21 6180.01 -0.245415 35
13192.9 2704.81 6180.01 0.00505677 37
13106 2380 6180.01 -0.0458311 37
12445.2 1617.7 5738.58 -0.182626 37
12363.7 1313 5738.58 -0.236961 37
14213.8 4259.97 6695.01 0.212918 38
14148.1 4013.97 6695.01 0.182573 38
14053.4 3659.74 6695.01 0.137303 38
12220.3 1985.74 5356.01 -0.123545 38
12108.1 2454.02 4228.43 -0.000442739 45
15225.3 2372.03 6695.01 0.0106358 48
13893.8 1718.97 5738.58 -0.0943452 48
13373.1 1484.87 5356.01 -0.144674 48
12892.6 1223.42 5021.26 -0.208033 48
12292.2 1333.43 4228.43 -0.199426 49
13018.4 1776.84 4725.89 -0.0839622 49
12647.2 1571.55 4463.34 -0.134404 49
12350 1790.82 4017 -0.0876878 50
12067.6 1607.25 3825.72 -0.139603 50
12247.9 1295.67 4017 -0.200687 51
12808.6 1498.44 4463.34 -0.133879 51
13568.9 1690.73 5021.26 -0.0747706 52
12894 1492.9 4463.34 -0.12809 52
12543.9 1239.25 4228.43 -0.196369 52
14750.8 1291.17 6180.01 -0.118327 53
13769.6 1024.43 5356.01 -0.187762 53
16178.5 1607.73 7303.65 -0.0525724 54
14868.8 1318.38 6180.01 -0.108218 54
14263 962.426 5738.58 -0.179542 54
14807.4 857.242 6180.01 -0.177289 55
16098.2 567.221 7303.65 -0.179654 56
15113.5 856.579 6180.01 -0.159387 57
15954.9 1227.13 6695.01 -0.0855541 58
14776.8 875.917 5738.58 -0.161458 58
14971 821.279 5738.58 -0.156897 59
13193.1 1093.16 3825.72 -0.148895 60
14114.4 1650.5 4463.34 -0.00720693 60
13523.1 1389.56 4017 -0.0690691 60
13694.5 1636.82 4017 -0.00514397 61
13200.3 1394.14 3651.82 -0.0680484 61
12766.4 1138.32 3347.5 -0.149559 61
13184.2 1408.24 3493.05 -0.053152 62
13954.8 1944.45 4017 0.0750821 62
12783.1 1147.78 3213.6 -0.137142 62
13490.6 1391.16 3651.82 -0.0425707 63
12924.4 1126.67 3213.6 -0.128756 63
14324.1 1976.63 4228.43 0.0886833 63
13775 1656.26 3825.72 0.0238337 63
13435.8 1055.61 3651.82 -0.126273 64
13903.8 1043.54 4017 -0.111634 65
15500 869.438 5356.01 -0.103782 66
14149.4 1084.61 3493.05 -0.0469327 71
14670.6 1061.54 3825.72 -0.0330687 73
14008.7 1063.77 3090 -0.023106 74
12747.2 951.88 1255.31 0.101225 98
12748.7 967.422 1217.27 0.116618 99
12707.2 956.547 1164.35 0.113885 100
12678.1 966.229 1100.55 0.129258 102
12724.8 942.673 1131.55 0.105969 103
12658.1 947.872 1030 0.11737 104
12754.2 956.72 1085.68 0.113635 105
12713 956.445 1004.25 0.112753 106
12958.3 1166.49 1236 0.247359 106
12710 953.046 979.757 0.106311 107
12939.3 1157.48 1199.11 0.244019 107
12792.3 934.984 1043.38 0.0777039 108
12753.1 923.678 979.757 0.0632456 109
13029.4 1141.99 1255.31 0.213809 109
13209.3 1324.68 1434.64 0.304076 109
12779.5 957.812 956.43 0.0797497 110
13052.3 1180.73 1236 0.233135 110
13245.1 1371.31 1434.64 0.324136 110
12869.2 951.1 1004.25 0.0529854 111
13190.4 1196.07 1339 0.215589 111
13414.8 1409.4 1575.3 0.311291 111
13611.6 1644.4 1785.34 0.395427 111
13723.9 1911.08 1912.86 0.489435 111
12861.6 951.239 979.757 0.0464422 112
13162.7 1190.54 1295.81 0.212678 112
13398.6 1402.33 1545 0.30852 112
13585.7 1631.11 1746.52 0.393567 112
13690.9 1889.43 1868.37 0.487951 112
12839.2 935.968 956.43 0.0323175 113
13143.4 1170.69 1275.24 0.201216 113
13371.1 1376.21 1515.85 0.298243 113
13550.6 1597.71 1709.36 0.384176 113
13651 1849.05 1825.91 0.479677 113
12909.4 950.19 1004.25 0.034924 114
13245.9 1206.31 1361.7 0.207571 114
13504.9 1435.82 1639.59 0.306658 114
13712.8 1684.87 1868.37 0.393585 114
13829 1966.23 2008.5 0.489962 114
12863.5 943.461 934.187 0.0209896 115
13181.5 1186.48 1275.24 0.199454 115
13430.4 1404.75 1545 0.300837 115
13609.5 1634.06 1746.52 0.389547 115
12889.2 930.201 934.187 -0.00221121 116
13223.4 1182.45 1295.81 0.186516 116
13508.9 1416.09 1606.8 0.291757 116
13849.6 1953.51 2008.5 0.48211 116
12872.4 937.575 892.668 -0.00562142 117
13205 1186.98 1255.31 0.187864 117
13467.1 1412.45 1545 0.294866 117
13676.6 1658.68 1785.34 0.387156 117
13813.7 1947.42 1959.51 0.487951 117
12900.9 972.853 863.872 0.00669675 118
13236 1228.43 1236 0.204879 118
13482.1 1456.47 1515.85 0.314484 118
13675.6 1700.96 1746.52 0.407875 118
13841 2007.48 1959.51 0.50908 118
13894.2 2303.21 2060 0.608622 118
12852.6 943.932 811.516 -0.0259298 119
13187 1190.33 1181.47 0.182679 119
13433.7 1411.18 1460.73 0.296044 119
13680.8 1669.61 1746.52 0.391152 119
13899.8 2269.53 2060 0.595363 119
12896.1 937.775 819.797 -0.047163 120
13253.3 1198.61 1217.27 0.173585 120
13543.1 1439.97 1545 0.290798 120
13780.4 1708.48 1825.91 0.389552 120
13960.2 2033.48 2060 0.4944 120
14071.9 2383.91 2231.67 0.596818 120
12884.2 935.036 795.447 -0.0652372 121
13249.4 1191.18 1199.11 0.160428 121
13530 1426.51 1515.85 0.279784 121
13797.1 1700.64 1825.91 0.378952 121
13978.3 2024.8 2060 0.484745 121
14091.8 2374.4 2231.67 0.587768 121
12869.2 949.968 757.925 -0.0643878 122
13234.8 1205 1164.35 0.166658 122
13519.2 1442.08 1487.78 0.287712 122
13938.4 2029.26 2008.5 0.494782 122
14040.1 2369.02 2171.35 0.598409 122
13201.7 1210.51 1085.68 0.161712 123
13485.3 1442.09 1409.48 0.28692 123
13703.8 1695.43 1673.75 0.39031 123
13884.3 2009.64 1912.86 0.498573 123
13969.7 2330.1 2060 0.603618 123
13240.6 1206.15 1100.55 0.145851 124
13532.1 1445.93 1434.64 0.277186 124
13793.5 1721.18 1746.52 0.383252 124
13991.4 2056.67 2008.5 0.493916 124
14086.5 2399.75 2171.35 0.600866 124
13247.6 1223.66 1057.11 0.146715 125
13553.8 1468.18 1409.48 0.281976 125
13799.8 1742.05 1709.36 0.391239 125
13982.1 2072.13 1959.51 0.504072 125
14116.3 2441.65 2171.35 0.611968 125
13272.3 1228.09 1043.38 0.136139 126
13566.3 1473.53 1385.17 0.278115 126
13833.4 1756.81 1709.36 0.390023 126
14013 2090.08 1959.51 0.505152 126
14144.2 2462.53 2171.35 0.614796 126
13278.8 1243.15 1016.96 0.142496 127
13572.6 1491.4 1361.7 0.287416 127
13858.3 1784.97 1709.36 0.400244 127
14032.8 2122.19 1959.51 0.516718 127
14158.3 2497.71 2171.35 0.627285 127
13267.4 1240.64 967.953 0.134237 128
13565.1 1487.88 1317.05 0.284849 128
13858.3 1783.37 1673.75 0.400475 128
14063.6 2137.5 1959.51 0.518753 128
14186.4 2516.37 2171.35 0.630953 128
13301.2 1243.36 945.178 0.11758 129
13580.2 1484.61 1275.24 0.274315 129
13820.8 1755.11 1575.3 0.393508 129
13996.5 2079.85 1825.91 0.513511 129
14097.2 2423.65 2008.5 0.626723 129
13292.3 1233.55 934.187 0.108814 130
13563.2 1470.86 1255.31 0.267714 130
13823.3 1745.27 1575.3 0.387379 130
13962.3 2050.04 1785.34 0.5087 130
14057 2382.98 1959.51 0.622375 130
13293.8 1237.13 923.449 0.105833 131
13574.4 1476.34 1255.31 0.266088 131
13804.8 1740.93 1545 0.387416 131
13970.9 2056.49 1785.34 0.508744 131
14064.1 2389.52 1959.51 0.622992 131
14193.3 2733.67 2171.35 0.705811 131
13500.1 1453.13 1147.72 0.257059 132
13726.5 1704.78 1434.64 0.381931 132
13924.7 2286.15 1785.34 0.623125 132
13980.7 2553.63 1912.86 0.708708 132
13459.3 1424.09 1100.55 0.241652 133
13685.6 1667.68 1385.17 0.368592 133
13834.2 1953.91 1606.8 0.494824 133
13897.2 2241.26 1746.52 0.612389 133
13492.5 1473.54 1057.11 0.261696 134
13706.5 1719.62 1339 0.393095 134
13829.4 1997.99 1545 0.522706 134
13902.6 2293.44 1709.36 0.641687 134
13249.7 1253.27 737.065 0.0703782 135
13498 1472.47 1043.38 0.254948 135
13703.7 1714.76 1317.05 0.388747 135
13845.9 2000.52 1545 0.518875 135
13917.6 2295.86 1709.36 0.638959 135
13560 1481.03 1071.2 0.239898 136
13797.2 1744.11 1385.17 0.379144 136
13924.6 2037.72 1606.8 0.514067 136
14033.6 2373.45 1825.91 0.636679 136
13459.4 2119.19 1199.11 0.738559 136
13725.1 1713.22 1295.81 0.375106 137
13944.6 2301.67 1709.36 0.633762 137
13517.2 1449.89 991.853 0.210249 138
13745.4 1699.55 1295.81 0.35684 138
13897.1 1993.51 1545 0.495791 138
13958 2286.66 1709.36 0.622351 138
13495.7 1455.41 934.187 0.194643 139
13717.9 1701.38 1236 0.349271 139
13841.9 1979.9 1460.73 0.494455 139
13939.1 2290.71 1673.75 0.623807 139
13709.9 1697.88 1217.27 0.343577 140
13850.6 1981.88 1460.73 0.489362 140
13917.3 2273.71 1639.59 0.620869 140
13908.2 1987.93 1515.85 0.475511 141
14016.2 2314.46 1746.52 0.607542 141
13729 1691.9 1217.27 0.32834 142
13865.7 1977.37 1460.73 0.478479 142
13957.2 2288.14 1673.75 0.612279 142
13655.9 1677.29 1115.83 0.322058 143
13795.8 1951.15 1361.7 0.475318 143
13888 2249.39 1575.3 0.611277 143
13652 1691.77 1100.55 0.326988 144
13780.9 1962.76 1339 0.482619 144
13838.1 2238.47 1515.85 0.620621 144
13749 1731.69 1181.47 0.324 145
13903.3 2034.9 1460.73 0.482434 145
13977.3 2347.92 1673.75 0.62268 145
13829.6 1990.33 1339 0.467777 147
13900.4 2284.26 1545 0.612089 147
13770.7 1717.59 1131.55 0.281694 148
13962.1 2555.11 1673.75 0.704588 150
13777.8 1733.42 1057.11 0.25123 151
13920.4 2030.93 1339 0.432313 151
13997.6 2345.17 1575.3 0.588623 151
14094.1 2656.17 1825.91 0.697425 151
13942.5 2300.8 1487.78 0.58023 152
13729.8 1726.72 967.953 0.233299 153
13895.5 2027.25 1275.24 0.423038 153
13997.1 2354.29 1545 0.584555 153
14080.5 2656.01 1785.34 0.696386 153
13802.8 1757.68 1016.96 0.231298 154
13971.4 2076.9 1339 0.42487 154
14187.3 2765.02 1912.86 0.701503 154
14312 4428.04 2975.56 1.06393 154
13862.3 1776.16 1057.11 0.223317 155
14053.1 2116.67 1409.48 0.419386 155
14160.9 2483.65 1709.36 0.585688 155
14315.1 2872.9 2060 0.698898 155
14525.3 4805.59 3347.5 1.06361 155
13905.6 1788.94 1085.68 0.216434 156
14110.9 2148.76 1460.73 0.417371 156
14266.2 2562.32 1825.91 0.586119 156
14405.8 2963.97 2171.35 0.701841 156
14779.7 5305.35 3825.72 1.06855 156
13962.2 1808.92 1115.83 0.206272 157
14185.3 2190.33 1515.85 0.413303 157
14576.2 3116.82 2362.94 0.702527 157
15292.2 6245.33 4725.89 1.07054 157
14010.1 1824.83 1164.35 0.210655 158
14737.3 3285.94 2591.62 0.711912 158
14015.7 1844.22 1164.35 0.216527 159
14518.9 2799.6 2114.21 0.607647 159
14030.8 1849.07 1164.35 0.210642 160
14313.9 2286.17 1639.59 0.428026 160
14494.9 2780.04 2060 0.606274 160
14028.6 1851.48 1147.72 0.206524 161
14331.8 2293.94 1639.59 0.425902 161
14516.1 2791.47 2060 0.605364 161
14042.6 1872.9 1147.72 0.213803 162
14571.5 2865.1 2114.21 0.620035 162
14030.6 1870.92 1115.83 0.209064 163
14556.2 2844.46 2060 0.618503 163
14008.7 1868.47 1085.68 0.208862 164
14528.8 2835.61 2008.5 0.625144 164
14014.9 1881.08 1071.2 0.214032 165
14286.5 2312.48 1515.85 0.448337 165
13988 1890.65 1043.38 0.226997 166
14507.7 2885 1959.51 0.657061 166
14254.5 2322.38 1460.73 0.468358 167
14530.9 2890.81 1959.51 0.656078 167
13941.4 2683.69 1339 0.789544 167
15594.2 4563.43 3651.82 0.827347 167
14008.9 1890.54 991.853 0.217662 168
14295.9 2329.94 1434.64 0.46736 168
14529.3 2865.51 1868.37 0.657752 168
15471.7 4369.36 3347.5 0.825051 168
13979.1 1898.42 967.953 0.231299 169
14263.9 2339.56 1409.48 0.483101 169
14516.1 2894.63 1868.37 0.673476 169
13977.8 1908.79 945.178 0.24226 170
14503 2910.84 1825.91 0.690927 170
15576.8 4623.97 3493.05 0.853747 170
13985.3 1897.56 934.187 0.233403 171
14288.2 2349.94 1385.17 0.492785 171
15022.3 3747.54 2591.62 0.803738 171
14001.6 1908.65 923.449 0.241633 172
14314.3 2371.3 1385.17 0.503555 172
14596.4 2968.93 1868.37 0.696614 172
13920.6 1902.49 828.248 0.260614 173
14196.5 2333.66 1236 0.52845 173
14401.4 2850.58 1606.8 0.722771 173
13864.1 1894.74 772.501 0.2692 174
14115 2299.53 1147.72 0.537989 174
14278.1 2762.85 1460.73 0.732484 174
13860.3 1886.44 737.065 0.264618 175
14079.4 2264.04 1071.2 0.537029 175
14232 2697.73 1361.7 0.731665 175
13856.6 1866.6 704.738 0.246379 176
14076 2230.82 1030 0.522315 176
14217.5 2639.15 1295.81 0.718348 176
13871.7 1866.9 653.172 0.245273 177
14078.1 2226.35 967.953 0.537205 177
14218 2633.72 1236 0.738271 177
13912.5 1877.62 637.62 0.247428 178
14120.5 2239.61 956.43 0.544288 178
14251.7 2643.17 1217.27 0.747328 178
13901.9 1866.81 608.637 0.236269 179
14098.2 2219.32 912.956 0.543439 179
14238.1 2622.57 1181.47 0.748794 179
13870.3 1844.5 569.788 0.216296 180
14079.2 2193.58 882.858 0.533164 180
14206.9 2579.45 1131.55 0.742883 180
14054.9 2182.76 836.876 0.543378 181
14180.3 2561.38 1085.68 0.755207 181
14030.1 2153.46 795.447 0.531902 182
14148.8 2512.17 1030 0.746305 182
14023.6 2146.04 765.144 0.532508 183
14120.8 2486.62 979.757 0.75443 183
14029.2 2145.34 750.842 0.531544 184
14135.6 2493.42 979.757 0.756098 184
14033.4 2147 723.785 0.53243 185
14136.6 2494.54 956.43 0.764679 185
14024.9 2118.81 704.738 0.50611 186
14127 2460.81 934.187 0.747751 186
14038.6 2132.12 686.668 0.512355 187
14141.7 2477.16 923.449 0.758038 187
14045.9 2138.23 675.127 0.512937 188
14146.1 2482.95 912.956 0.763088 188
14083.1 2148.35 704.738 0.495712 189
14189.8 2511.06 956.43 0.752511 189
14114.1 2172.94 737.065 0.500082 190
14227 2555.31 1004.25 0.757217 190
14131.9 2188.48 757.925 0.502298 191
14246.4 2579.68 1030 0.758723 191
14133.2 2194.13 757.925 0.505525 192
14248 2585.25 1030 0.760672 192
14096.8 2177.35 730.365 0.502994 193
14209.3 2553.03 991.853 0.7565 193
14091.3 2173.7 723.785 0.502318 194
14200.2 2543.87 979.757 0.7561 194
14091 2177.25 723.785 0.505399 195
14198.3 2547.96 979.757 0.759659 195
14097.1 2181.12 730.365 0.50491 196
14207.5 2557.4 991.853 0.759528 196
14096.8 2182.54 730.365 0.505485 197
14206.9 2558.95 991.853 0.760241 197
14095.6 2183.95 730.365 0.50568 198
14205.7 2560.35 991.853 0.760396 198
14094.9 2184.25 730.365 0.505539 199
14205 2560.64 991.853 0.760262 199
14094.1 2184.56 730.365 0.50554 200
14204.2 2560.91 991.853 0.760227 200
14092.7 2185.07 730.365 0.505557 201
14202.7 2561.5 991.853 0.760344 201
14092.1 2185.23 730.365 0.505466 202
14202.2 2561.6 991.853 0.760203 202
14091.6 2185.45 730.365 0.505479 203
14201.7 2561.82 991.853 0.760222 203
14091.2 2185.61 730.365 0.505409 204
14201.3 2561.97 991.853 0.760149 204
14090.9 2185.84 730.365 0.505423 205
14201 2562.21 991.853 0.760185 205
14090.7 2185.95 730.365 0.505282 206
14200.7 2562.38 991.853 0.760146 206
14090.4 2186.27 730.365 0.505168 207
14200.5 2562.69 991.853 0.760019 207
14090.4 2186.24 730.365 0.50512 208
14200.5 2562.65 991.853 0.759983 208
14090.1 2186.67 730.365 0.505203 209
14200.3 2562.95 991.853 0.759911 209
14090.1 2186.77 730.365 0.505106 210
14200.3 2563.14 991.853 0.759922 210
14090.1 2186.87 730.365 0.505022 211
14200.2 2563.31 991.853 0.759944 211
14090 2186.99 730.365 0.504998 212
14200.2 2563.38 991.853 0.759867 212
14089.8 2187.44 730.365 0.505462 213
14199.8 2563.87 991.853 0.760329 213
14090 2187.29 730.365 0.504912 214
14200.1 2563.7 991.853 0.759822 214
14089.9 2187.38 730.365 0.504896 215
14200.1 2563.79 991.853 0.759821 215
14089.9 2187.51 730.365 0.504962 216
14200.1 2563.86 991.853 0.7598 216
14089.9 2187.55 730.365 0.504905 217
14200 2563.93 991.853 0.759793 217
14089.8 2187.69 730.365 0.504918 218
14200 2564.09 991.853 0.75983 218
14089.8 2187.72 730.365 0.504812 219
14199.9 2564.14 991.853 0.759766 219
14089.8 2187.78 730.365 0.504828 220
14199.9 2564.19 991.853 0.759774 220
14089.7 2187.82 730.365 0.504841 221
14199.9 2564.23 991.853 0.759781 221
14089.7 2187.88 730.365 0.50482 222
14199.9 2564.24 991.853 0.759714 222
14089.7 2187.88 730.365 0.504781 223
14199.9 2564.27 991.853 0.759715 223
14089.7 2187.9 730.365 0.504766 224
14199.9 2564.31 991.853 0.75973 224
14089.7 2187.96 730.365 0.504822 225
14199.9 2564.29 991.853 0.759686 225
14089.7 2187.94 730.365 0.504726 226
14199.8 2564.34 991.853 0.759693 226
14089.7 2188.01 730.365 0.504784 227
14199.8 2564.37 991.853 0.759694 227
14089.7 2187.98 730.365 0.504695 228
14199.8 2564.4 991.853 0.759692 228
14089.7 2187.94 730.365 0.504633 229
14199.8 2564.39 991.853 0.759673 229
14089.7 2187.99 730.365 0.504703 230
14199.8 2564.37 991.853 0.759652 230
14089.7 2187.99 730.365 0.504688 231
14199.8 2564.4 991.853 0.759666 231
14089.7 2187.99 730.365 0.504673 232
14199.8 2564.37 991.853 0.759637 232
14089.7 2188.02 730.365 0.504689 233
14199.8 2564.36 991.853 0.759608 233
14089.7 2187.99 730.365 0.504641 234
14199.8 2564.4 991.853 0.759644 234
14085.6 2183.24 730.365 0.500436 235
14197.3 2559.21 991.853 0.75547 235
14081.3 2181.83 730.365 0.50033 236
14193.1 2557.75 991.853 0.755317 236
14075.8 2180.47 730.365 0.500292 237
14187.6 2556.37 991.853 0.755275 237
14075.8 2180.49 730.365 0.500315 238
14187.6 2556.36 991.853 0.755268 238
14074.3 2180.31 730.365 0.500298 239
14186.1 2556.22 991.853 0.755287 239
14077.4 2185.14 730.365 0.50451 240
14187.6 2561.49 991.853 0.759475 240
14081.3 2186.78 730.365 0.504607 241
14191.4 2563.19 991.853 0.759628 241
14079.9 2184.25 730.365 0.501896 242
14191 2560.36 991.853 0.756908 242
14082.4 2187.41 730.365 0.504483 243
14192.6 2563.8 991.853 0.759498 243
14085.2 2188.52 730.365 0.504567 244
14195.3 2564.93 991.853 0.759597 244
14087.2 2189.28 730.365 0.504614 245
14197.3 2565.67 991.853 0.759612 245
14084.2 2186.01 730.365 0.501919 246
14195.4 2562.05 991.853 0.756854 246
14087 2189.16 730.365 0.504599 247
14197.2 2565.53 991.853 0.759577 247
14089.1 2189.67 730.365 0.504533 248
14199.2 2566.03 991.853 0.759529 248
14085.2 2185.97 730.365 0.501778 249
14196.4 2562.04 991.853 0.756785 249
14085.6 2188.52 730.365 0.504779 250
14195.6 2564.94 991.853 0.759801 250
14085.6 2188.56 730.365 0.504836 251
14195.6 2564.96 991.853 0.759822 251
14085.6 2188.54 730.365 0.504796 252
14195.6 2564.97 991.853 0.759829 252
14083.4 2185.28 730.365 0.501844 253
14194.6 2561.36 991.853 0.756845 253
14083.4 2185.26 730.365 0.501812 254
14194.6 2561.32 991.853 0.756809 254
14079.9 2184.02 730.365 0.501752 255
14191.1 2560.07 991.853 0.756724 255
14081.6 2187.11 730.365 0.504707 256
14191.7 2563.54 991.853 0.759742 256
14086 2188.48 730.365 0.504469 257
14196.1 2564.87 991.853 0.759501 257
14087.3 2189.22 730.365 0.504854 258
14197.3 2565.64 991.853 0.759875 258
14089 2189.7 730.365 0.504871 259
14199.1 2566.12 991.853 0.759887 259
14089.1 2189.59 730.365 0.504709 260
14199.1 2566.02 991.853 0.759787 260
14089.5 2189.73 730.365 0.504832 261
14199.5 2566.15 991.853 0.759857 261
14085.2 2186.02 730.365 0.502175 262
14196.3 2562.1 991.853 0.757132 262
14085.8 2188.02 730.365 0.504441 263
14195.9 2564.39 991.853 0.759453 263
14087.7 2188.86 730.365 0.504765 264
14197.7 2565.31 991.853 0.759844 264
14088.3 2189.07 730.365 0.504811 265
14198.4 2565.5 991.853 0.759858 265
14084.3 2185.44 730.365 0.50209 266
14195.4 2561.56 991.853 0.757118 266
14085 2187.72 730.365 0.504601 267
14195 2564.17 991.853 0.759716 267
14086.3 2188.26 730.365 0.504715 268
14196.3 2564.71 991.853 0.759812 268
14087.3 2188.65 730.365 0.50478 269
14197.3 2565.1 991.853 0.759858 269
14088.1 2188.9 730.365 0.504784 270
14198.2 2565.33 991.853 0.759835 270
14088.8 2189.05 730.365 0.504769 271
14198.8 2565.51 991.853 0.759861 271
14089.5 2189.03 730.365 0.504591 272
14199.6 2565.45 991.853 0.759662 272
14089.7 2188.99 730.365 0.504574 273
14199.7 2565.45 991.853 0.759684 273
14089.8 2188.79 730.365 0.504576 274
14199.9 2565.2 991.853 0.759641 274
14089.7 2188.71 730.365 0.504575 275
14199.8 2565.13 991.853 0.759648 275
14089.7 2188.62 730.365 0.504568 276
14199.8 2565.03 991.853 0.759634 276
14089.7 2188.5 730.365 0.504503 277
14199.7 2564.95 991.853 0.759626 277
14089.6 2188.4 730.365 0.504553 278
14199.7 2564.82 991.853 0.759633 278
14089.6 2188.4 730.365 0.504543 279
14199.7 2564.81 991.853 0.759618 279
14089.6 2188.36 730.365 0.504567 280
14199.7 2564.76 991.853 0.759626 280
14089.5 2188.28 730.365 0.504567 281
14199.6 2564.69 991.853 0.759633 281
14089.5 2188.26 730.365 0.504536 282
14199.6 2564.67 991.853 0.759612 282
14089.5 2188.2 730.365 0.504544 283
14199.6 2564.64 991.853 0.759647 283
14089.6 2187.98 730.365 0.504265 284
14199.7 2564.4 991.853 0.75944 284
14089.5 2188.15 730.365 0.504572 285
14199.4 2564.69 991.853 0.759847 285
14102.5 2198.61 743.89 0.508398 286
14219.1 2586.98 1016.96 0.762946 286
14163.2 2234.87 811.516 0.51135 287
14275.2 2639.35 1085.68 0.763058 287
13981.4 1071.56 1339 0.0947096 320
