# x y d a f
14431.6 2060.18 4725.89 -0.691263 262
14084.5 2319.65 3213.6 -0.64583 270
12772.8 2737.37 1868.37 -0.802609 272
14162.3 1240.57 10042.5 -0.219816 434
15774 956.393 11477.2 -0.217982 437
14385.3 857.275 10042.5 -0.258131 438
14539.1 1393.24 10042.5 -0.205497 439
13410.2 1250.23 8926.68 -0.246139 439
13477.9 1055.61 8926.68 -0.267177 442
12600.6 1305.76 8034.01 -0.266021 443
12571.2 1303.32 8034.01 -0.266583 446
12540.5 1307.68 8034.01 -0.266358 450
12539.9 1306.78 8034.01 -0.266468 451
12540 1306.79 8034.01 -0.266464 452
12540.3 1307.56 8034.01 -0.266368 453
12541.2 1307.91 8034.01 -0.266314 454
12541.7 1310.09 8034.01 -0.266047 455
12541.7 1308.24 8034.01 -0.266267 456
12541.9 1306.56 8034.01 -0.266464 458
13415.8 1060.24 8926.68 -0.267292 460
12542.1 1306.5 8034.01 -0.266468 461
12542.1 1306.5 8034.01 -0.266468 462
12542 1306.52 8034.01 -0.266464 464
12541.9 1305.72 8034.01 -0.266561 465
12542 1307 8034.01 -0.266406 466
12542.2 1308.63 8034.01 -0.266209 467
12541.5 1302.42 8034.01 -0.26696 470
13415.8 1061.25 8926.68 -0.26718 471
12541.8 1304.44 8034.01 -0.266716 472
12542.1 1307.41 8034.01 -0.266357 474
13415.8 1061.74 8926.68 -0.267126 475
12541.9 1306.03 8034.01 -0.266522 478
12542 1306.51 8034.01 -0.266464 480
12542.1 1308.28 8034.01 -0.266252 481
12542.2 1308.24 8034.01 -0.266256 483
12542 1306.51 8034.01 -0.266464 484
12542.1 1307.31 8034.01 -0.266367 485
12542.2 1308.11 8034.01 -0.266271 487
12555.7 1481.4 8034.01 -0.244463 488
12487.6 1478.55 8034.01 -0.243879 491
12490 1475.12 8034.01 -0.244007 492
13374.6 1245.88 8926.68 -0.244805 493
12500.6 1470.31 8034.01 -0.243856 495
12510.8 1289.56 8034.01 -0.266569 497
12562.5 1467.66 8034.01 -0.244378 499
12527.8 1475.27 8034.01 -0.243537 501
12536.1 1293.05 8034.01 -0.266682 503
12547.7 1297.91 8034.01 -0.266358 504
12548.3 1297.96 8034.01 -0.266448 506
12544.2 1303.48 8034.01 -0.266271 509
12542.6 1300.97 8034.01 -0.266686 511
12542 1303.91 8034.01 -0.266418 513
12541.6 1304.03 8034.01 -0.266473 514
13415.4 1059.29 8926.68 -0.267235 516
12541.4 1302.72 8034.01 -0.266764 517
13415.5 1059.13 8926.68 -0.267292 518
12542 1306.87 8034.01 -0.266314 519
12541.9 1306.16 8034.01 -0.26641 520
12494.1 1480.98 8034.01 -0.243993 523
12487.5 1477.27 8034.01 -0.243989 525
12503.6 1294.81 8034.01 -0.266544 528
12523 1291.82 8034.01 -0.266878 530
13410.8 1048.45 8926.68 -0.267353 531
12546.1 1293.81 8034.01 -0.266685 532
12554.6 1297.15 8034.01 -0.266527 534
12552.6 1299.26 8034.01 -0.266466 535
12550.8 1299.53 8034.01 -0.266526 536
12547.2 1300.61 8034.01 -0.26656 538
12542.6 1303.66 8034.01 -0.266426 540
12541.5 1305.69 8034.01 -0.266319 542
12541.5 1306.76 8034.01 -0.266213 544
12541.7 1307.56 8034.01 -0.266157 545
12541.8 1307.84 8034.01 -0.266156 546
12538.2 1293.43 8034.01 -0.267995 547
12542.1 1307.15 8034.01 -0.266311 550
13415.6 1059.33 8926.68 -0.267332 552
