# x y d a f
13035.3 1135.48 1825.91 0.0231731 1
13449.7 1341.32 2231.67 0.108329 1
13740.2 1622.73 2510.63 0.20262 1
14011 1890.3 2770.35 0.272725 1
14230.9 2249.74 2975.56 0.360175 1
13035.3 1135.44 1825.91 0.0231558 2
13389.1 1336.23 2171.35 0.108991 2
13740.2 1622.68 2510.63 0.202604 2
14011 1890.36 2770.35 0.272744 2
14230.9 2249.74 2975.56 0.360175 2
13035.3 1135.45 1825.91 0.0231601 3
13449.7 1341.34 2231.67 0.108336 3
13740.2 1622.78 2510.63 0.202642 3
14011 1890.19 2770.35 0.272689 3
14230.9 2249.72 2975.56 0.360171 3
13077.7 1134.86 1868.37 0.0223391 4
13449.7 1341.47 2231.67 0.108394 4
13740.2 1622.81 2510.63 0.20265 4
14011 1890.47 2770.35 0.272778 4
14230.9 2249.83 2975.56 0.3602 4
13077.7 1135.01 1868.37 0.022416 5
13449.7 1341.24 2231.67 0.108295 5
13740.2 1622.75 2510.63 0.202628 5
14230.9 2249.37 2975.56 0.360071 5
14011 1890.31 2770.35 0.272728 5
13077.7 1134.9 1868.37 0.0223622 6
13449.7 1341.33 2231.67 0.108333 6
13740.2 1622.69 2510.63 0.202606 6
14011 1890.31 2770.35 0.272728 6
14230.9 2249.56 2975.56 0.360124 6
13035.3 1135.41 1825.91 0.0231374 7
13389.1 1336.46 2171.35 0.10909 7
13740.2 1622.78 2510.63 0.202642 7
14011 1890.34 2770.35 0.272735 7
14230.9 2249.83 2975.56 0.3602 7
13077.7 1134.9 1868.37 0.0223622 8
13449.7 1341.33 2231.67 0.108333 8
13740.2 1622.7 2510.63 0.202612 8
14011 1890.31 2770.35 0.272728 8
14230.9 2249.66 2975.56 0.360153 8
13035.3 1135.48 1825.91 0.0231762 9
13449.7 1341.29 2231.67 0.108313 9
13740.2 1622.78 2510.63 0.202641 9
14011 1890.49 2770.35 0.272786 9
14230.9 2249.88 2975.56 0.360215 9
13077.7 1134.92 1868.37 0.0223705 10
13389.1 1336.27 2171.35 0.10901 10
13740.2 1622.7 2510.63 0.202612 10
14011 1890.36 2770.35 0.272744 10
14230.9 2249.54 2975.56 0.36012 10
13077.8 1135.08 1868.37 0.0224525 11
13449.7 1341.43 2231.67 0.108375 11
13740.2 1622.83 2510.63 0.20266 11
14011 1890.45 2770.35 0.272771 11
14230.9 2250.02 2975.56 0.360253 11
13077.7 1135.05 1868.37 0.0224405 12
13389.1 1336.27 2171.35 0.109007 12
13740.2 1622.75 2510.63 0.202628 12
14230.9 2249.49 2975.56 0.360107 12
14011 1890.31 2770.35 0.272728 12
13077.7 1135.05 1868.37 0.0224376 13
13389.1 1336.41 2171.35 0.109068 13
13740.2 1622.8 2510.63 0.202649 13
14011 1890.34 2770.35 0.272735 13
14230.9 2249.88 2975.56 0.360215 13
13035.3 1135.47 1825.91 0.0231713 14
13389.1 1336.38 2171.35 0.109056 14
13740.2 1622.71 2510.63 0.202613 14
14011 1890.31 2770.35 0.272728 14
14230.9 2249.68 2975.56 0.36016 14
13035.3 1135.48 1825.91 0.0231762 15
13449.7 1341.34 2231.67 0.108336 15
13740.2 1622.81 2510.63 0.20265 15
14011 1890.34 2770.35 0.272735 15
14230.9 2249.88 2975.56 0.360215 15
13077.7 1134.9 1868.37 0.0223622 16
13389.1 1336.44 2171.35 0.109082 16
13740.2 1622.66 2510.63 0.202598 16
14011 1890.38 2770.35 0.272751 16
14230.9 2249.68 2975.56 0.36016 16
13077.7 1134.97 1868.37 0.0223987 17
13449.7 1341.45 2231.67 0.108382 17
13740.2 1622.69 2510.63 0.202606 17
14011 1890.34 2770.35 0.272735 17
14230.9 2249.56 2975.56 0.360124 17
13035.3 1135.48 1825.91 0.0231762 18
13389.1 1336.23 2171.35 0.108991 18
13740.2 1622.81 2510.63 0.20265 18
14011 1890.52 2770.35 0.272793 18
14230.9 2249.7 2975.56 0.360164 18
13077.7 1134.93 1868.37 0.0223789 19
13449.7 1341.29 2231.67 0.108317 19
13740.2 1622.81 2510.63 0.202653 19
14011 1890.38 2770.35 0.272751 19
14230.9 2249.71 2975.56 0.360168 19
13077.7 1134.87 1868.37 0.0223443 20
13449.7 1341.44 2231.67 0.108382 20
13740.2 1622.94 2510.63 0.202701 20
14011 1890.38 2770.35 0.272751 20
14230.9 2249.68 2975.56 0.36016 20
13077.7 1139.41 1868.37 0.0247077 21
13449.2 1346.62 2231.67 0.110634 21
13739.3 1628.81 2510.63 0.204951 21
14009.5 1896.47 2770.35 0.274862 21
14228.8 2257.13 2975.56 0.362508 21
13077.7 1137.63 1868.37 0.0237785 22
13449.5 1344.52 2231.67 0.109715 22
13739.8 1626.28 2510.63 0.203974 22
14229.9 2253.93 2975.56 0.361473 22
13077.8 1134.92 1868.37 0.0223731 23
13449.8 1341.19 2231.67 0.108262 23
13740.6 1622.92 2510.63 0.202667 23
14231.5 2249.78 2975.56 0.360116 23
13077.8 1135.07 1868.37 0.0224485 24
13449.8 1341.26 2231.67 0.108296 24
13740.6 1622.49 2510.63 0.202509 24
14011.4 1889.93 2770.35 0.272563 24
14231.6 2250.1 2975.56 0.360207 24
13077.8 1135.02 1868.37 0.022425 25
13449.9 1341.38 2231.67 0.108344 25
13740.6 1622.77 2510.63 0.202611 25
14011.4 1889.98 2770.35 0.27258 25
14231.5 2249.91 2975.56 0.360152 25
13077.8 1135.02 1868.37 0.0224216 26
13449.9 1341.31 2231.67 0.108316 26
13740.6 1622.65 2510.63 0.202568 26
14011.4 1889.81 2770.35 0.272524 26
14231.5 2249.78 2975.56 0.360117 26
13077.8 1134.94 1868.37 0.0223786 27
13449.9 1341.27 2231.67 0.108298 27
13740.6 1623.03 2510.63 0.202709 27
14231.5 2249.95 2975.56 0.360165 27
13077.8 1134.92 1868.37 0.0223691 28
13389.3 1336.08 2171.35 0.108914 28
13740.6 1622.63 2510.63 0.202561 28
14011.4 1889.96 2770.35 0.272571 28
14231.5 2249.96 2975.56 0.360168 28
13077.8 1135.02 1868.37 0.0224208 29
13389.3 1336.32 2171.35 0.109024 29
13740.6 1622.78 2510.63 0.202614 29
14011.4 1889.95 2770.35 0.272568 29
14231.5 2249.81 2975.56 0.360126 29
13077.8 1135.1 1868.37 0.0224664 30
13449.9 1341.47 2231.67 0.108385 30
13740.6 1623.02 2510.63 0.202703 30
14011.4 1889.94 2770.35 0.272568 30
14231.5 2249.98 2975.56 0.360173 30
13077.8 1135.18 1868.37 0.0225053 31
13389.3 1336.23 2171.35 0.108983 31
13740.6 1623.04 2510.63 0.202713 31
14231.5 2249.62 2975.56 0.360072 31
13077.8 1135.08 1868.37 0.0224544 32
13389.3 1336.23 2171.35 0.108984 32
13740.6 1622.65 2510.63 0.20257 32
14231.5 2249.95 2975.56 0.360166 32
14011.4 1889.97 2770.35 0.272576 32
13077.8 1135 1868.37 0.0224098 33
13389.3 1336.32 2171.35 0.109024 33
13740.6 1622.67 2510.63 0.202574 33
14011.4 1890.09 2770.35 0.272615 33
14231.5 2249.74 2975.56 0.360105 33
13077.8 1134.96 1868.37 0.02239 34
13449.9 1341.3 2231.67 0.10831 34
13740.6 1622.86 2510.63 0.202646 34
14011.4 1890.13 2770.35 0.272629 34
14231.5 2250.08 2975.56 0.360202 34
13035.3 1135.55 1825.91 0.0232108 35
13449.9 1341.38 2231.67 0.108347 35
13740.6 1622.78 2510.63 0.202617 35
14011.5 1890.41 2770.35 0.272719 35
14231.5 2249.8 2975.56 0.360123 35
13077.8 1135.01 1868.37 0.02242 36
13449.9 1341.33 2231.67 0.108324 36
13740.6 1622.94 2510.63 0.202674 36
14011.4 1889.84 2770.35 0.272533 36
14231.6 2250.12 2975.56 0.360213 36
13077.8 1134.93 1868.37 0.0223733 37
13449.8 1341.26 2231.67 0.108294 37
13740.6 1622.88 2510.63 0.202654 37
14011.4 1889.97 2770.35 0.272576 37
14231.5 2249.66 2975.56 0.360083 37
13077.8 1134.96 1868.37 0.02239 38
13389.3 1336.19 2171.35 0.108963 38
13740.6 1622.88 2510.63 0.202654 38
14011.4 1889.97 2770.35 0.272576 38
14231.5 2249.96 2975.56 0.360166 38
13077.8 1135.31 1868.37 0.0225725 39
13449.8 1341.15 2231.67 0.108245 39
13740.6 1623.12 2510.63 0.202743 39
14231.5 2249.93 2975.56 0.360159 39
13077.8 1135.07 1868.37 0.0224468 40
13389.3 1336.21 2171.35 0.108976 40
13740.6 1622.67 2510.63 0.202577 40
14011.4 1889.81 2770.35 0.272526 40
14231.5 2249.79 2975.56 0.360119 40
13077.8 1135.01 1868.37 0.0224165 41
13449.8 1341.28 2231.67 0.108301 41
13740.6 1622.94 2510.63 0.202673 41
14231.5 2249.62 2975.56 0.360073 41
13077.8 1135.02 1868.37 0.0224248 42
13389.3 1336.22 2171.35 0.108979 42
13740.6 1622.8 2510.63 0.202621 42
14231.5 2249.63 2975.56 0.360076 42
13077.8 1134.96 1868.37 0.02239 43
13449.8 1341.17 2231.67 0.108257 43
13740.6 1622.61 2510.63 0.202554 43
14011.4 1889.98 2770.35 0.272579 43
14231.5 2249.66 2975.56 0.360083 43
13077.8 1135.05 1868.37 0.0224392 44
13389.3 1336.31 2171.35 0.109017 44
13740.5 1622.36 2510.63 0.202463 44
14011.4 1889.86 2770.35 0.272541 44
14231.5 2249.78 2975.56 0.360116 44
13035.3 1135.31 1825.91 0.0230854 45
13449.8 1341.24 2231.67 0.108287 45
13740.6 1622.63 2510.63 0.202562 45
14231.5 2249.32 2975.56 0.359989 45
14011.4 1889.84 2770.35 0.272533 45
13077.8 1135.02 1868.37 0.0224217 46
13449.8 1341.15 2231.67 0.108248 46
13740.5 1622.39 2510.63 0.202474 46
14011.4 1890.09 2770.35 0.272615 46
14231.5 2249.97 2975.56 0.36017 46
13077.8 1135.2 1868.37 0.0225187 47
13449.9 1341.3 2231.67 0.10831 47
13740.6 1622.86 2510.63 0.202647 47
14011.4 1890.09 2770.35 0.272615 47
14231.5 2249.8 2975.56 0.360123 47
13077.8 1134.91 1868.37 0.0223633 48
13449.9 1341.28 2231.67 0.108303 48
13740.6 1622.86 2510.63 0.202647 48
14231.5 2249.79 2975.56 0.36012 48
14011.4 1889.97 2770.35 0.272576 48
13077.8 1135.4 1868.37 0.0226197 49
13449.9 1341.38 2231.67 0.108347 49
13740.6 1622.69 2510.63 0.202581 49
14011.4 1889.99 2770.35 0.272583 49
14231.6 2250.26 2975.56 0.360252 49
13077.8 1135.04 1868.37 0.022433 50
13449.9 1341.45 2231.67 0.108374 50
13740.6 1622.64 2510.63 0.202566 50
14231.5 2249.57 2975.56 0.360058 50
14011.4 1890.26 2770.35 0.272668 50
13077.8 1135.11 1868.37 0.0224701 51
13449.8 1341.24 2231.67 0.108286 51
13740.6 1622.6 2510.63 0.20255 51
14011.4 1890.26 2770.35 0.272668 51
14231.5 2249.84 2975.56 0.360133 51
13077.8 1135.39 1868.37 0.0226157 52
13389.3 1336.28 2171.35 0.109006 52
13740.6 1622.91 2510.63 0.202665 52
14011.4 1890.22 2770.35 0.272657 52
14231.6 2250.1 2975.56 0.360206 52
13077.8 1135.28 1868.37 0.0225556 53
13449.9 1341.31 2231.67 0.108318 53
13740.6 1622.53 2510.63 0.202525 53
14011.4 1890.1 2770.35 0.272619 53
14231.6 2250.62 2975.56 0.360353 53
13077.8 1135.28 1868.37 0.0225556 54
13389.3 1336.31 2171.35 0.109017 54
13740.6 1622.81 2510.63 0.202625 54
14011.4 1890.15 2770.35 0.272633 54
14231.6 2250.14 2975.56 0.360219 54
13077.8 1135.28 1868.37 0.0225599 55
13449.9 1341.64 2231.67 0.108459 55
13740.6 1623.12 2510.63 0.202743 55
14011.4 1890.24 2770.35 0.272664 55
14231.6 2250.47 2975.56 0.360309 55
13077.8 1135.17 1868.37 0.0225018 56
13449.8 1341.29 2231.67 0.108306 56
13740.6 1622.78 2510.63 0.202618 56
14011.4 1890.3 2770.35 0.272683 56
14231.6 2250.44 2975.56 0.360303 56
13077.8 1135.42 1868.37 0.0226281 57
13449.9 1341.31 2231.67 0.108314 57
13740.6 1622.9 2510.63 0.202662 57
14231.6 2250.61 2975.56 0.36035 57
13077.8 1135.14 1868.37 0.0224868 58
13449.9 1341.45 2231.67 0.108374 58
13740.6 1623.05 2510.63 0.202714 58
14231.6 2250.49 2975.56 0.360317 58
13077.8 1135.41 1868.37 0.0226275 59
13449.9 1341.42 2231.67 0.108364 59
13740.6 1622.88 2510.63 0.202654 59
14011.4 1890.22 2770.35 0.272657 59
14231.6 2250.12 2975.56 0.360213 59
13077.8 1135.07 1868.37 0.0224468 60
13449.8 1341.24 2231.67 0.108286 60
13740.6 1622.88 2510.63 0.202654 60
14011.4 1890.09 2770.35 0.272615 60
14231.5 2250.02 2975.56 0.360183 60
13035.3 1135.54 1825.91 0.0232037 61
13389.3 1336.36 2171.35 0.109041 61
13740.6 1622.74 2510.63 0.202602 61
14231.6 2250.12 2975.56 0.360213 61
13077.8 1135.1 1868.37 0.0224666 62
13449.8 1341.3 2231.67 0.10831 62
13740.6 1622.81 2510.63 0.202625 62
14011.4 1889.99 2770.35 0.272583 62
14231.5 2249.96 2975.56 0.360166 62
13035.3 1135.46 1825.91 0.0231637 63
13449.9 1341.33 2231.67 0.108324 63
13740.6 1622.68 2510.63 0.202578 63
14231.5 2249.94 2975.56 0.360163 63
13035.3 1135.54 1825.91 0.0232037 64
13449.8 1341.23 2231.67 0.108283 64
13740.6 1622.53 2510.63 0.202522 64
14011.4 1889.99 2770.35 0.272583 64
14231.5 2249.94 2975.56 0.360163 64
13077.8 1135.11 1868.37 0.0224701 65
13449.8 1341.17 2231.67 0.108257 65
13740.6 1622.78 2510.63 0.202615 65
14011.4 1889.99 2770.35 0.272583 65
14231.5 2249.81 2975.56 0.360126 65
13077.8 1135.06 1868.37 0.0224433 66
13449.8 1341.3 2231.67 0.10831 66
13740.6 1622.66 2510.63 0.20257 66
14231.5 2249.6 2975.56 0.360066 66
13077.8 1135.11 1868.37 0.0224701 67
13449.8 1341.26 2231.67 0.108294 67
13740.5 1622.55 2510.63 0.20253 67
14011.4 1889.99 2770.35 0.272583 67
14231.5 2249.97 2975.56 0.36017 67
13077.8 1135.1 1868.37 0.0224666 68
13449.9 1341.38 2231.67 0.108347 68
13740.6 1622.74 2510.63 0.202602 68
14011.4 1890.13 2770.35 0.272629 68
14231.5 2249.65 2975.56 0.36008 68
13077.8 1135.13 1868.37 0.0224787 69
13389.3 1336.22 2171.35 0.10898 69
13740.6 1622.94 2510.63 0.202673 69
14011.4 1890.1 2770.35 0.272619 69
14231.5 2249.94 2975.56 0.360163 69
13077.8 1135 1868.37 0.0224134 70
13449.8 1341.15 2231.67 0.108245 70
13740.5 1622.48 2510.63 0.202506 70
14011.4 1890.26 2770.35 0.272668 70
14231.5 2249.99 2975.56 0.360176 70
13077.8 1135.11 1868.37 0.0224701 71
13449.9 1341.48 2231.67 0.10839 71
13740.6 1622.64 2510.63 0.202565 71
14011.4 1890.1 2770.35 0.272619 71
14231.5 2249.96 2975.56 0.360166 71
13077.8 1135.1 1868.37 0.0224635 72
13449.8 1341.17 2231.67 0.108256 72
13740.6 1623.05 2510.63 0.202717 72
14011.4 1890.22 2770.35 0.272657 72
14231.6 2250.11 2975.56 0.36021 72
13077.8 1135.2 1868.37 0.0225185 73
13449.9 1341.36 2231.67 0.108336 73
13740.6 1623.03 2510.63 0.20271 73
14231.6 2250.3 2975.56 0.360263 73
13077.8 1135.18 1868.37 0.0225055 74
13449.8 1341.15 2231.67 0.108248 74
13740.6 1622.51 2510.63 0.202518 74
14011.4 1889.99 2770.35 0.272583 74
14231.6 2250.11 2975.56 0.360209 74
13035.3 1135.61 1825.91 0.0232454 75
13449.9 1341.57 2231.67 0.108427 75
13740.6 1623.12 2510.63 0.202743 75
14011.4 1890.22 2770.35 0.272657 75
14231.6 2250.26 2975.56 0.360252 75
13077.8 1135.14 1868.37 0.0224827 76
13389.3 1336.4 2171.35 0.109056 76
13740.6 1622.92 2510.63 0.202666 76
14011.4 1890.1 2770.35 0.272619 76
14231.5 2249.96 2975.56 0.360166 76
13077.8 1135.12 1868.37 0.0224744 77
13449.9 1341.39 2231.67 0.108351 77
13740.6 1622.9 2510.63 0.202662 77
14231.6 2250.3 2975.56 0.360263 77
13077.8 1135.22 1868.37 0.0225268 78
13449.8 1341.26 2231.67 0.108294 78
13740.5 1622.57 2510.63 0.202537 78
14011.4 1890.1 2770.35 0.272619 78
14231.5 2250.08 2975.56 0.360202 78
13077.8 1135.29 1868.37 0.0225634 79
13449.9 1341.52 2231.67 0.108406 79
13740.6 1622.78 2510.63 0.202618 79
14231.6 2250.29 2975.56 0.360259 79
13077.8 1135.36 1868.37 0.0225997 80
13449.9 1341.53 2231.67 0.10841 80
13740.6 1623.06 2510.63 0.202718 80
14011.5 1890.55 2770.35 0.272764 80
14231.6 2250.66 2975.56 0.360364 80
13077.8 1135.18 1868.37 0.0225035 81
13449.9 1341.39 2231.67 0.108351 81
13740.6 1623.05 2510.63 0.202714 81
13077.8 1135.23 1868.37 0.0225329 82
13449.9 1341.52 2231.67 0.108405 82
13740.6 1622.86 2510.63 0.202647 82
14011.4 1890.39 2770.35 0.272711 82
14231.6 2250.49 2975.56 0.360317 82
13077.8 1135.39 1868.37 0.0226143 83
13449.8 1341.2 2231.67 0.108268 83
13740.6 1623.02 2510.63 0.202703 83
14011.4 1890.39 2770.35 0.272711 83
14231.5 2250.08 2975.56 0.360202 83
13077.8 1135.09 1868.37 0.02246 84
13449.9 1341.49 2231.67 0.108394 84
13740.6 1622.78 2510.63 0.202618 84
14231.6 2250.3 2975.56 0.360263 84
13077.8 1135.16 1868.37 0.0224934 85
13449.9 1341.45 2231.67 0.108374 85
13740.6 1622.93 2510.63 0.20267 85
14231.6 2250.3 2975.56 0.360263 85
13077.8 1135.2 1868.37 0.0225173 86
13449.9 1341.61 2231.67 0.108444 86
13740.6 1623.14 2510.63 0.20275 86
14011.4 1890.27 2770.35 0.272673 86
14231.6 2250.16 2975.56 0.360223 86
13077.8 1135.36 1868.37 0.0225997 87
13389.3 1336.33 2171.35 0.109026 87
13740.6 1623.07 2510.63 0.202722 87
14011.5 1890.41 2770.35 0.272719 87
14231.6 2250.81 2975.56 0.360407 87
13077.8 1135.28 1868.37 0.0225556 88
13449.9 1341.63 2231.67 0.108452 88
13740.6 1623.33 2510.63 0.202818 88
14011.4 1890.24 2770.35 0.272664 88
14231.6 2250.63 2975.56 0.360357 88
13035.3 1135.69 1825.91 0.0232872 89
13449.9 1341.42 2231.67 0.108364 89
13740.6 1623.04 2510.63 0.202711 89
14011.4 1890.22 2770.35 0.272657 89
14231.6 2250.47 2975.56 0.360309 89
13077.8 1135.03 1868.37 0.0224295 90
13449.9 1341.39 2231.67 0.108351 90
13740.6 1622.64 2510.63 0.202566 90
14231.6 2250.3 2975.56 0.360263 90
13077.8 1135.1 1868.37 0.0224666 91
13449.9 1341.4 2231.67 0.108356 91
13740.6 1622.68 2510.63 0.202578 91
14011.4 1890.22 2770.35 0.272657 91
14231.6 2250.15 2975.56 0.36022 91
13077.8 1135.17 1868.37 0.0225018 92
13389.3 1336.22 2171.35 0.10898 92
13740.6 1622.78 2510.63 0.202615 92
14011.4 1890.12 2770.35 0.272626 92
14231.5 2249.96 2975.56 0.360169 92
13077.8 1135.18 1868.37 0.0225069 93
13389.3 1336.42 2171.35 0.109067 93
13740.6 1623.08 2510.63 0.202726 93
14011.4 1889.99 2770.35 0.272583 93
14231.6 2250.27 2975.56 0.360256 93
13077.8 1135.19 1868.37 0.022509 94
13449.8 1341.25 2231.67 0.10829 94
13740.6 1622.91 2510.63 0.202662 94
14011.4 1890.32 2770.35 0.27269 94
14231.5 2249.96 2975.56 0.360169 94
13077.8 1135.15 1868.37 0.0224917 95
13449.9 1341.35 2231.67 0.108333 95
13740.6 1622.78 2510.63 0.202618 95
14231.6 2250.11 2975.56 0.360209 95
13077.8 1135.21 1868.37 0.022521 96
13449.9 1341.4 2231.67 0.108353 96
13740.6 1622.78 2510.63 0.202618 96
14011.4 1890.27 2770.35 0.272673 96
14231.5 2249.95 2975.56 0.360166 96
13035.3 1135.72 1825.91 0.0233027 97
13389.3 1336.33 2171.35 0.109024 97
13740.6 1622.94 2510.63 0.202673 97
14231.6 2250.45 2975.56 0.360306 97
13077.8 1135.28 1868.37 0.0225556 98
13449.9 1341.49 2231.67 0.108394 98
13740.6 1622.77 2510.63 0.202611 98
14011.4 1890.06 2770.35 0.272604 98
14231.6 2250.66 2975.56 0.360364 98
13077.8 1135.35 1868.37 0.0225919 99
13449.9 1341.39 2231.67 0.108352 99
13740.6 1622.95 2510.63 0.202678 99
14231.6 2250.12 2975.56 0.360213 99
13077.8 1135.22 1868.37 0.0225257 100
13449.9 1341.59 2231.67 0.108436 100
13740.6 1623.14 2510.63 0.20275 100
14231.6 2250.31 2975.56 0.360266 100
13077.8 1135.33 1868.37 0.0225835 101
13449.9 1341.34 2231.67 0.108328 101
13740.6 1623.15 2510.63 0.202754 101
14011.4 1890.3 2770.35 0.272683 101
14231.6 2250.43 2975.56 0.360299 101
13035.3 1135.81 1825.91 0.0233493 102
13449.9 1341.46 2231.67 0.108382 102
13740.6 1623.23 2510.63 0.202781 102
14011.5 1890.44 2770.35 0.272726 102
13035.3 1135.63 1825.91 0.023252 103
13449.9 1341.57 2231.67 0.108427 103
13740.6 1623.14 2510.63 0.20275 103
14011.4 1890.28 2770.35 0.272675 103
14231.6 2251.15 2975.56 0.360501 103
13035.3 1135.74 1825.91 0.0233105 104
13449.9 1341.64 2231.67 0.108459 104
13740.6 1623.14 2510.63 0.20275 104
14231.6 2250.31 2975.56 0.360266 104
13035.3 1135.64 1825.91 0.0232598 105
13389.3 1336.44 2171.35 0.109074 105
13740.6 1623.14 2510.63 0.20275 105
14011.4 1890.18 2770.35 0.272644 105
14231.5 2250.08 2975.56 0.360202 105
13077.8 1135.33 1868.37 0.0225835 106
13449.9 1341.3 2231.67 0.10831 106
13740.6 1622.95 2510.63 0.202678 106
14231.6 2250.63 2975.56 0.360357 106
13077.8 1135.25 1868.37 0.0225418 107
13449.9 1341.52 2231.67 0.108405 107
13740.6 1623.17 2510.63 0.202758 107
14011.5 1890.41 2770.35 0.272718 107
14231.6 2250.44 2975.56 0.360303 107
13077.8 1135.31 1868.37 0.0225711 108
13449.9 1341.29 2231.67 0.108306 108
13740.6 1623.06 2510.63 0.202718 108
14011.4 1890.28 2770.35 0.272675 108
13077.8 1135.25 1868.37 0.0225418 109
13449.9 1341.64 2231.67 0.108459 109
13740.6 1622.79 2510.63 0.202618 109
14231.6 2250.31 2975.56 0.360266 109
13077.8 1135.25 1868.37 0.0225418 110
13449.9 1341.45 2231.67 0.108374 110
13740.6 1622.95 2510.63 0.202678 110
14011.5 1890.41 2770.35 0.272719 110
13077.8 1135.2 1868.37 0.0225185 111
13449.9 1341.46 2231.67 0.108382 111
13740.6 1622.91 2510.63 0.202662 111
14011.4 1890.15 2770.35 0.272633 111
14231.6 2250.32 2975.56 0.36027 111
13077.8 1135.2 1868.37 0.0225185 112
13449.9 1341.3 2231.67 0.10831 112
13740.6 1622.95 2510.63 0.202678 112
14011.5 1890.41 2770.35 0.272719 112
14231.6 2250.3 2975.56 0.360263 112
13077.8 1135.26 1868.37 0.0225455 113
13389.3 1336.33 2171.35 0.109025 113
13740.6 1623.02 2510.63 0.202703 113
14011.4 1890.27 2770.35 0.272673 113
14231.6 2250.5 2975.56 0.36032 113
13077.8 1135.2 1868.37 0.0225167 114
13389.3 1336.46 2171.35 0.109082 114
13740.6 1623.19 2510.63 0.202765 114
14231.6 2250.29 2975.56 0.36026 114
13077.8 1135.29 1868.37 0.0225639 115
13389.3 1336.42 2171.35 0.109067 115
13740.6 1623.01 2510.63 0.202702 115
14011.4 1890.26 2770.35 0.272668 115
14231.5 2250.12 2975.56 0.360213 115
13077.8 1135.31 1868.37 0.0225723 116
13449.9 1341.5 2231.67 0.108397 116
13740.6 1623.12 2510.63 0.202743 116
14011.4 1890.29 2770.35 0.27268 116
14231.6 2250.43 2975.56 0.3603 116
13077.8 1135.26 1868.37 0.0225455 117
13449.9 1341.63 2231.67 0.108451 117
13740.6 1623.41 2510.63 0.202846 117
14011.4 1890.22 2770.35 0.272657 117
14231.6 2250.44 2975.56 0.360302 117
13077.8 1135.33 1868.37 0.0225835 118
13449.9 1341.52 2231.67 0.108405 118
13740.6 1623.07 2510.63 0.202721 118
13077.8 1135.42 1868.37 0.0226308 119
13449.9 1341.45 2231.67 0.108376 119
13740.6 1623.24 2510.63 0.202785 119
14011.5 1890.47 2770.35 0.272736 119
14231.6 2250.79 2975.56 0.3604 119
13077.8 1135.25 1868.37 0.0225424 120
13449.9 1341.76 2231.67 0.108509 120
13740.6 1623.21 2510.63 0.202773 120
14231.6 2250.82 2975.56 0.36041 120
13077.8 1135.34 1868.37 0.022589 121
13449.9 1341.41 2231.67 0.10836 121
13740.6 1623.22 2510.63 0.202777 121
14011.5 1890.49 2770.35 0.272744 121
14231.6 2250.79 2975.56 0.3604 121
13077.8 1135.23 1868.37 0.022534 122
13449.9 1341.52 2231.67 0.108405 122
13740.6 1622.88 2510.63 0.202654 122
14231.6 2250.47 2975.56 0.360309 122
12994.6 1131.78 1785.34 0.0216775 123
13331.7 1327.03 2114.21 0.107665 123
13591.4 1590.32 2362.94 0.201899 123
13917.8 1860.16 2678 0.271354 123
14022.8 2168.4 2770.35 0.359263 123
12851.6 1136.96 1639.59 0.026853 124
13177.6 1319.43 1959.51 0.112487 124
13397.4 1561.02 2171.35 0.206855 124
13596.3 1784.34 2362.94 0.277077 124
13753.6 2080.97 2510.63 0.36447 124
13088.2 1139.37 1868.37 0.024683 125
13457.3 1350.69 2231.67 0.112558 125
13825.3 1651.76 2591.62 0.207653 125
14110.6 1933.83 2869.29 0.278689 125
14341.4 2310.98 3090 0.366798 125
13404.8 1154.85 2171.35 0.028027 126
12457.1 1167.73 934.187 0.133271 132
13161.6 1209.41 1575.3 0.112635 133
13606.3 1440.05 1959.51 0.194433 133
13047 1184.01 1434.64 0.115456 134
13411.1 1387.83 1746.52 0.197386 134
12922.2 1163.97 1317.05 0.111626 135
13226.2 1344.1 1575.3 0.193647 135
12753 1127.28 1100.55 0.121808 136
12746 1086.81 1043.38 0.106317 137
12702.6 1057.78 1004.25 0.0838545 138
12669.1 1051.57 945.178 0.0855504 139
12776 1040.5 979.757 0.0683299 141
12755.6 1032.73 912.956 0.0532037 142
12731 1040.85 863.872 0.0575988 143
12733.7 1064.47 819.797 0.0681074 144
12962.8 1207.41 1057.11 0.182271 144
12734.7 1071.59 795.447 0.0667121 145
12945.1 1211.64 1016.96 0.184272 145
12844.7 1043.19 902.698 0.029299 146
13110.8 1204.12 1181.47 0.153669 146
12841.2 1049.03 873.262 0.0251419 147
13116.8 1212.12 1164.35 0.153941 147
13316.5 1426.08 1385.17 0.278384 147
13518.2 1628.33 1606.8 0.359692 147
12815.1 1045.1 787.648 -0.00391311 148
13079.3 1202.56 1071.2 0.13798 148
13634.1 2106.25 1746.52 0.566023 148
12787.4 1029.05 757.925 -0.0236569 149
13067.8 1183.37 1057.11 0.122231 149
13300.2 1396.87 1317.05 0.256052 149
13673 2108.14 1785.34 0.556414 149
12900.3 1053.99 811.516 -0.0240596 150
13211.5 1229.77 1147.72 0.129452 150
13461.6 1470.47 1434.64 0.268277 150
13701 1700.78 1709.36 0.356962 150
13904 2291.47 2008.5 0.574111 150
12874.6 1048 750.842 -0.0501016 151
13198.6 1220.18 1100.55 0.1139 151
13444.5 1457.8 1385.17 0.259031 151
13662.7 1678.78 1639.59 0.351173 151
13840.1 1980.53 1868.37 0.462738 151
13925.2 2294.67 2008.5 0.572171 151
12882.3 1059.16 723.785 -0.0556873 152
13202.6 1231.71 1071.2 0.114237 152
13452 1470.34 1361.7 0.262265 152
13690.5 1699.07 1639.59 0.355339 152
13864.2 2003.07 1868.37 0.468256 152
13945.3 2318.83 2008.5 0.578842 152
13213 1247.67 1016.96 0.109198 153
13468.8 1486.77 1317.05 0.263111 153
13715.3 1719.84 1606.8 0.359352 153
13875.4 2019.16 1825.91 0.474844 153
13990 2356.54 2008.5 0.586977 153
12936.1 1070.62 680.848 -0.0950819 154
13295.6 1254.06 1071.2 0.0981826 154
13561.1 1509.58 1385.17 0.257816 154
13837.7 1762.51 1709.36 0.355957 154
14022 2090.45 1959.51 0.473247 154
14105.9 2430.89 2114.21 0.587488 154
12950.5 1084.67 637.62 -0.114328 155
13297.7 1266.36 1016.96 0.0915912 155
13568.8 1522.53 1339 0.258145 155
13852.9 1779.14 1673.75 0.359337 155
14023.1 2102.75 1912.86 0.479596 155
14145.1 2467.68 2114.21 0.595253 155
14309.8 2857.49 2362.94 0.681227 155
13257.3 1264.57 934.187 0.0777379 156
13510.2 1505.17 1236 0.249883 156
13743.3 1734.32 1515.85 0.354333 156
13908.5 2035.97 1746.52 0.476559 156
14002.4 2359.48 1912.86 0.593406 156
13232.4 1268.76 892.668 0.0765873 157
13472.3 1501.29 1181.47 0.250898 157
13679.6 1716.8 1434.64 0.356391 157
13821.2 1996.88 1639.59 0.479358 157
13897.3 2294.84 1785.34 0.596852 157
13313.4 1273.8 956.43 0.0682408 158
13577 1527.72 1275.24 0.246845 158
13795.4 1760.82 1545 0.354795 158
13963.2 2071.48 1785.34 0.47888 158
14056.8 2404.86 1959.51 0.597576 158
13736.2 2172.73 1575.3 0.591054 159
13365.4 1492.02 1004.25 0.243219 160
13631.6 1916.67 1385.17 0.484181 160
13664.6 2154.72 1487.78 0.605774 160
13484.1 1482.73 1100.55 0.205513 161
13874.7 2252.69 1709.36 0.583747 161
13468.8 1484.65 1071.2 0.203581 162
13877.9 2263.43 1709.36 0.586608 162
13472.4 1493.36 1057.11 0.204224 163
13693.3 1712.97 1339 0.327135 163
13814.5 1985.86 1545 0.464199 163
13884.2 2279.05 1709.36 0.591815 163
13463.1 1496.28 1030 0.201663 164
13667.5 1709.61 1295.81 0.326868 164
13800.9 1982.87 1515.85 0.464451 164
13863.4 2268.35 1673.75 0.592941 164
13625 1691.98 1236 0.319964 165
13764.3 1959.12 1460.73 0.458638 165
13818.1 2229.98 1606.8 0.587856 165
13602.6 1694.04 1199.11 0.32158 166
13746.1 2192.41 1515.85 0.591624 166
13608.9 1722.76 1199.11 0.335929 167
13745.3 2223.13 1515.85 0.605972 167
13651.1 1702.3 1199.11 0.297328 168
13766.8 1963.68 1409.48 0.445837 168
13855.1 2255.47 1606.8 0.580252 168
13420.3 1487.58 892.668 0.147531 169
13626.6 1692.84 1164.35 0.28913 169
13753.5 1951.45 1385.17 0.437177 169
13809.4 2220.15 1545 0.573754 169
13718.6 1944.44 1339 0.437345 170
13794.6 2420.15 1606.8 0.673234 170
13575 1695.8 1085.68 0.286348 171
13708.8 1951.82 1317.05 0.439015 171
13769.8 2219.1 1487.78 0.578754 171
13510.1 2222.94 1255.31 0.687105 171
13829 2009.6 1434.64 0.434372 172
13907.4 2311.31 1639.59 0.576414 172
13872.5 2498.42 1673.75 0.670193 173
13954.8 3397.89 2171.35 0.938932 173
13830.5 2458.1 1606.8 0.664201 174
13841.4 2007.51 1361.7 0.400593 175
14128.8 3641.13 2434.55 0.940197 175
14053.2 3503.78 2295.43 0.932603 176
13759.5 1991.99 1217.27 0.392413 177
13835.8 2276.89 1434.64 0.550746 177
14007.9 3491.06 2231.67 0.945631 177
13985.9 3413.24 2171.35 0.933973 178
14056.5 3555.89 2295.43 0.945653 180
13123.8 2386.19 854.682 1.01812 182
13994.8 3429.1 2171.35 0.934895 182
13153.3 2464.06 912.956 1.03435 183
13927.2 1923.05 1115.83 0.236613 190
14114.5 2287.76 1460.73 0.443078 190
14217.9 2679.34 1746.52 0.61552 190
15212.6 3642.24 3090 0.682215 190
14041.9 1964.73 1236 0.246807 191
13927.1 2198.41 1199.11 0.490348 195
13732.5 1861.34 863.872 0.278757 196
13914.6 2178.57 1164.35 0.490066 196
13755.4 1869.76 854.682 0.284485 197
13940 2194.65 1164.35 0.500173 197
13810.1 1863.74 854.682 0.26951 198
14007 2202.46 1181.47 0.493906 198
13810.1 1851.76 836.876 0.260986 199
14025 2196.04 1181.47 0.487977 199
13843.4 1861.78 845.685 0.26271 200
14029.5 2201.66 1164.35 0.49525 200
14191.8 2865.49 1606.8 0.789535 200
13853.2 1866.02 828.248 0.263446 201
14054.1 2213.01 1164.35 0.498392 201
14235.4 2906.27 1639.59 0.795631 201
13853.7 1850.21 811.516 0.248358 202
14058.1 2194.89 1147.72 0.487631 202
14031.7 2176.8 1100.55 0.488651 203
14160 2557.18 1385.17 0.67749 203
13796.9 1819.37 717.322 0.230381 204
14009.4 2153.85 1057.11 0.483452 204
14154.6 2543.73 1361.7 0.676995 204
14233.8 2862.48 1575.3 0.793106 204
13832.7 1834.3 723.785 0.233001 205
14031.5 2174.64 1057.11 0.493681 205
14151.5 2555 1339 0.690765 205
13838.1 1824.06 710.974 0.216445 206
14026.9 2156.38 1030 0.482649 206
14173.9 2548.78 1339 0.68071 206
14268.1 2884.44 1575.3 0.79842 206
13849.8 1835.28 698.61 0.219539 207
14034.8 2168.58 1016.96 0.490063 207
14170.8 2556.2 1317.05 0.690409 207
14027 2164.26 967.953 0.490608 208
14151.6 2540.57 1255.31 0.697043 208
14000.3 2137.65 902.698 0.479214 209
14121.3 2499.34 1181.47 0.692132 209
14007.5 2129.09 892.668 0.465772 210
14110.8 2474.99 1147.72 0.682969 210
13980.2 2118.76 836.876 0.461508 211
14102.5 2471.45 1115.83 0.684226 211
14001.1 2119.37 828.248 0.446331 212
14111.6 2471.33 1100.55 0.68029 212
13991.9 2112.67 787.648 0.430349 213
14111.7 2466.23 1071.2 0.672566 213
14100.9 2462.03 1043.38 0.674157 214
14074.3 2436.4 979.757 0.672637 215
14071.1 2430.67 956.43 0.668343 216
14011.2 2118.32 717.322 0.395918 217
14114.1 2463.27 991.853 0.665647 217
14001.2 2117.06 686.668 0.389644 218
14118.8 2469.42 979.757 0.665538 218
14100.5 2447.46 923.449 0.659511 219
13974.3 2102.93 604.061 0.361259 220
14084.5 2433.36 882.858 0.65488 220
14102.3 2464.03 863.872 0.664646 221
14140.9 2476.97 902.698 0.650374 222
14270.8 2833.8 1217.27 0.810439 222
14135.5 2473.2 882.858 0.645815 223
14103.2 2442.6 819.797 0.637114 224
14087.5 2430.28 787.648 0.631547 225
14073.6 2424.66 757.925 0.630864 226
14107.4 2447.05 780.001 0.623978 227
14189.2 2646.82 967.953 0.736328 227
14498 4104.71 2114.21 1.10975 227
14108.5 2439.61 750.842 0.612461 228
14250.2 2796.37 1085.68 0.797677 228
14200.5 2652.58 956.43 0.733214 228
14480.6 4058.52 2060 1.11158 228
14106.9 2437.7 730.365 0.604949 229
14243.1 2786.84 1057.11 0.794494 229
14196.3 2650.19 934.187 0.731125 229
14465.4 4015.86 2008.5 1.11088 229
14105 2439.81 710.974 0.600946 230
14199 2658.58 923.449 0.732013 230
14419.9 3936.07 1912.86 1.11508 230
14109.8 2451.09 692.587 0.601921 231
14400.8 3914.56 1868.37 1.12283 231
14140.9 2467.28 704.738 0.587975 232
14266.4 2817.65 1030 0.794479 232
15012.2 3306.12 1912.86 0.697569 232
14501.9 4111.56 2060 1.1224 232
14130.1 2451.4 663.968 0.56808 233
14242.2 2782.21 967.953 0.784219 233
14969.5 3255.94 1825.91 0.689104 233
14491.9 4064.52 2008.5 1.11916 233
14118.7 2432.3 642.721 0.553932 234
14240.6 2766.66 956.43 0.774399 234
14948.9 3218.02 1785.34 0.68028 234
14478.3 4006.31 1959.51 1.11312 234
14121 2437.11 627.657 0.545612 235
14229.4 2757.94 923.449 0.771444 235
14903.1 3184.98 1709.36 0.678508 235
14463.1 3973.45 1912.86 1.11371 235
14219.3 2751.97 892.668 0.769346 236
14860.8 3158.29 1639.59 0.678026 236
14425 3904.71 1825.91 1.11669 236
14128.4 2443.94 595.112 0.520252 237
14248.4 2780 912.956 0.763605 237
14992.1 3262.86 1785.34 0.673604 237
14517.4 4092.02 2008.5 1.11712 237
14134.3 2454.84 586.424 0.514144 238
14243.2 2783.44 892.668 0.763565 238
14971.9 3257.46 1746.52 0.673894 238
14494.9 4060.91 1959.51 1.12058 238
14130.2 2459.26 565.775 0.506413 239
14240 2786.41 873.262 0.761471 239
14953.5 3252.99 1709.36 0.673902 239
14474.4 4031.8 1912.86 1.1237 239
14114.6 2456.81 532.054 0.496927 240
14211.1 2766.73 819.797 0.760317 240
14417 3924.25 1785.34 1.12667 240
14197.8 2761.22 787.648 0.758015 241
14381.8 3866.58 1709.36 1.13036 241
14185.7 2731.62 757.925 0.741782 242
14364.6 3786.13 1639.59 1.11984 242
14147.8 3832.66 1515.85 1.2444 243
14453.6 3970.63 1825.91 1.11923 243
14137.7 3777.25 1460.73 1.23986 244
14429.8 3897.55 1746.52 1.11274 244
14207.3 2746.89 710.974 0.693345 245
14142.2 3801.3 1460.73 1.24225 245
14418.7 3889.56 1709.36 1.1139 245
14212.7 2757.93 704.738 0.686936 246
14130.7 3789.15 1434.64 1.24632 246
14417.9 3904.88 1709.36 1.11644 246
14236.4 2780.88 717.322 0.676985 247
14179.9 3946.34 1575.3 1.24833 247
14492.1 4067.35 1868.37 1.1175 247
14174.7 3927.44 1545 1.24748 248
14500.5 4077.74 1868.37 1.11468 248
14226.6 2781.53 675.127 0.66072 249
14166.7 3912.49 1515.85 1.24998 249
14484.4 4054.05 1825.91 1.11612 249
14216.7 2781.54 647.904 0.655397 250
14156.8 3900.84 1487.78 1.25429 250
14466.6 4034.96 1785.34 1.11947 250
14209.4 2782.37 622.791 0.647793 251
14148.9 3890.44 1460.73 1.25778 251
14451.6 4017.25 1746.52 1.12187 251
14142.7 3882.17 1434.64 1.2612 252
14438.7 4002.07 1709.36 1.12409 252
14175.3 3980.85 1515.85 1.26224 253
14498.6 4126.52 1825.91 1.12377 253
14922.2 3266.23 1361.7 0.596568 254
14169.3 3938.61 1460.73 1.2597 254
14479.3 4066.18 1746.52 1.11894 254
14445.5 3045.98 902.698 0.683652 255
14177.2 3932.85 1460.73 1.25385 255
14490 4058.37 1746.52 1.1118 255
14436.2 3046.38 873.262 0.680049 256
14181.4 3951.87 1460.73 1.25689 256
14495.9 4078.07 1746.52 1.11349 256
14176.2 3945.47 1434.64 1.26071 257
14484.1 4064.71 1709.36 1.11606 257
14199.2 4015.34 1487.78 1.26206 258
14545.3 4186.9 1825.91 1.11521 258
14197 4023.44 1460.73 1.26709 259
14518.6 4151.53 1746.52 1.11842 259
14194.2 3993.83 1434.64 1.26303 260
14510.4 4112.26 1709.36 1.11291 260
14193.2 4005.98 1409.48 1.26989 261
14519.3 4150.69 1709.36 1.11788 261
14187.3 3998.06 1385.17 1.27267 262
14506.9 4135.09 1673.75 1.11932 262
14210.6 4041.92 1434.64 1.2666 263
14550.7 4193.45 1746.52 1.11162 263
14202.6 4005.65 1385.17 1.26449 264
14530.1 4139.15 1673.75 1.10681 264
14196.3 3999.62 1361.7 1.26712 265
14517.9 4126.01 1639.59 1.10792 265
14191 3995.33 1339 1.27013 266
14506.5 4115.32 1606.8 1.10964 266
14204.4 4053.43 1361.7 1.27402 267
14548.5 4210.7 1673.75 1.10956 267
14200.2 4051.01 1339 1.27642 268
14538 4200.06 1639.59 1.11039 268
14200.6 4048.76 1317.05 1.27599 269
14535.6 4188.38 1606.8 1.10655 269
14207 4089.18 1317.05 1.28002 270
14561.9 4257.62 1639.59 1.10672 270
14203.5 4066.73 1295.81 1.27783 271
14552.5 4225.24 1606.8 1.10306 271
14200.8 4064.54 1275.24 1.27931 272
14544 4214.82 1575.3 1.10288 272
14198.1 4063.44 1255.31 1.28143 273
14536 4206.04 1545 1.10308 273
14199.6 4084.24 1255.31 1.2853 274
14539.9 4226.91 1545 1.10491 274
14209 4124.99 1275.24 1.28756 275
14560.1 4274.08 1575.3 1.10483 275
14215.5 4127.58 1255.31 1.28715 276
14591.5 4321 1606.8 1.10092 276
14208.8 4154.37 1255.31 1.29886 277
14592.4 4344.74 1606.8 1.10559 277
14218.8 4195.63 1275.24 1.30198 278
14599.5 4364.67 1606.8 1.10638 278
14218.5 4198.68 1255.31 1.30543 279
14608.5 4384.83 1606.8 1.1065 279
14210.9 4146.5 1181.47 1.3059 280
14597.9 4346.42 1545 1.10332 280
14208 4167.31 1181.47 1.31433 281
14597 4367.15 1545 1.10896 281
14215.4 4203.69 1199.11 1.31771 282
14601.6 4384.48 1545 1.11037 282
14219.4 4223.05 1199.11 1.32083 283
14608.8 4401.29 1545 1.11064 283
14223.4 4244.71 1199.11 1.32481 284
14617.2 4419.42 1545 1.11066 284
14222.2 4220.82 1131.55 1.33002 285
14616.2 4403.63 1487.78 1.10813 285
14212.4 4226.43 1115.83 1.34182 286
14613 4424.61 1487.78 1.11592 286
14211.5 4233.48 1100.55 1.34989 287
14610.9 4416.64 1460.73 1.11705 287
14224.3 4265.85 1115.83 1.3521 288
14624.1 4429.18 1460.73 1.11575 288
14223.4 4306.26 1131.55 1.3641 289
14623.7 4451.65 1460.73 1.12301 289
14188.1 4207.19 1004.25 1.38212 290
14591.3 4409.92 1385.17 1.13117 290
14191.8 4219.09 991.853 1.38755 291
14590.9 4410.26 1361.7 1.13283 291
14207.2 4238.23 991.853 1.3866 292
14612 4423.05 1361.7 1.12724 292
14201.4 4258.93 991.853 1.40066 293
14599.9 4422.03 1339 1.13633 293
14606.5 4437.83 1339 1.13867 294
14626.5 4449.24 1339 1.13342 295
14628.1 4471.41 1339 1.14086 296
14598.4 4404.37 1236 1.14416 297
14598.1 4421.31 1236 1.15113 298
14604.7 4436.89 1236 1.1535 299
14613.2 4453.82 1236 1.15524 300
14582 4396.04 1147.72 1.16366 301
14572.6 4401.53 1115.83 1.1782 302
14586.3 4425.95 1115.83 1.1807 303
14602.5 4463.83 1131.55 1.18522 304
14620.5 4491.55 1147.72 1.18379 305
14600.3 4450.61 1085.68 1.19013 306
14601.6 4454.45 1071.2 1.19478 307
14584.8 4409.11 1004.25 1.2008 308
14566.7 4391.84 979.757 1.21073 309
14584.1 4423.2 979.757 1.21633 310
14586.3 4431.3 967.953 1.22259 311
14573.8 4426.08 956.43 1.23211 312
14589.8 4448.35 945.178 1.2368 313
14576.7 4444.3 934.187 1.24754 314
14571.8 4408.7 845.685 1.26635 315
14573.4 4411.66 828.248 1.27428 316
