# x y d a f
12937.8 1163.58 1868.37 0.0589703 1
13303.5 1445.28 2171.35 0.168331 1
13913 1437.7 2770.35 0.131555 1
12937.8 1163.71 1868.37 0.0590337 2
13303.5 1445.49 2171.35 0.168413 2
13816.2 1424.63 2678 0.131466 2
12983.5 1165.18 1912.86 0.0584292 3
13303.5 1445.47 2171.35 0.168406 3
13913 1437.44 2770.35 0.131471 3
12937.8 1163.34 1868.37 0.0588536 4
13303.6 1445.52 2171.35 0.168425 4
12937.9 1163.83 1868.37 0.0590959 5
13303.6 1445.62 2171.35 0.168463 5
13913 1437.59 2770.35 0.13152 5
12937.8 1163.52 1868.37 0.0589411 6
13913 1437.72 2770.35 0.131562 6
12937.8 1163.62 1868.37 0.0589921 7
13303.5 1445.5 2171.35 0.168417 7
12983.5 1165.26 1912.86 0.0584685 8
13303.5 1445.43 2171.35 0.16839 8
13913 1437.57 2770.35 0.131513 8
12937.9 1163.79 1868.37 0.059074 9
13303.6 1445.87 2171.35 0.168564 9
13912.9 1437.25 2770.35 0.13141 9
12983.5 1165.12 1912.86 0.0584006 10
13303.5 1445.17 2171.35 0.168284 10
13913.1 1437.99 2770.35 0.13165 10
12937.8 1163.76 1868.37 0.0590583 11
13303.6 1445.55 2171.35 0.168436 11
12937.8 1163.48 1868.37 0.0589198 12
13303.5 1445.36 2171.35 0.168363 12
13912.9 1436.94 2770.35 0.131308 12
12983.5 1165.34 1912.86 0.0585067 13
13912.9 1437.22 2770.35 0.131399 13
12983.5 1165.1 1912.86 0.0583899 14
13303.5 1445.46 2171.35 0.168402 14
13816.5 1425.86 2678 0.131879 14
12937.8 1163.67 1868.37 0.0590146 15
13303.4 1444.88 2171.35 0.168168 15
12983.5 1165.32 1912.86 0.0584988 16
13303.5 1445.48 2171.35 0.16841 16
13816.5 1426.12 2678 0.131964 16
12983.9 1167.16 1912.86 0.0593932 17
13243.4 1436.13 2114.21 0.168785 17
12983.9 1166.78 1912.86 0.0592053 18
13304 1446.89 2171.35 0.168959 18
13913.6 1439.64 2770.35 0.132174 18
12940 1165.02 1868.37 0.0599491 19
13245.2 1435.66 2114.21 0.168797 19
13728.4 1416.64 2591.62 0.133018 19
12985.8 1167.72 1912.86 0.059979 20
13245.5 1438.45 2114.21 0.170018 20
12983.4 1152.47 1912.86 0.052699 21
13815.5 1409.82 2678 0.126834 21
12899.9 1169.4 1825.91 0.0642857 22
13248 1449.82 2114.21 0.175582 22
12789.4 1223.1 1673.75 0.102068 23
12832.4 1035.98 1275.24 0.127549 33
12831.7 1036.77 1236 0.14291 34
12834.7 1029.72 1199.11 0.147418 35
12827.8 988.932 1181.47 0.118184 36
13146.6 1227.4 1460.73 0.240433 36
12839.8 1001.32 1147.72 0.127656 37
13178.2 1252.18 1460.73 0.255938 37
12781.7 968.013 1071.2 0.103222 38
13112.9 1206.57 1385.17 0.238608 38
13352.6 1461.99 1606.8 0.344696 38
12804.3 976.769 1043.38 0.102688 39
13151 1226.02 1385.17 0.246041 39
13445 1507.29 1673.75 0.35492 39
12804.5 978.303 1016.96 0.0985736 40
13126 1222.57 1339 0.246857 40
13393.2 1490.95 1606.8 0.357439 40
12842.7 1006.73 1004.25 0.108524 41
13189.5 1266.76 1361.7 0.261906 41
12859.3 1016.66 979.757 0.101248 42
13202.3 1277.72 1339 0.260908 42
12843 1021.08 934.187 0.0920613 43
13205.2 1283.36 1317.05 0.257049 43
14756.2 2637.62 2975.56 0.533091 43
12846.7 1014.33 923.449 0.0779021 44
13217.2 1279.65 1317.05 0.249117 44
14866.4 2684.04 3090 0.528428 44
12843.7 1005.42 892.668 0.0556656 45
13260.7 1285.61 1339 0.240026 45
13530.2 1573.31 1639.59 0.363912 45
14980.9 2735.1 3213.6 0.524621 45
12786.1 992.185 811.516 0.0359075 46
13160.1 1251.39 1217.27 0.230166 46
13480.5 1549.48 1575.3 0.360816 46
14857 2659.57 3090 0.524493 46
12772 1003.98 730.365 0.0185718 47
13121 1254.05 1115.83 0.228685 47
13422.6 1541.07 1460.73 0.366139 47
14586.1 2523.67 2770.35 0.532731 47
12792 1008.4 698.61 -0.00322082 48
13166.3 1271.41 1115.83 0.225344 48
13486.5 1575.84 1487.78 0.369966 48
14547.6 2849.47 2770.35 0.630724 48
14896.3 2728.94 3090 0.539934 48
12809.5 1019.31 658.525 -0.020363 49
13175.5 1284.34 1071.2 0.225135 49
13508 1595.97 1460.73 0.37554 49
14926.9 2766.11 3090 0.547009 49
13186.8 1285.16 1030 0.215534 50
13530.7 1603.22 1434.64 0.374073 50
14963.9 2784.58 3090 0.548521 50
13183.6 1290.14 1004.25 0.216153 51
13527.6 1606.15 1409.48 0.375938 51
14624.5 2924.08 2770.35 0.6454 51
14980.3 2800.34 3090 0.550926 51
13180 1280.17 967.953 0.200651 52
13534.1 1601.96 1385.17 0.370288 52
14918 1352.99 2678 0.100441 52
14649.5 2932.36 2770.35 0.644775 52
15118.7 2869.63 3213.6 0.548056 52
13163.2 1295.45 902.698 0.198698 53
13471.7 1601.89 1275.24 0.378743 53
14882 1377.43 2591.62 0.101462 53
14591.5 2926.47 2678 0.656168 53
14930.7 2792.62 2975.56 0.557722 53
13106.3 1299.02 795.447 0.179025 54
13382.9 1574.52 1131.55 0.366653 54
14245.1 2646.75 2231.67 0.649724 54
14504.2 2500.94 2434.55 0.54363 55
13092.9 1291.87 704.738 0.129611 56
13916.3 2679.76 1912.86 0.753897 56
14206.6 2621.18 2171.35 0.651268 56
14514.5 2523.34 2434.55 0.547608 56
13124.4 1287.65 680.848 0.0872839 57
14039.5 2746.48 2008.5 0.741933 57
14418 2731 2362.94 0.636478 57
14704.8 2592.68 2591.62 0.532015 57
13118 1288.12 618.001 0.0518374 58
13425.7 1572.88 1004.25 0.309224 58
13754.6 1783.16 1385.17 0.379082 58
14580.2 1333.81 2008.5 0.0378906 58
14059.8 2771.7 2008.5 0.747773 58
15017.9 2091.66 2678 0.312749 58
14385.5 2714.95 2295.43 0.640152 58
14735.3 2618.72 2591.62 0.53348 58
13429.6 1577.18 956.43 0.295768 59
13736.1 1783.73 1317.05 0.375056 59
14043.2 2765.57 1959.51 0.754002 59
14412.8 2742.15 2295.43 0.642795 59
14697.4 2604.62 2510.63 0.53441 59
14027.3 2769.13 1912.86 0.76313 60
14383.8 2742.43 2231.67 0.650196 60
14660.1 2606.76 2434.55 0.540343 60
14040.6 2784.53 1912.86 0.765477 61
14399.9 2756.37 2231.67 0.650661 61
14939.5 2414.11 2591.62 0.421841 61
14746.1 2658.15 2510.63 0.53898 61
13413.7 1589.64 811.516 0.260689 62
14060.2 2816.57 1912.86 0.772259 62
14375 2751.47 2171.35 0.655037 62
15229.9 1528.17 2434.55 0.0614816 62
14710.7 2652.28 2434.55 0.541465 62
14905.4 2412.31 2510.63 0.421681 62
13428.9 1599.14 772.501 0.238426 63
13731.2 1799.39 1131.55 0.342368 63
13781.6 2798.59 1606.8 0.874404 63
14530.7 1641.33 1785.34 0.124765 63
14065 2811.87 1868.37 0.771043 63
14417.9 2775.6 2171.35 0.650901 63
15221.6 1534.17 2362.94 0.0510793 63
14695.7 2638.03 2362.94 0.535994 63
14957.2 2432.4 2510.63 0.414526 63
13441.8 1600.21 730.365 0.206416 64
13767.9 1809.77 1115.83 0.324162 64
13782.8 2804.67 1575.3 0.88079 64
14126.7 2871.85 1912.86 0.772501 64
14501.1 2836.73 2231.67 0.648747 64
15464.1 1539.43 2510.63 0.0371673 64
14864.8 2733.93 2510.63 0.5309 64
15081.3 2482.89 2591.62 0.407312 64
13416.2 1602.54 653.172 0.181381 65
13746.1 1813.14 1043.38 0.31476 65
13775.7 2820.46 1545 0.894058 65
14078.7 2849.62 1825.91 0.782465 65
14475.7 2840.15 2171.35 0.6548 65
14767.2 2701.57 2362.94 0.535463 65
15047.5 2490.95 2510.63 0.408944 65
13792.4 2818.41 1515.85 0.889614 66
14119.3 2866 1825.91 0.774513 66
14473.9 2816.8 2114.21 0.644717 66
15029.4 2464.17 2434.55 0.395562 66
14815.5 2708.56 2362.94 0.523507 66
13723.6 1822.18 923.449 0.289186 67
13767.4 2819.89 1460.73 0.907419 67
14075.9 2857.26 1746.52 0.78887 67
14451.1 2834.7 2060 0.655915 67
14785.1 2727.37 2295.43 0.532465 67
15000.5 2489.7 2362.94 0.40286 67
13777.9 2831.79 1434.64 0.913203 68
14108.9 2886.34 1746.52 0.789523 68
14490.4 2859.82 2060 0.652701 68
14990.8 2483.51 2295.43 0.395489 68
14775.3 2718.74 2231.67 0.527411 68
13762.7 1828.45 854.682 0.239937 69
13793.9 2842.1 1409.48 0.915252 69
14118.1 2886.61 1709.36 0.787961 69
14489.8 2851.84 2008.5 0.648249 69
14820.9 2737.72 2231.67 0.520424 69
15041.8 2498.31 2295.43 0.386378 69
13793.7 2835.58 1361.7 0.919032 70
14129.2 2887.82 1673.75 0.785692 70
14534.1 2872.26 2008.5 0.641189 70
14872 2753.31 2231.67 0.510581 70
13798.3 2847.15 1339 0.926311 71
14152.8 2915.18 1673.75 0.788402 71
14522.7 2868.98 1959.51 0.641435 71
14852.5 2748.56 2171.35 0.509026 71
15142.2 2528.32 2295.43 0.36929 71
13814.9 2888.5 1339 0.94448 72
14172.9 2956.74 1673.75 0.801977 72
14548.5 2911.68 1959.51 0.651701 72
14938.6 2820.8 2231.67 0.516303 72
15183.8 2572.23 2295.43 0.375481 72
13832.9 2907.06 1317.05 0.953031 73
14185.2 2962.76 1639.59 0.804769 73
14590.7 2935.8 1959.51 0.649613 73
14985.5 2839.53 2231.67 0.511386 73
15235.8 2585.3 2295.43 0.36798 73
14180.8 1992.22 1043.38 0.210815 74
13833.5 2911.3 1275.24 0.965163 74
14194.5 2970.63 1606.8 0.809172 74
14629.6 2959.21 1959.51 0.64803 74
14975.2 2828.9 2171.35 0.507436 74
15222.1 2574.61 2231.67 0.361145 74
14204.6 2015.3 1043.38 0.216411 75
13815.4 2906.18 1236 0.980498 75
14179.1 2978.48 1575.3 0.822231 75
14600.5 2965.36 1912.86 0.659811 75
14987 2864.26 2171.35 0.517309 75
15300.4 2633.32 2295.43 0.369498 75
13833 2911.83 1199.11 0.985192 76
14205.4 2980.85 1545 0.817559 76
14618.5 2951.25 1868.37 0.649273 76
14995 2838.11 2114.21 0.502647 76
15240.9 2581.85 2171.35 0.352459 76
13818.9 2893.17 1131.55 0.999195 77
14177.6 2953.08 1460.73 0.824265 77
14621.2 2953.57 1825.91 0.650134 77
14987.8 2834.81 2060 0.50038 77
15346.2 2618.11 2231.67 0.346318 77
14186 2980.96 1434.64 0.839356 78
14621.6 2971.42 1785.34 0.658428 78
14980.5 2849.12 2008.5 0.504999 78
15276.4 2612.42 2114.21 0.348127 78
14184.7 2981.23 1409.48 0.843529 79
14610 2962.55 1746.52 0.658872 79
15003.4 2858.8 2008.5 0.502319 79
15247.9 2600.81 2060 0.344516 79
14175.6 2961.53 1361.7 0.843294 80
14608 2948.87 1709.36 0.653961 80
15428.3 2294.01 2008.5 0.185527 80
14989.7 2838.47 1959.51 0.495133 80
15280.4 2596.69 2060 0.3343 80
14176.9 2969.73 1317.05 0.854487 81
14616.9 2964.15 1673.75 0.658755 81
15480.8 2317.41 2008.5 0.181655 81
14989.8 2849.44 1912.86 0.496585 81
15276.4 2608.13 2008.5 0.333013 81
14184.2 2973.82 1275.24 0.860546 82
14605.8 2949.61 1606.8 0.656841 82
14998.2 2845.1 1868.37 0.489224 82
15280.6 2600.36 1959.51 0.322025 82
14167 2960.57 1199.11 0.873801 83
14599.2 2946.64 1545 0.658941 83
15009.4 2850.98 1825.91 0.485226 83
15289.7 2602.55 1912.86 0.313634 83
14164.2 2964.12 1147.72 0.887666 84
14613.8 2966.08 1515.85 0.664079 84
15015.5 2864.93 1785.34 0.486289 84
15293 2616.6 1868.37 0.311679 84
14168.2 2965.54 1100.55 0.896465 85
14592 2943.06 1434.64 0.662085 85
14995.8 2845.74 1709.36 0.477915 85
15262.8 2597.35 1785.34 0.298905 85
14151.2 2954.09 1057.11 0.907278 86
14588.6 2945.76 1409.48 0.665542 86
14983.8 2844.49 1673.75 0.478383 86
15247.5 2597.36 1746.52 0.297155 86
14165.4 2954.9 1016.96 0.916405 87
14597.5 2940.24 1361.7 0.664816 87
15004.9 2844.47 1639.59 0.472118 87
15266.3 2594.79 1709.36 0.28733 87
14203.3 3005.31 1016.96 0.943861 88
14663.6 2989.92 1385.17 0.675115 88
15087.8 2887.07 1673.75 0.475179 88
15443.1 2644.75 1825.91 0.283142 88
14580.7 2937.71 1236 0.69528 89
15009.1 2857.14 1545 0.484117 89
15325.7 2620.66 1673.75 0.285829 89
14578.5 2936.72 1181.47 0.709339 90
15000.6 2851.13 1487.78 0.487402 90
15333.7 2619.23 1639.59 0.281686 90
14596.5 2932.28 1164.35 0.705342 91
15007.2 2839.01 1460.73 0.480968 91
15363.2 2612.7 1639.59 0.272465 91
14592.2 2926.65 1131.55 0.711627 92
15006.4 2834.31 1434.64 0.48087 92
15351.8 2604.43 1606.8 0.26875 92
14577.8 2915.86 1057.11 0.72911 93
15008.3 2833.47 1385.17 0.48426 93
15334.5 2597.23 1545 0.264417 93
14569 2925.21 1030 0.748056 94
15001.8 2846.06 1361.7 0.495854 94
15321.6 2609.47 1515.85 0.271829 94
14588.3 2926.35 1016.96 0.7464 95
15011 2839.2 1339 0.490992 95
15350 2606.92 1515.85 0.263978 95
14569.9 2915.26 945.178 0.767896 96
14994.7 2830.18 1275.24 0.495616 96
15335.4 2598.8 1460.73 0.25878 96
14574.2 2910.76 892.668 0.792413 97
15007.6 2832.79 1236 0.505859 97
15333 2597.79 1409.48 0.261411 97
14580.9 2917.74 845.685 0.821168 98
15004 2825.22 1181.47 0.51393 98
15326.2 2587.22 1361.7 0.257732 98
15014.5 2813.68 1131.55 0.514206 99
15353.7 2575.98 1339 0.246599 99
15598.7 2275.53 1434.64 0.0275927 99
14987.2 2809.42 1057.11 0.534927 100
15327.3 2575.83 1275.24 0.252205 100
15577.6 2277.46 1385.17 0.0235258 100
14994.3 2812.71 1016.96 0.54738 101
15330.4 2576.28 1236 0.253014 101
15591.4 2277.22 1361.7 0.0171391 101
14992.9 2816.21 991.853 0.557431 102
15333.6 2585.06 1217.27 0.258634 102
15589.2 2288.71 1339 0.0205792 102
14983.2 2824.67 934.187 0.581385 103
15324.9 2591.99 1164.35 0.263499 103
15563.6 2295.87 1275.24 0.0157108 103
14967.1 2814.4 863.872 0.592902 104
15310.7 2584.24 1100.55 0.255875 104
15551 2288.61 1217.27 -0.00191634 104
14975.2 2819.15 819.797 0.605583 105
15318.8 2587.16 1057.11 0.25146 105
15566.3 2290.53 1181.47 -0.0146375 105
14961.8 2812.04 780.001 0.614139 106
15303 2582.94 1016.96 0.248574 106
15573.7 2287.23 1164.35 -0.0240543 106
14958.1 2811.99 723.785 0.632408 107
15306 2583.24 967.953 0.241898 107
14951.2 2811.28 692.587 0.643931 108
15296.2 2581.68 934.187 0.238673 108
14961.2 2809 647.904 0.657443 109
15298.9 2575.62 882.858 0.228396 109
15300.3 2581.78 828.248 0.225322 110
15299.8 2571.23 780.001 0.204511 111
15298 2558.82 723.785 0.194312 112
15297.9 2577.79 680.848 0.20069 113
15287.1 2572.92 642.721 0.185037 114
15284.1 2562.85 590.736 0.160667 115
15279.8 2570.85 539.195 0.155675 116
