# x y d a f
12611.9 2894.49 3825.72 -0.65534 196
12224.6 2790.39 3493.05 -0.737997 196
13574.8 2739.61 2869.29 -0.669544 207
13214.9 2490.93 2869.29 -0.811653 207
14778.4 2176.07 4017 -0.599452 207
14360.7 1887.52 4017 -0.712504 207
13369.9 2656.11 2591.62 -0.705185 208
14473 2068.76 3651.82 -0.638747 208
14049.1 1824.05 3651.82 -0.755228 208
13338.2 2485.74 2510.63 -0.723946 209
13011.3 2221 2591.62 -0.878325 209
14496.8 1807.9 3651.82 -0.659983 209
14054.7 1573.84 3651.82 -0.777706 209
13102.7 2870.95 2060 -0.666434 210
12922.3 2509 2295.43 -0.830678 210
13688.8 2145.27 2975.56 -0.731042 210
