# x y d a f
13028.1 1195.15 2678 -0.087227 139
13125.7 1185.74 2770.35 -0.0879069 141
13030.8 1197.37 2678 -0.086961 142
13031.1 1197.6 2678 -0.0870651 143
13031.6 1198.32 2678 -0.0871608 144
13031.7 1198.47 2678 -0.0872537 145
13032 1199.26 2678 -0.0869694 146
13032.3 1199.86 2678 -0.0870194 147
13124.3 1179.6 2770.35 -0.0907148 148
13025.9 1188.47 2678 -0.0904259 149
13027.9 1197.8 2678 -0.0872727 150
13024.6 1187.7 2678 -0.0904345 151
13025.6 1196.07 2678 -0.0872255 152
13022.9 1185.8 2678 -0.0904548 153
13117.8 1174.68 2770.35 -0.0909059 154
13021.7 1184.98 2678 -0.0903684 155
13019.6 1182.38 2678 -0.0905894 156
13022.9 1191.57 2678 -0.0875323 157
13021.2 1182.37 2678 -0.090441 158
13021.5 1183.02 2678 -0.0902052 159
13024.7 1192.67 2678 -0.0870158 160
13444.7 1413.33 2975.56 -0.00847857 161
13118.7 1173.1 2770.35 -0.0905342 161
13328.2 1412.67 2869.29 -0.00876152 162
13117.6 1172.14 2770.35 -0.0906075 162
13325.4 1408.84 2869.29 -0.00953557 163
13115.8 1170.64 2770.35 -0.0906452 163
13019.2 1180.39 2678 -0.0900639 164
