# x y d a f
14451.2 4222.83 5356.01 -0.232662 311
14070.4 3902.28 5021.26 -0.310343 311
14883.1 4563.85 5738.58 -0.158079 311
13369.2 2875.01 4463.34 -0.553972 311
13860.6 2342.59 5021.26 -0.588401 311
12788.9 4185.12 3651.82 -0.333572 312
13237.1 4691.91 4017 -0.17916 312
12537.9 4957.52 2008.5 -0.171224 324
16693.5 4484.71 5356.01 -0.0891168 327
13594.1 3182.23 3347.5 -0.570238 327
12793.5 2556.7 2975.56 -0.873567 327
14712.4 2427.36 4463.34 -0.572003 330
13862.5 1139.01 4463.34 -0.902686 330
13123.5 1176.79 3825.72 -1.03245 330
-nan -nan inf -nan 515
-nan -nan inf -nan 526
16093.5 1640.96 11477.2 -0.154464 534
14492.4 1108.68 10042.5 -0.231061 534
14792.2 1781.41 10042.5 -0.158544 535
14694.2 1379 10042.5 -0.19943 535
13523.5 1287.65 8926.68 -0.235252 535
13842.3 4814.97 8034.01 0.176482 536
15566.2 1049.32 10042.5 -0.206644 541
15151.1 1279.49 8926.68 -0.19496 545
14182 1116.79 8034.01 -0.237928 545
15264 1188.53 8926.68 -0.201363 546
16842.7 480.786 10042.5 -0.22687 551
16164 1152.7 8926.68 -0.167697 554
15987.5 716.63 8926.68 -0.218193 554
16101.4 669.781 8926.68 -0.218071 555
15561.3 716.715 8034.01 -0.216972 557
14403 1408.68 6695.01 -0.155832 558
13735.2 1170.64 6180.01 -0.20909 558
15126.2 1269.12 7303.65 -0.155863 559
14346.6 1013.64 6695.01 -0.210058 559
14045.8 1067.11 6180.01 -0.203884 560
14724.9 1321.79 6695.01 -0.148627 560
14836.6 1305.36 6695.01 -0.14399 561
14153 1042.67 6180.01 -0.200062 561
14417.5 1371.12 6180.01 -0.138208 562
14260.6 1024.13 6180.01 -0.195342 562
14427.4 1393.06 6180.01 -0.134655 563
14268.5 1041.68 6180.01 -0.192412 563
15153.3 1259.04 6695.01 -0.132164 564
14457.3 974.739 6180.01 -0.190469 564
14717.5 1299.4 6180.01 -0.12896 565
14105.2 1022.17 5738.58 -0.188332 565
15273.1 1275.82 6695.01 -0.122167 566
14567.2 971.055 6180.01 -0.182683 566
16007.1 1195.09 7303.65 -0.116903 567
13970.6 1977.28 5021.26 -0.01407 568
14949.5 1332.46 6180.01 -0.110347 568
14323.9 1028.39 5738.58 -0.172372 568
15246.7 1737.01 6180.01 -0.0410838 569
14586.7 1358.71 5738.58 -0.107485 569
14030.9 1065.91 5356.01 -0.170212 569
14201.3 1436.16 5356.01 -0.101245 570
13700.7 1148.93 5021.26 -0.165289 570
13997.3 2021.11 4725.89 0.020317 571
14408.8 1405.27 5356.01 -0.0887609 571
13901.3 1099.46 5021.26 -0.155199 571
13102.6 1979.19 3825.72 0.0263277 572
13843.5 1434.19 4725.89 -0.0852242 572
14323.6 1775.57 5021.26 -0.0162932 572
13427.3 1153.82 4463.34 -0.152403 572
14198.5 1762.56 4725.89 -0.00260675 573
13513.2 1443.46 4228.43 -0.0732954 573
13164.4 1177.68 4017 -0.142135 573
13522.9 1745.03 4017 0.00332665 574
13001.5 1460.76 3651.82 -0.068688 574
12723.4 1218.47 3493.05 -0.139709 574
12923.9 1435.05 3493.05 -0.0686284 575
13404.1 1709.02 3825.72 0.00389426 575
12526.9 1219.54 3213.6 -0.140305 575
13696.1 1712.03 4017 0.0119787 576
13177.4 1416.35 3651.82 -0.0620035 576
12751 1183.91 3347.5 -0.135604 576
13363.7 1420.46 3651.82 -0.0450951 577
13086.7 1150.12 3493.05 -0.122401 577
14445.3 1754.86 4463.34 0.0372519 578
13626.7 1408.96 3825.72 -0.0397357 578
13326.7 1117.24 3651.82 -0.11921 578
14138 1406.59 4228.43 -0.0302131 579
13591.8 1103.61 3825.72 -0.110068 579
14491.3 1433.53 4463.34 -0.0167659 580
15618.4 1889.44 5356.01 0.063324 580
13887.8 1100.06 4017 -0.0984213 580
15014.7 1473.11 4725.89 0.00447465 581
14334.4 1090.75 4228.43 -0.0806718 581
14594.7 1113.18 4463.34 -0.0714865 582
14633.7 1513.32 4228.43 0.0219233 583
14249.7 1125.05 4017 -0.0669697 583
14754.1 1507.43 4228.43 0.0286863 584
14364.8 1111.71 4017 -0.0609951 584
13832 1124.07 3213.6 -0.037882 586
13771.3 1124.96 3090 -0.030241 587
13578.4 1128.49 2770.35 -0.0136985 588
13536 1114.82 2678 -0.011119 589
13806 1152.43 2869.29 0.00737997 590
13997.6 1119.81 2975.56 0.00701271 591
14167.3 1116.69 3090 0.0110881 592
12883.5 1039.69 1487.78 0.0926736 609
12839.8 1042.58 1409.48 0.10748 610
12751.8 1007.42 1295.81 0.0993846 612
12866.3 1022.15 1361.7 0.107327 613
12864 1015.07 1339 0.104796 614
12787.5 1010.4 1236 0.109407 615
12885.8 1009.2 1317.05 0.101275 616
12859.4 984.707 1295.81 0.0857572 617
12839.8 1021.74 1236 0.11462 618
12742.5 966.914 1147.72 0.0793166 619
12720.6 972.259 1100.55 0.0853543 620
12690.6 978.953 1043.38 0.0930649 621
12822 990.574 1147.72 0.0907782 622
12934.2 973.996 1236 0.067219 623
12856.8 952.041 1131.55 0.0488017 624
12868 991.398 1085.68 0.0683055 625
13013.4 1213.68 1236 0.230257 625
12799.4 965.425 991.853 0.0390759 626
12964.1 1176.92 1164.35 0.206251 626
12783.6 990.621 923.449 0.0443128 627
12943.5 1198.47 1100.55 0.218042 627
12867.1 962.693 1004.25 0.0143984 628
13061.2 1192.55 1217.27 0.193536 628
13340.7 1427.63 1515.85 0.304098 628
12817.4 955.107 923.449 -0.00458446 629
12987.5 1170.21 1115.83 0.181242 629
12831.1 993.367 882.858 0.00798532 630
13005.3 1208.05 1085.68 0.196701 630
13365.7 1726.42 1515.85 0.465185 630
13394.3 1947.08 1575.3 0.568685 630
12850.3 1005.32 873.262 0.00720569 631
13015.5 1221.79 1071.2 0.200341 631
13273.1 1446.88 1361.7 0.319128 631
13380.4 1746.47 1515.85 0.472287 631
13404.5 1967.84 1575.3 0.577318 631
12908.6 960.069 923.449 -0.0388105 632
13097.4 1194.89 1147.72 0.164696 632
13401.9 1440.6 1487.78 0.289207 632
13535.5 1776.14 1673.75 0.447705 632
13604.5 2045.88 1785.34 0.555273 632
12892.9 971.913 882.858 -0.0415914 633
13073.3 1200.62 1100.55 0.165072 633
13394.8 1449.33 1460.73 0.292016 633
13579.5 2041.69 1746.52 0.560604 633
12905.4 1007.45 845.685 -0.0337353 634
13088.9 1235.61 1071.2 0.176734 634
13383.9 1481.31 1409.48 0.306616 634
12937.6 995.255 828.248 -0.0744936 635
13146.9 1237.06 1085.68 0.15307 635
13472.1 1499.5 1460.73 0.292076 635
13643.9 1867.9 1709.36 0.460456 635
13738.5 2170.98 1868.37 0.57305 635
13855.8 2521.4 2060 0.671748 635
12914.2 1018.76 757.925 -0.0837178 636
13135.6 1255.19 1030 0.152879 636
13461.1 1517.7 1409.48 0.29703 636
13723.1 2186.95 1825.91 0.584183 636
13784.1 2493.88 1959.51 0.684522 636
13142.8 1226.46 1030 0.125757 637
13517.6 1502.88 1460.73 0.276704 637
13714.1 1895.65 1746.52 0.454185 637
13766.8 2187.19 1868.37 0.572382 637
13876.8 2537.33 2060 0.67376 637
13154.3 1246.68 1004.25 0.131864 638
13500.7 1519.4 1409.48 0.286508 638
13705.6 1913.37 1709.36 0.465645 638
13787.2 2222.9 1868.37 0.584567 638
13891.3 2574.71 2060 0.686658 638
13180.4 1268.31 956.43 0.126026 639
13524 1540.99 1361.7 0.287813 639
13735.1 1938.15 1673.75 0.471581 639
13806.5 2242.53 1825.91 0.592924 639
13942 2620.32 2060 0.696026 639
13160.7 1256.14 934.187 0.116396 640
13504.6 1526.37 1339 0.281685 640
13705.9 1916.17 1639.59 0.467918 640
13808.3 2236.22 1825.91 0.58976 640
13943.8 2614.26 2060 0.693527 640
13221.4 1274.53 934.187 0.105546 641
13582.8 1558.56 1361.7 0.279584 641
13787.1 1964.85 1673.75 0.471468 641
13890.7 2298.25 1868.37 0.596086 641
14029.7 2692 2114.21 0.70127 641
13192.2 1262.48 902.698 0.0963809 642
13563.3 1544.54 1339 0.273758 642
13789 1958.53 1673.75 0.467765 642
13892.1 2293.52 1868.37 0.593743 642
14030.9 2688.07 2114.21 0.699678 642
13205.2 1274.12 873.262 0.0916553 643
13583.2 1556.23 1317.05 0.272845 643
13796.3 1964.36 1639.59 0.469792 643
13891.3 2292.38 1825.91 0.597142 643
14019.5 2675.35 2060 0.703748 643
13216.9 1265.61 863.872 0.0761826 644
13600.9 1556.43 1317.05 0.268054 644
13809 1971.98 1639.59 0.471134 644
14025.2 2690.43 2060 0.709375 644
13900.4 2304.46 1825.91 0.601331 644
13212.6 1267.03 828.248 0.0674489 645
13588.9 1557.34 1275.24 0.26811 645
13803.1 1974.76 1606.8 0.475522 645
13920.7 2325.27 1825.91 0.607355 645
14041.5 2714.52 2060 0.716735 645
13222.1 1270.07 819.797 0.061962 646
13606.3 1562.77 1275.24 0.265716 646
13819.5 1982.24 1606.8 0.475004 646
13936.3 2334.15 1825.91 0.607758 646
14056.5 2724.41 2060 0.717622 646
13237.8 1275.58 819.797 0.0577009 647
13620.6 1571.24 1275.24 0.265078 647
13832.4 1992.92 1606.8 0.476061 647
13913 2322.63 1785.34 0.609947 647
14067.3 2736.91 2060 0.719575 647
13575.3 1562.41 1199.11 0.255859 648
13777.3 1964.47 1515.85 0.470748 648
13843.1 2271.54 1673.75 0.60668 648
13971.9 2647.6 1912.86 0.717372 648
13526.4 1553.36 1131.55 0.249677 649
13696.9 1924.97 1409.48 0.466886 649
13882.4 2564.37 1785.34 0.714408 649
13774.1 2221.04 1575.3 0.602894 649
13467.4 1549.04 1057.11 0.250035 650
13623.1 1897.94 1317.05 0.468789 650
13682.6 2168.81 1460.73 0.605981 650
13767 2475.6 1639.59 0.717981 650
13476.9 1554.26 1030 0.232586 651
13629.3 1904.96 1295.81 0.46093 651
13678 2170.81 1434.64 0.602933 651
13777.3 2489.63 1639.59 0.717521 651
13447 1546.82 967.953 0.212488 652
13603.8 1886.37 1236 0.44635 652
13662.9 2148.7 1385.17 0.590334 652
13751 2449.61 1575.3 0.707161 652
13684.4 1941.99 1317.05 0.451722 653
13751.6 2229.11 1487.78 0.597941 653
13853.9 2564.44 1709.36 0.716358 653
13575.8 1571.51 1057.11 0.189216 654
13743.5 1955.57 1361.7 0.436526 654
13814.9 2256.28 1545 0.586495 654
13925.8 2609.6 1785.34 0.707824 654
13718.9 1945.78 1317.05 0.431281 655
13780.1 2233.41 1487.78 0.582894 655
13907.2 2590.34 1746.52 0.70469 655
14108.7 3192.56 2171.35 0.839444 655
13534.1 1575.37 979.757 0.180805 656
13763.6 2233.19 1460.73 0.587874 656
13850.4 2557.19 1673.75 0.711507 656
14060.4 3159.92 2114.21 0.84668 656
13525.8 1559.39 945.178 0.15939 657
13696.8 1927.6 1255.31 0.420113 657
13784.2 2227.28 1460.73 0.576742 657
13869.4 2549.69 1673.75 0.702308 657
13553.7 1572.21 956.43 0.160079 658
13727.1 1948.67 1275.24 0.422693 658
13815.2 2256.99 1487.78 0.581286 658
13931.4 2613.81 1746.52 0.707705 658
13525.4 1573.55 912.956 0.157682 659
13720.9 1953.26 1255.31 0.424575 659
13801.3 2256.76 1460.73 0.585107 659
13937.5 2628.83 1746.52 0.711936 659
13735.1 1966.41 1255.31 0.426361 660
13812.3 2271.65 1460.73 0.588675 660
13945.1 2645.36 1746.52 0.716786 660
14163.9 3293.11 2231.67 0.856758 660
13771.1 1975.69 1275.24 0.418474 661
13850 2290.67 1487.78 0.584459 661
13988.3 2676.54 1785.34 0.714577 661
14220.8 3347.16 2295.43 0.854932 661
13749.8 1971.54 1236 0.417675 662
13840.5 2288.14 1460.73 0.584657 662
13969.5 2663.83 1746.52 0.715838 662
14230.6 3359.27 2295.43 0.856041 662
13729.9 1966.82 1199.11 0.417692 663
13808.6 2271.83 1409.48 0.586691 663
13921.6 2627.85 1673.75 0.718921 663
14190.9 3320.32 2231.67 0.859298 663
13712.7 1960.58 1164.35 0.415649 664
13801.4 2266.93 1385.17 0.585965 664
13906.4 2614.36 1639.59 0.719541 664
14156.7 3281.88 2171.35 0.861088 664
13767.9 1969.86 1199.11 0.401116 665
13842.3 2279.73 1409.48 0.576901 665
13980.2 2661.05 1709.36 0.712693 665
14262.8 3381.26 2295.43 0.856307 665
13764.6 1974.53 1181.47 0.402215 666
13852.9 2292.31 1409.48 0.579193 666
13959.9 2652.04 1673.75 0.716819 666
13763.3 1981.39 1164.35 0.40375 667
13843.9 2294.69 1385.17 0.582797 667
13968.9 2668.32 1673.75 0.7209 667
13761.4 1984.92 1147.72 0.403362 668
13835.3 2293.81 1361.7 0.584528 668
13978 2680.98 1673.75 0.723268 668
13768.8 1976 1131.55 0.389804 669
13856.3 2293.94 1361.7 0.575252 669
13998.2 2682.6 1673.75 0.716901 669
13768.5 1980.45 1115.83 0.389306 670
13848.7 2294.31 1339 0.577169 670
13980.8 2674.14 1639.59 0.720214 670
13756.7 1978.66 1085.68 0.387009 671
13844.6 2293.75 1317.05 0.576996 671
13967.8 2665.09 1606.8 0.721639 671
14067.4 3020.89 1868.37 0.821822 671
13741.8 1983.37 1057.11 0.391475 672
13834.6 2299.68 1295.81 0.58331 672
13946.9 2663.79 1575.3 0.72967 672
14036.5 3009.43 1825.91 0.830454 672
13759.3 1985.39 1057.11 0.382704 673
13850.8 2303.94 1295.81 0.577906 673
13962.5 2669.17 1575.3 0.726121 673
14052 3015.02 1825.91 0.827655 673
13760.8 1991.01 1030 0.378197 674
13854.6 2313.47 1275.24 0.579407 674
13978.4 2692.87 1575.3 0.73075 674
14063.4 3040.74 1825.91 0.834046 674
13779.9 1997.01 1016.96 0.366924 675
13865.3 2318.38 1255.31 0.574719 675
13979.7 2691 1545 0.72962 675
14086 3060.25 1825.91 0.83412 675
13758.6 1998.54 979.757 0.369443 676
13843.5 2315.24 1217.27 0.579815 676
13986.9 2709.24 1545 0.73514 676
14060.9 3049.24 1785.34 0.841048 676
13835.2 2314.61 1181.47 0.579516 677
13959.6 2693.63 1487.78 0.739528 677
13824.6 2302.58 1147.72 0.573494 678
13956.9 2682.07 1460.73 0.735153 678
14063.5 3051.5 1746.52 0.843566 678
13752.2 1987.93 902.698 0.338154 679
13841.4 2306.25 1147.72 0.566218 679
13970.7 2688.58 1460.73 0.732284 679
14074.9 3059.48 1746.52 0.842756 679
13828.1 2301.49 1115.83 0.566139 680
13962.8 2684.29 1434.64 0.733562 680
14058.9 3045.4 1709.36 0.845187 680
13844.3 2306.12 1115.83 0.559557 681
13978.1 2690.3 1434.64 0.729601 681
14074.3 3051.28 1709.36 0.841928 681
13815.8 2301.74 1071.2 0.566644 682
13944.9 2678.71 1385.17 0.73864 682
14049.5 3046.61 1673.75 0.851483 682
13832.1 2314.34 1057.11 0.56223 683
13950.2 2686.94 1361.7 0.739811 683
14068.5 3072.73 1673.75 0.854863 683
13837.4 2310.43 1043.38 0.553627 684
13950.5 2675.93 1339 0.733643 684
14064.2 3049.41 1639.59 0.848859 684
13850.4 2320.26 1043.38 0.551848 685
13978.2 2702.38 1361.7 0.734 685
14071.6 3063.34 1639.59 0.851721 685
13831.1 2311.75 1004.25 0.550813 686
13956.4 2685.72 1317.05 0.735155 686
14059.9 3050.78 1606.8 0.852891 686
13825 2303.33 967.953 0.541106 687
13945.8 2671.58 1275.24 0.731822 687
13703 2665.6 1071.2 0.86796 687
13824.5 2313.48 956.43 0.545948 688
13950.7 2689.9 1275.24 0.738922 688
13842.1 2319.82 956.43 0.537876 689
13967.6 2697.65 1275.24 0.734012 689
13712.7 2681.95 1057.11 0.873158 689
13842 2323.8 923.449 0.532469 690
13960.7 2696.44 1236 0.735344 690
14072.1 3073.11 1545 0.860238 690
13816.9 2309.61 863.872 0.524153 691
13942.1 2679.06 1181.47 0.733366 691
14071.6 3071.11 1515.85 0.860752 691
13839.4 2322.81 873.262 0.519394 692
13966.3 2702 1199.11 0.733067 692
14099.1 3106.98 1545 0.86282 692
13833.8 2311.98 845.685 0.506859 693
13954.5 2685.54 1164.35 0.728464 693
14073.3 3069.77 1487.78 0.860486 693
13806.5 2306.74 787.648 0.505336 694
13935.2 2680.06 1115.83 0.733347 694
14048.7 3057.89 1434.64 0.868417 694
13824.5 2309.25 787.648 0.491541 695
13952 2684.93 1115.83 0.725555 695
13942.5 2677.31 1085.68 0.724373 696
13827.7 2315.24 757.925 0.48195 697
13951.9 2690.61 1085.68 0.726071 697
14100.9 3111.26 1460.73 0.866228 697
14439 4665.08 2678 1.1151 697
13821.6 2317.07 737.065 0.48022 698
13950.3 2694.71 1071.2 0.728054 698
14393.3 4595.17 2591.62 1.12011 698
13825.8 2321.78 710.974 0.468622 699
13940.7 2689.53 1030 0.726979 699
14400.7 4617.96 2591.62 1.12413 699
13934.7 2684.98 1004.25 0.725309 700
14369 4549.95 2510.63 1.12559 700
13831.8 2322.46 680.848 0.448181 701
13949.8 2691.89 1004.25 0.718619 701
14054.8 3060.66 1317.05 0.868921 701
14384.9 4555.78 2510.63 1.12298 701
13940.6 2690.23 979.757 0.721019 702
14032.9 3044.52 1275.24 0.873716 702
14381.4 4571.78 2510.63 1.12807 702
13938.2 2684.98 956.43 0.716096 703
14047.9 3054.74 1275.24 0.870174 703
14361 4505.07 2434.55 1.12612 703
13828.3 2326.49 627.657 0.425733 704
13949.5 2696.31 956.43 0.714734 704
14043 3052.66 1255.31 0.872034 704
14399 4593.83 2510.63 1.12897 704
13822.9 2325.87 590.736 0.40831 705
13952.9 2704.27 934.187 0.713569 705
14044.9 3063.21 1236 0.876073 705
14399.1 4619.45 2510.63 1.13557 705
13942 2693.99 902.698 0.710019 706
14045.1 3059.03 1217.27 0.873776 706
14375.2 4553.22 2434.55 1.13481 706
13938.3 2694.21 882.858 0.709571 707
14030.2 3046.16 1181.47 0.876214 707
14378.3 4567 2434.55 1.13751 707
13939.2 2692.72 863.872 0.70396 708
14381.5 4579.14 2434.55 1.14001 708
13945.6 2695.96 854.682 0.69868 709
14391.1 4588.77 2434.55 1.13976 709
13936.5 2693.92 828.248 0.699368 710
14730.5 3914.4 2231.67 0.883444 710
14389.8 4605.47 2434.55 1.14438 710
13931.3 2686.66 803.401 0.692896 711
14020.7 3034.01 1100.55 0.874568 711
14158.5 3344.41 1409.48 0.937137 711
14370.9 4543.07 2362.94 1.14259 711
13944.3 2696.43 803.401 0.68786 712
14409.5 4625.29 2434.55 1.14364 712
13938.6 2695.6 780.001 0.686463 713
14021.6 3038.6 1071.2 0.875494 713
14380.3 4570.34 2362.94 1.14672 713
13942.4 2705.02 772.501 0.687796 714
14371.8 4587.93 2362.94 1.15383 714
13940 2700.73 750.842 0.68057 715
14390.4 4594.49 2362.94 1.1499 715
13995 3020.16 991.853 0.881406 716
14128.3 3322.48 1295.81 0.946683 716
14275.8 4362.24 2114.21 1.15564 716
13958.3 2710.35 737.065 0.665021 717
14383.9 4535.59 2295.43 1.14566 717
13939.3 2693.42 692.587 0.656093 718
14159.5 3335.29 1295.81 0.93384 718
14680 3822.2 2008.5 0.871554 718
14333.7 4418.79 2171.35 1.14619 718
13930.9 2693.2 669.501 0.656275 719
14151.2 3334.26 1275.24 0.938129 719
14649.6 3803.28 1959.51 0.876378 719
14330.3 4432.8 2171.35 1.15122 719
14159.5 3349.61 1275.24 0.93963 720
14657.4 3819.3 1959.51 0.877745 720
14332.9 4447.77 2171.35 1.15426 720
14179.3 3380.43 1295.81 0.940947 721
14766.4 3950.83 2114.21 0.877196 721
14388.8 4582.77 2295.43 1.15694 721
14784.9 3975.8 2114.21 0.876527 722
14427.5 4674.47 2362.94 1.15984 722
14192.9 3405.55 1275.24 0.942517 723
14757.6 3951.12 2060 0.878124 723
14401.1 4625.65 2295.43 1.16304 723
14779.6 3971.43 2060 0.874747 724
14416.2 4648.5 2295.43 1.16334 724
14756 3944.96 2008.5 0.874382 725
14394.8 4599.83 2231.67 1.16471 725
14031.5 3063.2 854.682 0.861394 726
14205.4 3423.8 1236 0.940889 726
14425.2 4675.46 2295.43 1.16663 726
14029.2 3062.78 836.876 0.860648 727
14189.8 3408.73 1199.11 0.943173 727
14426.1 4690.14 2295.43 1.16973 727
14026.2 3064.45 803.401 0.859128 728
14196 3422.13 1181.47 0.943938 728
14406 4656.99 2231.67 1.17436 728
14031.2 3070.85 795.447 0.856758 729
14194.5 3421.57 1164.35 0.943813 729
14411.6 4670.5 2231.67 1.17552 729
14015.9 3052.54 737.065 0.849341 730
14176.5 3397.19 1100.55 0.942006 730
14374.9 4583.54 2114.21 1.17818 730
14017.6 3054.97 723.785 0.84614 731
14185.9 3409.99 1100.55 0.940855 731
14403.9 4652.08 2171.35 1.17906 731
14019 3058.18 710.974 0.843862 732
14185.6 3411.4 1085.68 0.940697 732
14408.1 4666.05 2171.35 1.18081 732
14017.8 3059.36 692.587 0.841586 733
14186.6 3415.27 1071.2 0.94058 733
14390 4626.51 2114.21 1.18281 733
14015.7 3059.67 675.127 0.839759 734
14177.5 3407.31 1043.38 0.941686 734
14392.9 4641.19 2114.21 1.18518 734
14020.5 3062.05 663.968 0.832604 735
14181.5 3407.48 1030 0.937451 735
14405.3 4651.78 2114.21 1.183 735
14017.2 3060.87 642.721 0.829634 736
14175.1 3402.41 1004.25 0.937762 736
14387.5 4615.3 2060 1.18541 736
14019.7 3067 632.599 0.82794 737
14182 3417.15 1004.25 0.939186 737
14408 4683.71 2114.21 1.18939 737
14017.9 3065.08 599.553 0.817712 738
14178.2 3411.89 967.953 0.9359 738
14397.8 4655.8 2060 1.19097 738
14016.1 3065.18 582.175 0.813951 739
14172.6 3407.61 945.178 0.936032 739
14401.2 4670.11 2060 1.19294 739
14006.3 3058.25 539.195 0.805091 740
14163.6 3399.56 902.698 0.93465 740
14367.5 4600.21 1959.51 1.19762 740
14171.5 3404.02 882.858 0.926651 741
14384.2 4620.5 1959.51 1.19559 741
14009.8 3060.36 495.927 0.780949 742
14170 3404.05 863.872 0.925101 742
14389.5 4636.18 1959.51 1.19705 742
14004.7 3059.59 475.385 0.777629 743
14165.3 3405.11 845.685 0.927295 743
14368.7 4607.66 1912.86 1.20239 743
14163.2 3404.93 828.248 0.926254 744
14371.8 4621.73 1912.86 1.20447 744
14158.4 3400.26 803.401 0.924105 745
14361.4 4593.92 1868.37 1.20543 745
14376.9 4616.97 1868.37 1.20656 746
14422.9 4717.25 1959.51 1.20522 747
14442.6 4783.91 2008.5 1.20997 748
14473.6 4847.07 2060 1.20893 749
14200.2 3437.86 757.925 0.908682 750
14454 4815.31 2008.5 1.21428 750
14201.4 3440.04 743.89 0.908565 751
14459.2 4831.91 2008.5 1.21679 751
14193.2 3427.61 698.61 0.905771 752
14468.9 4862.52 2008.5 1.22133 752
14476.7 4879.98 2008.5 1.22306 753
14482 4896.49 2008.5 1.22549 754
14190.6 3425.51 627.657 0.903596 755
14457.1 4837.02 1912.86 1.23166 755
14465.2 4874.74 1912.86 1.23892 756
14471.4 4892.84 1912.86 1.2415 757
14185.2 3419.19 550.275 0.900148 758
14445.4 4823.92 1825.91 1.24515 758
14437.7 4799.61 1785.34 1.2474 759
14186.2 3419.85 518.323 0.897248 760
14442.9 4816.52 1785.34 1.25026 760
14187.4 3421.37 502.126 0.895636 761
14449.9 4833.91 1785.34 1.25248 761
14181.5 3413.22 461.725 0.891986 762
14420.6 4753.7 1673.75 1.25906 762
14185.2 3417.62 451.349 0.889987 763
14448.3 4844 1746.52 1.26236 763
14183.5 3417.71 434.271 0.890907 764
14451 4862.18 1746.52 1.26651 764
14453.1 4859.98 1709.36 1.27097 765
14446.3 4821.43 1639.59 1.27372 766
14450.7 4841.31 1639.59 1.27793 767
14434.6 4828.77 1606.8 1.2876 768
14434.3 4814.82 1575.3 1.2887 769
14407.9 4763.45 1487.78 1.30252 770
14421.9 4811.53 1515.85 1.30595 771
14426.2 4829.24 1515.85 1.30961 772
14430 4846.86 1515.85 1.31358 773
14426.5 4837.39 1487.78 1.3182 774
14430.8 4854.45 1487.78 1.32179 775
14427.9 3715.49 550.275 0.864647 777
14429.2 3711.7 532.054 0.856838 778
14418.3 3703.76 483.977 0.85733 780
14415.5 3701.67 464.394 0.856176 781
14418 3700.23 448.827 0.847843 782
14419.3 3701.03 431.936 0.843712 783
