# x y d a f
12440.6 3548.46 8034.01 0.381889 239
13486.9 4793.26 4463.34 -0.189938 349
14122.6 4515.28 5021.26 -0.217212 349
13700.3 5038.09 4725.89 -0.134879 349
13801.4 4691.77 4725.89 -0.197866 350
15937.2 4286.58 6695.01 -0.194197 351
14889.4 4499.33 5738.58 -0.192211 352
15961.5 4083.66 6695.01 -0.2195 352
14460.1 4576.54 5356.01 -0.19196 353
15384.9 4204.45 6180.01 -0.219452 353
14788.4 4865.89 5738.58 -0.135685 353
14892.5 4316.72 5738.58 -0.217494 354
14367.2 4924.83 5356.01 -0.133911 354
14879.3 4307.68 5738.58 -0.21768 355
14354.2 4913.63 5356.01 -0.13451 355
14865.3 4299.29 5738.58 -0.218306 356
14049.1 4602.33 5021.26 -0.196314 357
14854.9 4264.2 5738.58 -0.223658 357
14333.7 4872.42 5356.01 -0.140632 357
14853.3 4295.73 5738.58 -0.21778 358
14853.3 4295.98 5738.58 -0.217744 359
14839.4 4289.86 5738.58 -0.217748 360
14314.8 4893.92 5356.01 -0.134898 360
14834.1 4283.58 5738.58 -0.218526 361
14830.9 4282.74 5738.58 -0.218513 362
14829.3 4280.94 5738.58 -0.218681 363
14022.5 4611.55 5021.26 -0.191376 364
14830 4277.76 5738.58 -0.218667 364
14830.4 4276.46 5738.58 -0.218878 365
14830.2 4267.72 5738.58 -0.220087 366
14832 4276.05 5738.58 -0.21884 367
14033.3 4614.19 5021.26 -0.190865 368
14840.6 4281.84 5738.58 -0.218011 368
14032 4612.33 5021.26 -0.190699 369
14839.9 4278.14 5738.58 -0.218129 369
14838.1 4278.37 5738.58 -0.217782 370
14312.6 4875.38 5356.01 -0.136215 371
14312.6 4875.38 5356.01 -0.136215 372
14715.7 4821.13 5738.58 -0.136131 373
14836.9 4275.86 5738.58 -0.218167 374
14836.9 4275.65 5738.58 -0.218197 375
14836.9 4275.86 5738.58 -0.218167 376
14836.9 4275.65 5738.58 -0.218197 377
14836.9 4275.86 5738.58 -0.218167 378
14836.9 4275.65 5738.58 -0.218197 379
14836.9 4275.86 5738.58 -0.218167 380
