# x y d a f
12946 1113.46 1515.85 0.104477 17
12979.2 1120.59 1545 0.106476 18
12947.4 1113.77 1515.85 0.10439 19
12913.3 1104.58 1487.78 0.1023 20
12860.6 1089.67 1434.64 0.0999321 21
12840.6 1076.6 1409.48 0.0962594 22
12804.8 1071.71 1317.05 0.110193 24
12826.1 1069.95 1295.81 0.119784 25
12845.5 1047.38 1275.24 0.110994 26
12842.5 1003.54 1199.11 0.0932903 27
13210.4 1263.25 1515.85 0.225572 27
12863.9 1003.82 1147.72 0.10053 28
13238.8 1271.26 1487.78 0.240048 28
12889.3 990.311 1115.83 0.0861189 29
13257.8 1256.76 1460.73 0.233701 29
12824.3 954.007 1030 0.0546564 30
13171.4 1201.96 1361.7 0.211393 30
13501.3 1492.19 1673.75 0.326969 30
12837.6 984.179 967.953 0.0613799 31
13202.2 1249.37 1339 0.232967 31
13024.3 1381.09 1164.35 0.364769 31
12763.7 981.376 863.872 0.0522327 32
13069.5 1219.75 1181.47 0.23068 32
13310.4 1470.07 1434.64 0.352336 32
13690.5 1698.29 1825.91 0.39404 32
12749.6 899.927 845.685 -0.0375747 33
13128.2 1139.59 1236 0.159896 33
13424 1407.52 1545 0.292674 33
13926.9 1658.94 2060 0.336196 33
14701.5 2364.01 2869.29 0.465148 33
12772.6 948.452 780.001 -0.0225514 34
13126.8 1198.5 1164.35 0.191244 34
13389.1 1471.26 1460.73 0.333165 34
14671.4 2502.7 2869.29 0.511005 34
12787.5 944.197 750.842 -0.0512866 35
13166 1201.73 1164.35 0.178531 35
13887.2 1739.81 1959.51 0.374761 35
14467.4 2686.24 2678 0.597898 35
14788.5 2557.94 2975.56 0.508888 35
12797.2 970.356 669.501 -0.0762114 36
13182.7 1236.44 1100.55 0.182848 36
14479.6 2768.76 2678 0.622218 36
14913.1 2705.22 3090 0.530347 36
12805.8 990.524 599.553 -0.113312 37
13176.1 1249.41 1016.96 0.170627 37
14533.3 2805.52 2678 0.624749 37
14865.4 2681.75 2975.56 0.531989 37
13213.5 1276.93 991.853 0.168995 38
14653.1 2918.15 2770.35 0.634528 38
15010.6 2795.47 3090 0.540071 38
13206.2 1283.31 934.187 0.157603 39
14062.8 1900 1912.86 0.39874 39
14687.8 2954.3 2770.35 0.639214 39
15048.6 2824.76 3090 0.541996 39
13146.1 1295.18 828.248 0.146617 40
14301.2 2682.38 2295.43 0.641856 40
14631.5 2589.34 2591.62 0.542862 40
13167 1295.52 819.797 0.122521 41
13448.5 1576.09 1164.35 0.324558 41
14270.9 2630.8 2231.67 0.630811 41
14585.9 2533.28 2510.63 0.531043 41
13101.8 1279.29 698.61 0.0656314 42
13867 2538.97 1785.34 0.708142 42
14164.5 2499.8 2060 0.607673 42
14439.9 2396.27 2295.43 0.506777 42
13106.8 1345.8 663.968 0.103638 43
13773.7 2588.99 1709.36 0.756633 43
14050.3 2558.09 1959.51 0.655944 43
14307.8 2466.77 2171.35 0.554811 43
13459 1576.96 1004.25 0.24976 44
13682.8 1748.04 1275.24 0.333161 44
13744.2 2676.8 1673.75 0.803294 44
14036.6 2714.39 1959.51 0.716691 44
14349.4 2663.43 2231.67 0.61255 44
14618.4 2535.03 2434.55 0.50874 44
13456.2 1572.51 945.178 0.225047 45
13764 2699.05 1673.75 0.807498 45
14059.7 2734.98 1959.51 0.717902 45
14378.2 2683.67 2231.67 0.611184 45
14721.8 2591.28 2510.63 0.50493 45
13462.5 1582.24 902.698 0.209283 46
13742.4 1771.95 1236 0.307861 46
13788.2 2729.71 1673.75 0.812225 46
14086.1 2764.96 1959.51 0.720666 46
14462.2 2749.11 2295.43 0.61141 46
15381.5 1441.38 2591.62 0.0214836 46
14756.9 2620.83 2510.63 0.50444 46
13713.8 1786.74 1164.35 0.310131 47
13794.2 2774.03 1673.75 0.828518 47
14094.2 2811.92 1959.51 0.734754 47
15452.4 1490.21 2591.62 0.0268432 47
14421.7 2763.59 2231.67 0.624095 47
14776.2 2676.01 2510.63 0.515387 47
13443 1585.4 780.001 0.15931 48
13809.7 2759.76 1639.59 0.819019 48
14139.6 2816.92 1959.51 0.721485 48
14472.5 2762.9 2231.67 0.608148 48
14833.4 2669 2510.63 0.49733 48
15158 2400.25 2678 0.35444 48
13903.5 2832 1709.36 0.810352 49
14265.5 2896.77 2060 0.709608 49
14696.3 2882.23 2434.55 0.592612 49
15125 2788.35 2770.35 0.479846 49
15623.6 2526.57 3090 0.333696 49
13862.3 1819.67 1131.55 0.238241 50
13861 2836.29 1639.59 0.830168 50
14237.2 2922.69 2008.5 0.725519 50
14715.7 2946.6 2434.55 0.605029 50
15072.2 2816.58 2678 0.491284 50
15563.9 2561.04 2975.56 0.342086 50
13902.6 1836.27 1115.83 0.223434 51
13861.3 2849.23 1606.8 0.837865 51
14264.1 2959.97 2008.5 0.730036 51
14687.6 2945.65 2362.94 0.608466 51
15111.5 2854.96 2678 0.49226 51
15614.3 2600.69 2975.56 0.342232 51
13904 1840.25 1057.11 0.203769 52
13860.5 2866.53 1575.3 0.847634 52
14216.2 2937.5 1912.86 0.736994 52
14664.3 2947.78 2295.43 0.611572 52
15075.8 2855.42 2591.62 0.493581 52
15567.6 2603.68 2869.29 0.341307 52
13862.5 2851.5 1545 0.841929 53
14242.9 2940.28 1912.86 0.728643 53
14694.6 2945.35 2295.43 0.601697 53
15109.6 2847.94 2591.62 0.482554 53
15508.5 2558.47 2770.35 0.329947 53
13856.6 2880.31 1515.85 0.858527 54
14225.8 2964.44 1868.37 0.742426 54
14663.5 2967.32 2231.67 0.613301 54
15066.2 2871.64 2510.63 0.492575 54
15551.8 2620.27 2770.35 0.337388 54
13865.5 2857.03 1460.73 0.846518 55
14216.4 2919 1785.34 0.726321 55
14675 2932.44 2171.35 0.593336 55
15066.2 2826.72 2434.55 0.470711 55
15538.8 2567.14 2678 0.313331 55
13867.3 2878.58 1434.64 0.856063 56
14238.7 2961.13 1785.34 0.733222 56
14701 2976.5 2171.35 0.598671 56
15097.8 2871.85 2434.55 0.474787 56
15579.5 2613.26 2678 0.316451 56
13849.5 2856.33 1361.7 0.856709 57
14220.8 2938.4 1709.36 0.727929 57
14657.1 2937.3 2060 0.589638 57
15093.3 2855.92 2362.94 0.462624 57
15570.5 2593.48 2591.62 0.301682 57
13861.5 2849.21 1339 0.849173 58
14225 2920.22 1673.75 0.718142 58
14693.3 2935.63 2060 0.577324 58
15070.5 2820.54 2295.43 0.450265 58
15532.8 2555.66 2510.63 0.288034 58
13851.3 2837.91 1275.24 0.852782 59
14213.3 2909.02 1606.8 0.716295 59
14655 2910.11 1959.51 0.572284 59
15067.6 2816.01 2231.67 0.442081 59
15603.7 2570.23 2510.63 0.276992 59
13847.1 2850.01 1255.31 0.863369 60
14223.6 2938.24 1606.8 0.725044 60
14667.1 2942.39 1959.51 0.580177 60
15082.9 2850.72 2231.67 0.449237 60
15544.6 2587.14 2434.55 0.284517 60
13834.9 2846.63 1199.11 0.873619 61
14208.4 2933.88 1545 0.728896 61
14667.2 2949.85 1912.86 0.57939 61
15074.5 2855.11 2171.35 0.446449 61
15531.4 2591.69 2362.94 0.279403 61
13833.8 2843.2 1147.72 0.877889 62
14202.8 2927.93 1487.78 0.72798 62
14672.5 2952.88 1868.37 0.575007 62
15070.1 2852.8 2114.21 0.43987 62
15589.8 2606.61 2362.94 0.270306 62
13838 2837.73 1100.55 0.878496 63
14204.5 2916.21 1434.64 0.721669 63
14685.1 2944.63 1825.91 0.564166 63
15074.1 2836.55 2060 0.426425 63
15582 2583.77 2295.43 0.254664 63
13829.1 2841.97 1071.2 0.890742 64
14198.5 2925.91 1409.48 0.729463 64
14666.5 2949.62 1785.34 0.569626 64
15094.4 2862.81 2060 0.429966 64
15539.3 2593.84 2231.67 0.258003 64
13822.6 2834.88 1004.25 0.897788 65
14189.3 2917.14 1339 0.727446 65
14652.7 2938.76 1709.36 0.5621 65
15057.1 2843.3 1959.51 0.419614 65
13833.1 2844.85 967.953 0.900681 66
14195.8 2922.09 1295.81 0.724171 66
14667.1 2947.53 1673.75 0.554922 66
15062.7 2847.05 1912.86 0.410748 66
13824.9 2840.72 912.956 0.916514 67
14199.5 2930.78 1255.31 0.729654 67
14650.6 2946.25 1606.8 0.556317 67
15071.5 2859.17 1868.37 0.408427 67
13825.4 2831.81 854.682 0.923771 68
14202.1 2921.9 1199.11 0.725275 68
14648.8 2932.71 1545 0.545962 68
15048.1 2836.77 1785.34 0.395448 68
13825.8 2829.1 803.401 0.937872 69
14201.5 2920.68 1147.72 0.728619 69
14667.2 2944.33 1515.85 0.543391 69
15058.6 2843.54 1746.52 0.390291 69
13815.2 2822.32 743.89 0.962675 70
14188.3 2912.92 1085.68 0.7367 70
14658.8 2941.28 1460.73 0.542817 70
15067.3 2847.99 1709.36 0.385477 70
13822.2 2828.15 698.61 0.984548 71
14196.6 2920.96 1043.38 0.74407 71
14657.5 2945.31 1409.48 0.543746 71
15078.8 2859.27 1673.75 0.382692 71
13823.8 2828.54 647.904 1.01138 72
14189.8 2907.55 979.757 0.748086 72
14641.8 2925.98 1339 0.537405 72
15061.6 2840.15 1606.8 0.371373 72
14197.5 2905.98 934.187 0.752284 73
14649.2 2922.96 1295.81 0.532702 73
15077.3 2838.71 1575.3 0.362402 73
14191.1 2902.59 873.262 0.770781 74
14658.2 2929.89 1255.31 0.536455 74
15064.8 2838.24 1515.85 0.361355 74
14607.3 2923.11 1164.35 0.556784 75
15014.7 2840.18 1434.64 0.371308 75
14192.1 2887.56 730.365 0.817039 76
14651.8 2909.52 1115.83 0.539791 76
15076 2823.79 1409.48 0.346494 76
14641.9 2905.84 1030 0.559447 77
15069.7 2822.85 1339 0.349928 77
14642.7 2907.88 979.757 0.576211 78
15071 2829.12 1295.81 0.357264 78
14628.5 2895.67 912.956 0.590855 79
15054.6 2816.7 1236 0.357261 79
15597 2577.91 1575.3 0.123165 79
14624.9 2899.71 854.682 0.622964 80
15048.2 2823.62 1181.47 0.372614 80
15573.9 2587.75 1515.85 0.128475 80
14650.4 2878.54 811.516 0.619892 81
15075.2 2790.89 1147.72 0.353182 81
15589.1 2540.37 1487.78 0.101055 81
14632.1 2887.34 710.974 0.69994 82
15066 2809.53 1071.2 0.392899 82
15580.5 2566.81 1434.64 0.119864 82
14624 2889.7 675.127 0.723579 83
15047.7 2807.73 1030 0.401305 83
15567.8 2567.37 1409.48 0.119226 83
15067.6 2795.77 991.853 0.394473 84
15564 2542.08 1361.7 0.100229 84
15052.8 2795.94 923.449 0.414178 85
15563.9 2546.79 1317.05 0.10165 85
15061.9 2803.94 882.858 0.433565 86
15566.9 2556.47 1275.24 0.107247 86
15040.3 2809.83 819.797 0.465596 87
15544.4 2567.25 1217.27 0.116875 87
15930 2278.64 1487.78 -0.0819205 87
15049.6 2806.95 772.501 0.481139 88
15558.3 2563.73 1181.47 0.1138 88
15917.6 2276.23 1434.64 -0.0899097 88
15041.6 2800.79 737.065 0.492438 89
15547 2558.13 1147.72 0.111912 89
15910.3 2270.76 1409.48 -0.0957492 89
15045 2779.56 704.738 0.483743 90
15540.7 2525.6 1115.83 0.088989 90
15900.9 2229.94 1385.17 -0.123065 90
15033.7 2775.71 637.62 0.533297 91
15545.1 2528.06 1071.2 0.102517 91
15921.2 2231.95 1361.7 -0.119242 91
15546.8 2542.47 1030 0.128873 92
15913.7 2255.95 1317.05 -0.101338 92
15547.6 2512.69 956.43 0.125504 93
15922.2 2216 1275.24 -0.1236 93
15640.9 2547.46 1004.25 0.16712 94
16054.5 2229.84 1361.7 -0.0976753 94
15645.6 2530.36 956.43 0.173632 95
16047.3 2207.6 1317.05 -0.106286 95
15711.6 2525.22 991.853 0.171914 96
16136.9 2173.29 1385.17 -0.118437 96
15661 2518.27 912.956 0.188143 97
16066.3 2180.02 1295.81 -0.11498 97
15666.3 2523.46 863.872 0.225424 98
16093.5 2184.99 1275.24 -0.0979996 98
15653 2543.05 765.144 0.307921 99
16067 2199.93 1181.47 -0.0677321 99
16221.2 1728.76 1339 -0.380989 99
15936.1 2223.95 945.178 -0.0287263 101
16090.8 1793.41 1131.55 -0.379855 101
15911 2208.36 892.668 -0.0439376 102
16045.9 1787.02 1071.2 -0.405536 102
15882 2208.87 811.516 -0.0409458 103
16015.6 1794.95 991.853 -0.423652 103
15889 2206.87 772.501 -0.0388617 104
16013.4 1794.36 945.178 -0.438317 104
15872.1 2216.05 704.738 -0.0270698 105
16002.9 1804.78 882.858 -0.452643 105
15870.1 2213.9 653.172 -0.0290203 106
15875.6 2210.24 613.283 -0.0234296 107
15870.1 2207.94 557.917 -0.0103207 108
