# x y d a f
12389.6 3612.83 4055.68 -0.414054 52
12397.6 3614.08 4055.68 -0.414041 53
12418 3614.38 4055.68 -0.414126 54
12429.7 3613.04 4055.68 -0.414521 55
12441.7 3615.08 4055.68 -0.414088 56
12475.2 3611.03 4055.68 -0.415029 57
12493.5 3615.15 4055.68 -0.414094 58
12512 3600.3 4055.68 -0.417559 59
12557.1 3614.03 4055.68 -0.414152 60
12322 3564.14 3502.64 -0.486 70
12322 3564.14 3502.64 -0.486 71
12430.7 3587.59 3502.64 -0.483565 72
12448.3 3579.67 3502.64 -0.486879 73
12503.5 3588.58 3502.64 -0.486051 74
12531.1 3589.61 3502.64 -0.486426 75
12531.1 3589.61 3502.64 -0.486426 76
12565.2 3589.1 3502.64 -0.48694 77
12600.5 3577.62 3502.64 -0.490711 78
12675.6 3583.91 3502.64 -0.489056 79
12438.3 3537.63 3210.75 -0.550757 89
12456.4 3543.27 3210.75 -0.547366 90
12485 3535.45 3210.75 -0.547098 91
12514.6 3549.87 3210.75 -0.541417 92
12538.3 3551.75 3210.75 -0.539657 93
12611.6 3571 3210.75 -0.531176 94
12645.4 3569.22 3210.75 -0.530546 95
12751.5 3585.03 3210.75 -0.523277 96
12805.8 3587.01 3210.75 -0.521407 97
12238.8 3660.88 2568.6 -0.606 106
12240.2 3645.7 2568.6 -0.609085 107
12234.1 3613.15 2568.6 -0.620125 108
12236 3551.36 2568.6 -0.637898 109
12234.7 3508.28 2568.6 -0.65111 110
12242.8 3489.39 2568.6 -0.654997 111
12236.9 3446.7 2568.6 -0.668952 112
12237 3398.66 2568.6 -0.68252 113
12212 3578.9 2485.74 -0.643578 114
12273.8 3557.67 2485.74 -0.644052 115
12282.5 3556.82 2485.74 -0.642185 116
12297.6 3542.54 2485.74 -0.645605 117
12314.5 3533.61 2485.74 -0.646819 118
12331.4 3515.35 2485.74 -0.651585 119
12377.9 3487.45 2485.74 -0.656199 120
12227.6 3564.58 2266.41 -0.676542 121
12249.5 3562.37 2266.41 -0.67502 122
12259.8 3547.89 2266.41 -0.679923 123
12243.4 3513.1 2266.41 -0.696634 124
12270.4 3479.75 2266.41 -0.705987 125
12284.4 3525.19 2266.41 -0.683222 126
12268.7 3516.9 2266.41 -0.689274 127
12230.3 3428.21 2266.41 -0.727903 128
12106.3 3683.26 2027.84 -0.688083 129
12179.1 3664.5 2027.84 -0.680564 130
12180 3644.19 2027.84 -0.687784 131
12204.7 3542.34 2027.84 -0.723946 132
12225.9 3571.26 2027.84 -0.705338 133
12195.9 3477.4 2027.84 -0.747811 134
12213.4 3445.01 2027.84 -0.755754 135
12176.1 3709.57 1879.46 -0.66845 136
12159.9 3647.36 1879.46 -0.696483 137
12176.7 3600.2 1879.46 -0.711448 138
12173.7 3596.82 1879.46 -0.710522 139
12136.9 3527.71 1879.46 -0.74466 140
12136.9 3527.71 1879.46 -0.74466 141
12121.3 3460.28 1879.46 -0.77266 142
12104.7 3383.19 1879.46 -0.805768 143
12113.9 3750.28 1675.17 -0.654955 144
12125.5 3653.23 1675.17 -0.690785 145
12125.5 3653.23 1675.17 -0.690785 146
12135.3 3593.18 1675.17 -0.711622 147
12134.5 3555.27 1675.17 -0.727055 148
12135.3 3488.84 1675.17 -0.750962 149
12129.9 3449.42 1675.17 -0.766829 150
12125.9 3408.38 1675.17 -0.781948 151
12125.9 3408.38 1675.17 -0.781948 152
12104.1 3707.53 1401.05 -0.63383 153
12105.9 3686.02 1401.05 -0.63958 154
12103 3658.02 1401.05 -0.650761 155
12100.1 3628.25 1401.05 -0.662824 156
12102.8 3570.72 1401.05 -0.68272 157
12101.7 3533.98 1401.05 -0.697833 158
12097.1 3488.86 1401.05 -0.718203 159
12088.3 3437.56 1401.05 -0.742598 160
