# x y
6974.45 3065.43
6440.07 2458.69
6441.79 2834.78
6974.44 3065.89
1855.89 742.814
6974.44 3066
1855.89 743.522
6974.44 3068.28
1855.89 743.315
6974.45 3066.34
6974.45 3065.65
1855.89 743.616
1855.89 743.676
6974.44 3068.57
6974.44 3066.84
1855.89 743.583
6974.45 3066.44
6974.45 3065.39
1855.89 742.939
6974.44 3065.84
6441.78 2833.25
1855.89 743.522
1855.89 743.647
6974.44 3064.49
1855.89 743.345
6974.45 3065.64
6440.08 2455.26
6441.8 2833.83
1855.89 743.528
6974.45 3065.65
6974.44 3065.89
6974.45 3066.14
1855.89 743.378
6974.45 3065.65
6974.44 3068.25
6440.07 2458.74
6974.45 3065.01
6974.45 3065.65
1855.89 743.583
6974.44 3065.52
8929.82 2574.9
14549.6 2691.96
14549.4 2691.52
14549.5 2691.76
14549.1 2690.89
8929.82 2574.9
14549.6 2692.04
14549.5 2691.79
8972.81 2573.33
14550.1 2693.34
8972.79 2573.28
14549.5 2691.91
14549.7 2692.26
8929.83 2574.93
14549.4 2691.68
8929.9 2575.09
14549.4 2691.6
8929.57 2574.31
14549.6 2692.04
8972.72 2573.13
14549.5 2691.9
14549.7 2692.32
13819.1 2344.63
8929.81 2574.87
14549.4 2691.68
8929.82 2574.9
14549.2 2691.26
13968.5 2688.46
8929.79 2574.83
14549.1 2690.95
14548.8 2690.31
13818.6 2343.45
8972.79 2573.28
14549.4 2691.5
14548.9 2690.48
8929.57 2574.31
14549.4 2691.68
13818.9 2344.11
14549 2690.73
14550.6 2694.5
14549.4 2691.49
14549.2 2691.25
8972.8 2573.31
14549.6 2692.01
14549.4 2691.68
13819 2344.44
14550.5 2694.1
14549.2 2691.25
14549.4 2691.68
13819 2344.24
14549.5 2691.72
13818.9 2344.2
14549.8 2692.56
13819.1 2344.68
14548.9 2690.53
14549 2690.81
8929.95 2575.2
14549 2690.8
8929.85 2574.98
13968.6 2688.71
8929.94 2575.19
13968.5 2688.46
8929.84 2574.96
13968.4 2688.27
14549.6 2692.08
8929.97 2575.25
13968.3 2688.08
13968 2687.45
8929.9 2575.08
14548.9 2690.41
8929.89 2575.07
13968.4 2688.39
8929.82 2574.9
14548.8 2690.25
8972.92 2573.58
14549.8 2692.68
8929.94 2575.17
14549 2690.68
8972.67 2573.01
7432.39 2413.68
13968.6 2688.89
8930.08 2575.51
13968.2 2687.87
8929.91 2575.11
14548.4 2689.26
8929.19 2573.44
9942.75 1426.48
8929.22 2573.52
14548.4 2689.34
8929.16 2573.39
14548 2688.41
13816 2337.35
14547.5 2687.3
8929.5 2574.17
14548.4 2689.27
8929.6 2574.4
13968.5 2688.57
13818.2 2342.43
13968.3 2688.04
8929.67 2574.57
8634.49 2417.29
13969.7 2691.31
8888.71 2576.54
13968.7 2689.13
8888.64 2576.4
13524 1665.78
13968.6 2688.75
8888.03 2574.99
8602.11 2418.28
13967.5 2686.44
13326.5 2354.16
13050.4 1719.05
13215.5 2099.13
13967.5 2686.35
13326 2353.15
13049.3 1716.6
13968.2 2687.87
13327 2355.36
13701.1 2073.69
13052.8 1724.54
8889.08 2577.41
13975.7 2705.15
13533.7 1688.13
14571.5 2742.49
13833.1 2377.03
8897.22 2596.15
14590.3 2785.75
13738.9 2160.63
8611.1 2438.96
14021.2 2809.89
13862.7 2445.07
8553.2 2448.46
13376.1 2468.54
13525.3 2811.97
8552.21 2446.2
13521.6 2803.4
8823.82 2607.94
8522.8 2446.04
13520.6 2801.14
8822.95 2605.93
8522.37 2445.06
13518.4 2796.17
13368.5 2450.93
8549.16 2439.17
13517.6 2794.23
13367.3 2448.37
8548.17 2436.88
13516.1 2790.82
8785.43 2604.53
8519.87 2439.32
13512.8 2783.27
12938.7 2452.75
8546.81 2433.75
13511.3 2779.82
8783.79 2600.74
8518.3 2435.69
13510.7 2778.52
8783.5 2600.09
8517.7 2434.3
13510.4 2777.76
8783.38 2599.8
13511.3 2779.92
8783.49 2600.07
13516.6 2791.96
12938.6 2452.47
8520.5 2440.76
14030.4 2831.22
13375.1 2466.17
8497.8 2453.73
14054.3 2886.24
13394.6 2511.1
8503.5 2466.81
13918.3 2573.23
14679.1 2990.32
8513.71 2490.34
8814.27 2670.96
14734.6 3118.15
8524.73 2515.73
14019.7 2806.69
8455.18 2538.17
13116.1 2861.35
7881.76 2541.23
8434.22 2546.78
13130.7 2894.86
8412.54 2551.88
8580.55 2441.23
12756 2899.54
8389.78 2552.76
12417.4 2885.17
8388.23 2549.19
12414.2 2877.7
8803.72 1854
8520.09 2439.71
8387.26 2546.95
12412.7 2874.34
8493.76 2444.29
8388.26 2549.25
12757.8 2903.62
8470.34 2453.34
8369.3 2557.21
12773 2938.53
8676.91 2663.15
8350.63 2564.27
12444.7 2948.03
8309.19 2564.43
12140.5 2927.9
11365.9 2300.98
12011.1 2630.18
12130.1 2904.02
8641.43 2651.52
11363.2 2294.95
12128.7 2900.83
11749.7 2636.86
11599.7 2291.44
11866.2 2904.99
11605.5 2304.96
12145 2938.28
11756.8 2653.09
7709.35 2363.24
12031.5 2677.11
12345.5 2719.8
11736.2 1997.14
11479.9 2015.59
11230 1988.19
11177.4 2813.25
10638.2 2707.27
11624.4 2896.05
10906.9 1739.83
11094.1 2621.26
9340.95 1107.79
8190.23 2465.63
10878.1 1673.48
11593.7 2825.36
11261 2555
8183.52 2450.19
8448.45 2522.65
11569.3 2769.21
11238.6 2503.46
8177.2 2435.64
10831 1565.07
11218.4 2457.02
11547.6 2719.37
11527.6 2673.33
11008.7 2424.79
10612.9 1513.48
10987.7 2376.48
11289.3 2620.14
7447.63 2309.34
10432 1508.38
11265.1 2564.49
10792.7 2338.97
7442.21 2296.86
10404.9 1445.97
11238.2 2502.49
10768.1 2282.17
10532.5 1328.54
10915.3 2209.63
11212.5 2443.41
10347.2 1313.12
11181 2370.87
10716.6 2163.73
10683.4 2087.34
10174.1 1291.87
10956.6 2304.67
10498 2037.43
10138.6 1210.11
10920.5 2221.75
10880.3 2129.07
10323.1 1981.78
9974.74 1179.76
10281.9 1886.98
9817.31 1137.54
10666.9 2049.14
9774.5 1039
10242.1 1795.2
10623.2 1948.63
9628.36 999.078
10578.3 1845.28
10200.4 1699.18
9316.43 1051.91
9810.96 1694.81
10115.6 1824.34
9650.57 1581.89
9911.57 1354.59
9404.24 1477.82
8765.75 600.544
9725.95 1223.81
9336.29 1321.43
9016.59 1177.94
9376.67 1190.57
8980.09 1093.94
9339.24 1104.41
8758.26 1079.69
9130.02 1056.44
8226.84 1234.07
8761.75 1235.69
8380.03 1209
