# x y d a f
13416.7 1301.27 2975.56 -0.0167537 1
13749.8 1556.86 3213.6 0.0578882 1
13036.7 1093.8 2678 -0.0933304 1
13955.7 1757.98 3347.5 0.10863 1
13416.7 1301.2 2975.56 -0.0167764 2
13749.7 1556.5 3213.6 0.057789 2
13036.6 1093.53 2678 -0.0934277 2
13955.6 1757.77 3347.5 0.108577 2
13416.7 1301.25 2975.56 -0.0167614 3
13749.7 1556.69 3213.6 0.0578405 3
13036.7 1093.77 2678 -0.0933396 3
13955.4 1757.18 3347.5 0.108424 3
13754.5 1572.75 3213.6 0.0613853 4
13043.3 1107.57 2678 -0.0897047 4
13959.7 1774.58 3347.5 0.112129 4
13421.3 1305 2975.56 -0.0165713 5
13754.3 1560.45 3213.6 0.0580135 5
13041.4 1097.44 2678 -0.0931504 5
13960 1760.87 3347.5 0.108571 5
13425.1 1317.26 2975.56 -0.0132223 6
13757.2 1573.82 3213.6 0.0613661 6
13045.9 1108.4 2678 -0.0898152 6
13962.5 1776.05 3347.5 0.112213 6
13423.1 1306.15 2975.56 -0.0166334 7
13756.1 1561.74 3213.6 0.0579985 7
13043 1098.38 2678 -0.0933006 7
13961.8 1762.2 3347.5 0.108566 7
13423.1 1306.3 2975.56 -0.016587 8
13756.1 1561.73 3213.6 0.0579945 8
13043 1098.38 2678 -0.0933006 8
13962 1762.85 3347.5 0.108733 8
13421.4 1305.5 2975.56 -0.0167586 9
13754.3 1560.42 3213.6 0.0576989 9
13041.4 1098.04 2678 -0.0933285 9
13960.2 1761.49 3347.5 0.108441 9
13420.2 1305.39 2975.56 -0.0167169 10
13753.2 1560.84 3213.6 0.0578818 10
13040 1097.64 2678 -0.0933868 10
13959 1761.61 3347.5 0.108535 10
13419.2 1305.32 2975.56 -0.0166644 11
13751.8 1559.7 3213.6 0.0576305 11
13039.1 1097.5 2678 -0.0933509 11
13957.9 1761.22 3347.5 0.108494 11
13424 1317.88 2975.56 -0.0130958 12
13756.1 1574.55 3213.6 0.0615078 12
13044.6 1108.6 2678 -0.0898246 12
13961.2 1776.04 3347.5 0.112154 12
13755 1561.91 3213.6 0.0579564 13
13042.1 1098.95 2678 -0.0932098 13
13960.8 1762.68 3347.5 0.108608 13
13420.7 1305.88 2975.56 -0.0167466 14
13753.6 1561.12 3213.6 0.0577958 14
13040.6 1098.13 2678 -0.0934247 14
13959.6 1762.22 3347.5 0.108541 14
13425.2 1318.74 2975.56 -0.0130354 15
13757.1 1574.7 3213.6 0.0613626 15
13046 1109.82 2678 -0.0896203 15
13962.2 1776.33 3347.5 0.112057 15
13421.4 1306.83 2975.56 -0.0166662 16
13754.4 1562.08 3213.6 0.0578728 16
13041.2 1098.77 2678 -0.0934424 16
13960.2 1762.98 3347.5 0.108558 16
13419.1 1306.3 2975.56 -0.0166663 17
13752.2 1561.91 3213.6 0.057972 17
13038.9 1098.24 2678 -0.0934414 17
13957.8 1762.17 3347.5 0.108487 17
13423.9 1318.55 2975.56 -0.0130886 18
13755.9 1575.16 3213.6 0.0614969 18
13044.5 1109.45 2678 -0.0897498 18
13960.8 1775.98 3347.5 0.111972 18
13422 1307.1 2975.56 -0.016632 19
13755 1562.66 3213.6 0.0579895 19
13042 1099.48 2678 -0.0932461 19
13960.9 1763.66 3347.5 0.108696 19
13420.8 1307.07 2975.56 -0.0165606 20
13753.8 1562.48 3213.6 0.0580104 20
13040.8 1099.45 2678 -0.0931589 20
13959.7 1763.31 3347.5 0.108668 20
13419.9 1307.1 2975.56 -0.016461 21
13753.1 1563.23 3213.6 0.0582966 21
13039.8 1099.54 2678 -0.0930229 21
13958.9 1764.03 3347.5 0.108926 21
13419.1 1306.2 2975.56 -0.0166517 22
13752.2 1561.33 3213.6 0.057843 22
13039 1098.62 2678 -0.0932466 22
13958 1761.86 3347.5 0.108428 22
13417.9 1306 2975.56 -0.0165172 23
13750.9 1561.25 3213.6 0.0580047 23
13037.8 1098.04 2678 -0.093232 23
13956.7 1762.05 3347.5 0.108655 23
13423.1 1318.49 2975.56 -0.0128814 24
13755.4 1575.98 3213.6 0.0619306 24
13043.8 1109.39 2678 -0.0895117 24
13960.4 1777.25 3347.5 0.11249 24
13761.9 1576.3 3213.6 0.0614084 25
13429.9 1319.54 2975.56 -0.013247 25
13050.9 1111.12 2678 -0.0896858 25
13967.1 1778.38 3347.5 0.112223 25
13433 1324.02 2975.56 -0.0122138 26
13765.2 1581.29 3213.6 0.0624632 26
13053.8 1114.89 2678 -0.0887568 26
14128.3 1799.61 3493.05 0.112758 26
13431 1321.42 2975.56 -0.0133587 27
13763.2 1577.68 3213.6 0.061146 27
12964 1122.51 2591.62 -0.0892076 27
13968.5 1779.3 3347.5 0.111837 27
13765 1582.14 3213.6 0.0621002 28
13053.7 1116.23 2678 -0.089044 28
13969.9 1783.16 3347.5 0.112586 28
13434.5 1326.87 2975.56 -0.0123333 29
13055.1 1117.39 2678 -0.0890201 29
13766.5 1583.52 3213.6 0.0621827 29
13971.7 1785.57 3347.5 0.112925 29
13426.4 1314.42 2975.56 -0.0160882 30
13759.4 1569.98 3213.6 0.0584694 30
13046.2 1106.48 2678 -0.092736 30
13965 1770.21 3347.5 0.10894 30
13421.5 1313.28 2975.56 -0.0161384 31
13754.4 1568.49 3213.6 0.0583298 31
13041.5 1105.61 2678 -0.0926889 31
13960.2 1769.2 3347.5 0.108934 31
13419 1311.86 2975.56 -0.016182 32
13752.2 1568.1 3213.6 0.0585784 32
13038.9 1103.97 2678 -0.092824 32
13957.9 1768.67 3347.5 0.109127 32
13418.4 1311.38 2975.56 -0.0161171 33
13751.4 1566.72 3213.6 0.0583839 33
13038.4 1103.64 2678 -0.0926939 33
13957.2 1767.63 3347.5 0.109035 33
13423.6 1322.55 2975.56 -0.0127656 34
13044.1 1113.09 2678 -0.0895051 34
13755.6 1578.79 3213.6 0.061673 34
13961.2 1781.72 3347.5 0.112674 34
13422.1 1311.69 2975.56 -0.0160129 35
13754.9 1566.59 3213.6 0.0583556 35
13042 1103.65 2678 -0.0926814 35
13960.7 1767.52 3347.5 0.109015 35
13420.2 1310.06 2975.56 -0.0161726 36
13753 1565.15 3213.6 0.0582652 36
13040.1 1102.18 2678 -0.0928058 36
13958.8 1765.89 3347.5 0.108881 36
13419.2 1309.38 2975.56 -0.0160512 37
13752.1 1564.58 3213.6 0.0584015 37
13039 1101.25 2678 -0.0927573 37
13957.6 1764.46 3347.5 0.108784 37
13418.5 1308.3 2975.56 -0.0160845 38
13751.7 1564.15 3213.6 0.0585514 38
13038.2 1099.88 2678 -0.0929047 38
13957.4 1764.68 3347.5 0.109091 38
13418.3 1306.15 2975.56 -0.016626 39
13751.2 1560.77 3213.6 0.0577216 39
13038 1098.39 2678 -0.0932781 39
13957.2 1761.64 3347.5 0.108401 39
13418 1304.95 2975.56 -0.0167518 40
13037.8 1097.57 2678 -0.0932856 40
13751.1 1560.23 3213.6 0.0577916 40
13957.2 1761.66 3347.5 0.108611 40
13418 1304.55 2975.56 -0.0166639 41
13037.8 1096.97 2678 -0.0932575 41
13751.2 1560.29 3213.6 0.0579973 41
13957.1 1760.94 3347.5 0.108599 41
13423.4 1317.37 2975.56 -0.0128345 42
13044.1 1108.73 2678 -0.0892813 42
13755.5 1573.84 3213.6 0.0616779 42
13960.8 1775.91 3347.5 0.112456 42
13423.4 1317.48 2975.56 -0.0127992 43
13044.1 1108.67 2678 -0.0893043 43
13755.6 1574.41 3213.6 0.0618378 43
13960.9 1776.25 3347.5 0.112544 43
13422.1 1305.62 2975.56 -0.0164978 44
13041.9 1097.89 2678 -0.0931208 44
13755 1560.37 3213.6 0.0578737 44
13961 1761.47 3347.5 0.108604 44
13421 1304.8 2975.56 -0.01671 45
13040.9 1097.54 2678 -0.0931926 45
13754.2 1560.19 3213.6 0.0578605 45
13960.2 1761.34 3347.5 0.108602 45
13419.4 1304.56 2975.56 -0.0166884 46
13039.3 1097.33 2678 -0.0931564 46
13752.5 1559.85 3213.6 0.0578525 46
13958.5 1760.85 3347.5 0.108556 46
13418.9 1304.49 2975.56 -0.0166557 47
13038.6 1096.85 2678 -0.093272 47
13751.9 1559.66 3213.6 0.0578463 47
13958.1 1761.17 3347.5 0.108681 47
13418.1 1304.1 2975.56 -0.0166621 48
13037.9 1096.59 2678 -0.0932316 48
13751.2 1559.35 3213.6 0.0578624 48
13957.4 1760.81 3347.5 0.108682 48
13417.8 1303.85 2975.56 -0.0166822 49
13037.8 1096.63 2678 -0.0931455 49
13751.1 1559.54 3213.6 0.0579692 49
13956.9 1759.95 3347.5 0.108509 49
13417.5 1303.31 2975.56 -0.0167355 50
13037.4 1096.03 2678 -0.0932314 50
13750.7 1558.78 3213.6 0.0578595 50
13956.9 1760.22 3347.5 0.108676 50
13417.1 1298.7 2975.56 -0.0181394 51
13750.5 1553.77 3213.6 0.0564851 51
12949.1 1101.65 2591.62 -0.0941324 51
13956.9 1754.85 3347.5 0.107288 51
13005.3 1276.1 2591.62 -0.0290011 52
12706 1094.93 2362.94 -0.106042 52
13264 1493.79 2770.35 0.0457816 52
13537.9 1672.85 2975.56 0.0962214 52
13347.1 1081.09 2975.56 -0.0884881 53
13910.5 1092.22 3493.05 -0.0715052 54
14517.6 1076.93 4017 -0.0625559 55
12694.9 995.604 1199.11 0.107488 82
12672.6 993.058 1164.35 0.110032 83
12693.6 993.224 1164.35 0.113144 84
12700.7 1005.78 1147.72 0.126142 85
12703.3 990.415 1131.55 0.117712 86
12997.3 1147.74 1385.17 0.195554 86
12695 985.301 1100.55 0.117324 87
12992.2 1142.18 1361.7 0.196661 87
12673.8 976.442 1057.11 0.114407 88
12942.2 1125.21 1295.81 0.195715 88
12626.6 939.371 1016.96 0.0859135 89
12892.9 1078.63 1255.31 0.169648 89
13131.7 1251.13 1460.73 0.248098 89
12639.6 937.055 1004.25 0.0837097 90
12914.4 1079.54 1255.31 0.170492 90
13120.2 1246.41 1434.64 0.25106 90
12670.9 955.951 1004.25 0.097646 91
12941.1 1103.43 1255.31 0.185848 91
13196.9 1287.77 1487.78 0.266692 91
12639.8 948.916 945.178 0.0919124 92
12907.9 1091.64 1199.11 0.182643 92
13110.1 1259.36 1385.17 0.266442 92
12750.1 936.767 1030 0.0679897 93
13093.1 1100.58 1361.7 0.164828 93
13419.7 1314.16 1673.75 0.251574 93
13779.6 1688.38 2008.5 0.371998 93
12778.3 939.608 1030 0.0643798 94
13116.7 1107.52 1361.7 0.16571 94
13402.9 1314.78 1639.59 0.254919 94
13683.3 1493.92 1912.86 0.304194 94
13839.3 1717.82 2060 0.376646 94
12780.6 942.607 1004.25 0.0601069 95
13140.8 1114.06 1361.7 0.164529 95
13456.2 1332.29 1673.75 0.256119 95
13848.7 1727.25 2060 0.380085 95
12794.9 949.78 991.853 0.0577068 96
13163.4 1125.4 1361.7 0.165746 96
13439.6 1337.86 1639.59 0.259904 96
13757.9 1533.29 1959.51 0.310789 96
13910.8 1763.35 2114.21 0.384892 96
12822.2 981.741 991.853 0.0781806 97
13187 1164.93 1361.7 0.186261 97
13492.7 1391.58 1673.75 0.279768 97
13726.8 1570.44 1912.86 0.331953 97
13921.2 1818.2 2114.21 0.405455 97
12787.7 987.128 892.668 0.0585629 98
13102.2 1155.26 1217.27 0.176049 98
13360.4 1357.85 1487.78 0.274329 98
13572.2 1517.35 1709.36 0.32713 98
13761.5 1747.43 1912.86 0.402686 98
12750.5 973.507 854.682 0.045933 99
13050.6 1132.71 1164.35 0.165259 99
13309.1 1327.57 1434.64 0.264265 99
13504.9 1477.5 1639.59 0.317911 99
13677.9 1692.43 1825.91 0.393691 99
12713.3 982.082 811.516 0.0217056 100
13020.4 1140.31 1131.55 0.150119 100
13281.9 1334.74 1409.48 0.253857 100
13498.9 1490.56 1639.59 0.309538 100
13666.6 1705.65 1825.91 0.388003 100
12736.2 990.525 787.648 0.0107431 101
13060.1 1160.53 1131.55 0.152176 101
13337.5 1369.03 1434.64 0.262037 101
13556.3 1533.95 1673.75 0.320596 101
13930.4 2050.56 2114.21 0.483135 101
13764.5 1776.89 1912.86 0.401781 101
13949 2336.35 2171.35 0.582542 101
12724.2 990.724 737.065 -0.00246648 102
13051.4 1157.57 1085.68 0.145757 102
13322.8 1363.24 1385.17 0.259687 102
13554.7 1529.82 1639.59 0.318954 102
13749.9 1766.76 1868.37 0.401796 102
13915.6 2308.17 2114.21 0.584687 102
12765.2 990.787 717.322 -0.0312387 103
13109 1163.86 1085.68 0.131189 103
13424.9 1385 1434.64 0.250975 103
13638.4 1553.74 1673.75 0.314452 103
13883 1816.02 1959.51 0.398814 103
14117.5 2430.5 2295.43 0.58542 103
12809.1 1000.7 704.738 -0.0482912 104
13177.3 1183.2 1100.55 0.126217 104
13499.9 1414.28 1460.73 0.251192 104
13755.2 1601.19 1746.52 0.316165 104
14201.7 2190.57 2295.43 0.488648 104
13971.7 1864.64 2008.5 0.403185 104
14275.7 2545.94 2434.55 0.592141 104
12788.7 999.783 658.525 -0.0683716 105
13159.8 1178.34 1057.11 0.11601 105
13474.6 1404.45 1409.48 0.24516 105
13743.3 1592.57 1709.36 0.311415 105
13994.4 1867.01 2008.5 0.399197 105
14230 2507.66 2362.94 0.590964 105
12794.1 1009.86 637.62 -0.0707463 106
13158.1 1187.98 1030 0.118119 106
13474.1 1414.39 1385.17 0.249099 106
13730.6 1599.92 1673.75 0.316363 106
14180 2184.71 2231.67 0.492028 106
13967.2 1868.26 1959.51 0.404936 106
14243 2530.17 2362.94 0.597343 106
12780.8 998.064 595.112 -0.106552 107
13148.6 1175.7 991.853 0.100891 107
13478.1 1404.49 1361.7 0.239049 107
13756.4 1596.34 1673.75 0.308691 107
13991.1 1866.7 1959.51 0.399861 107
14201.6 2185.07 2231.67 0.488997 107
14262 2532.6 2362.94 0.596103 107
13163.7 1174.01 979.757 0.0895569 108
13503.4 1408.43 1361.7 0.233945 108
13780.4 1602.39 1673.75 0.305938 108
14059.5 1893.25 2008.5 0.398429 108
14280.5 2225.31 2295.43 0.488993 108
14343.7 2587.74 2434.55 0.59764 108
13189.3 1180.81 945.178 0.0752629 109
13519.8 1410.49 1317.05 0.22523 109
13807.6 1604.16 1639.59 0.298735 109
14073.2 1887.57 1959.51 0.39327 109
14281.8 2208.15 2231.67 0.484734 109
14403.4 2602.22 2434.55 0.594155 109
13183.8 1184.97 923.449 0.0693166 110
13534 1420.72 1317.05 0.224292 110
13820 1617.55 1639.59 0.300078 110
14083 1904.32 1959.51 0.396429 110
14288.6 2228.02 2231.67 0.48927 110
14406.6 2625.04 2434.55 0.599931 110
13125.4 1194.23 836.876 0.0605343 111
13428.4 1410.14 1181.47 0.2214 111
13673.9 1585.21 1460.73 0.298705 111
13906.6 1842.47 1746.52 0.396301 111
14060.2 2117.69 1959.51 0.490101 111
13156.6 1206.14 836.876 0.0476097 112
13455.8 1426.88 1181.47 0.215848 112
13724.8 1611.12 1487.78 0.295435 112
13964.1 1876.58 1785.34 0.395001 112
14121.5 2161.33 2008.5 0.490591 112
14151.1 2471.97 2114.21 0.603607 112
13475.9 1422.12 1181.47 0.199959 113
13718.8 1598.35 1460.73 0.282432 113
14141.6 2151.96 2008.5 0.47964 113
13947.5 1855.76 1746.52 0.383879 113
14170.6 2462.1 2114.21 0.59388 113
13425.7 1423.97 1115.83 0.201694 114
13659 1592.74 1385.17 0.284439 114
13857.7 1832.37 1639.59 0.386999 114
14021.5 2103.05 1868.37 0.48328 114
14039 2386.74 1959.51 0.597837 114
14052.5 2721.5 2060 0.713043 114
13117.6 1203.02 723.785 -0.00515213 115
13416.9 1413.34 1071.2 0.183857 115
13645.9 1581.04 1339 0.272536 115
13883.6 1833.33 1639.59 0.378329 115
14040.3 2105.04 1868.37 0.478243 115
14012.2 2681.28 2008.5 0.713212 115
14050.1 2387.16 1959.51 0.595426 115
13128.5 1198.37 710.974 -0.0235093 116
13437.8 1413.98 1071.2 0.174829 116
13686.8 1589.28 1361.7 0.266513 116
13931.3 1849.68 1673.75 0.374891 116
14144.9 2450.98 2060 0.595527 116
14092.6 2130.82 1912.86 0.476828 116
13466.9 1430.76 1085.68 0.179169 117
13721.8 1612.92 1385.17 0.272466 117
13973.1 1883.28 1709.36 0.382078 117
14139.1 2175.44 1959.51 0.485037 117
14191.4 2506.38 2114.21 0.604484 117
13501.1 1429.16 1085.68 0.161514 118
13755.2 1612.27 1385.17 0.258925 118
14005.5 1883.27 1709.36 0.371562 118
14214.8 2196.84 2008.5 0.475635 118
14270.7 2538.25 2171.35 0.59657 118
13463 1428.44 1016.96 0.154776 119
13717 1608.77 1317.05 0.256265 119
13963.7 1875.58 1639.59 0.372269 119
14233.9 2525.25 2114.21 0.600957 119
14147 2172.84 1912.86 0.478661 119
13455.4 1436.19 991.853 0.155192 120
13712.4 1617.23 1295.81 0.258312 120
13946.4 1880 1606.8 0.375844 120
14157.6 2189.97 1912.86 0.482623 120
14194.5 2512.5 2060 0.606285 120
13464.6 1423.07 979.757 0.134548 121
13713.6 1601.09 1275.24 0.242002 121
13968 1868.09 1606.8 0.361976 121
14179.5 2177.4 1912.86 0.470733 121
14216.1 2500.84 2060 0.596152 121
13481.7 1438.03 979.757 0.138044 122
13728.2 1619.8 1275.24 0.247745 122
13978.7 1890.7 1606.8 0.369509 122
14186.2 2202.39 1912.86 0.479011 122
14218.2 2526.72 2060 0.605215 122
13489.5 1438.73 967.953 0.129679 123
13746.5 1624.17 1275.24 0.242594 123
14025.8 1907.92 1639.59 0.36624 123
14199.7 2210.59 1912.86 0.478194 123
14275.1 2566.15 2114.21 0.605041 123
13496.1 1449.45 945.178 0.12434 124
13755.2 1635.39 1255.31 0.240108 124
14020.9 1914.79 1606.8 0.366113 124
14222.9 2229.78 1912.86 0.47889 124
14295 2586.33 2114.21 0.606995 124
13472.2 1444.44 902.698 0.113965 125
13736.1 1628.83 1217.27 0.233585 125
13978.5 1898.67 1545 0.36332 125
14196.5 2215.58 1868.37 0.477242 125
14215.5 2533.53 2008.5 0.607638 125
14258.4 3350.03 2362.94 0.85055 125
13463.8 1430.05 873.262 0.0913488 126
13722.5 1610.32 1181.47 0.216294 126
13973.1 1877.9 1515.85 0.349137 126
14237.5 2522.7 2008.5 0.597071 126
14180.5 2185.55 1825.91 0.465423 126
14230.4 3283.62 2295.43 0.843047 126
13472.5 1437.81 863.872 0.0880815 127
13739.6 1621.01 1181.47 0.215289 127
13987.7 1891.29 1515.85 0.350315 127
14192.8 2200.44 1825.91 0.467648 127
14247.1 2538.06 2008.5 0.600004 127
14233.8 3299.23 2295.43 0.847398 127
13474 1435.39 845.685 0.0758542 128
13741.3 1619.6 1164.35 0.208076 128
14004.3 1895.51 1515.85 0.345958 128
14206.9 2206.23 1825.91 0.465307 128
14257.9 2545.41 2008.5 0.599492 128
14238.4 3306.34 2295.43 0.849063 128
13496.1 1444.97 836.876 0.0654272 129
13754.3 1629.13 1147.72 0.201955 129
14031.9 1910.54 1515.85 0.342554 129
14232 2223.07 1825.91 0.463852 129
14280.1 2563.52 2008.5 0.599539 129
14254.9 3324.43 2295.43 0.851034 129
13738.8 1635.28 1115.83 0.203121 130
13991.6 1909.76 1460.73 0.347305 130
14202.9 2225.28 1785.34 0.470031 130
14240.5 2557.57 1959.51 0.607373 130
14244.7 3345.76 2295.43 0.860538 130
13732.3 1633.07 1071.2 0.187873 131
13977.5 1904.06 1409.48 0.338632 131
14165.3 2205.94 1709.36 0.465363 131
14227.4 2546.95 1912.86 0.605143 131
14215.4 3309.16 2231.67 0.862175 131
13735.7 1639.8 1057.11 0.184697 132
13993.7 1914.92 1409.48 0.337149 132
14179.7 2218.14 1709.36 0.465197 132
14189 2882.77 2008.5 0.743359 132
14239.8 2559.72 1912.86 0.605829 132
14223.4 3322.27 2231.67 0.864311 132
13752.1 1635.04 1043.38 0.166723 133
14021.8 1915.61 1409.48 0.324908 133
14205.4 2220.89 1709.36 0.456449 133
14262.4 2564.59 1912.86 0.599921 133
14286.2 3379.29 2295.43 0.861487 133
14014.9 1917.3 1385.17 0.322431 134
14221.1 2230.3 1709.36 0.454438 134
14276.9 2574.59 1912.86 0.598764 134
14252.3 3338.51 2231.67 0.862211 134
14010.7 1912.58 1361.7 0.315609 135
14204.9 2219.52 1673.75 0.450321 135
14252.4 2556.18 1868.37 0.596908 135
14259.6 3345.14 2231.67 0.862592 135
14001.4 1927.41 1339 0.32213 136
14182.2 2229.94 1639.59 0.458516 136
14256.1 2581.7 1868.37 0.605353 136
14252.4 3371.16 2231.67 0.872633 136
13999.8 1920.7 1317.05 0.312937 137
14200.2 2230.98 1639.59 0.451533 137
14206 2901.93 1959.51 0.745176 137
14235.7 2561.37 1825.91 0.601404 137
14220.5 3326.07 2171.35 0.871584 137
13751.4 1645.72 934.187 0.123932 138
14011.2 1924.62 1295.81 0.303243 138
14198.3 2231.03 1606.8 0.446354 138
14224.4 2919.52 1959.51 0.745181 138
14258.9 2577.44 1825.91 0.598858 138
14234.5 3343.34 2171.35 0.87325 138
14009.2 1923.48 1275.24 0.296693 139
14216.7 2235.36 1606.8 0.440369 139
14277 2582.35 1825.91 0.59395 139
14252.1 3349.28 2171.35 0.870049 139
13988.4 1919.19 1236 0.292407 140
14174 2220.44 1545 0.43994 140
14247.6 2938.03 1959.51 0.743794 140
14252.5 2572.36 1785.34 0.595302 140
14253.4 3361.56 2171.35 0.873654 140
13998.5 1919.66 1217.27 0.280732 141
14200.9 2227.75 1545 0.431268 141
14270.1 2948.12 1959.51 0.739582 141
14244 2561.13 1746.52 0.590052 141
14273.9 3372.08 2171.35 0.871004 141
13992.7 1918.65 1199.11 0.277719 142
14182 2223.6 1515.85 0.431842 142
14247.6 2570.04 1746.52 0.59206 142
14227.7 3336.88 2114.21 0.876878 142
13995.1 1919.23 1199.11 0.277636 143
14181.7 2226.35 1515.85 0.433516 143
14244.4 2573.79 1746.52 0.594772 143
14226 2932.25 1912.86 0.748337 143
14218.5 3341.06 2114.21 0.8811 143
14041.2 1918.97 1236 0.267992 144
14242.9 2242.16 1575.3 0.426553 144
14280 2588.52 1785.34 0.590584 144
14255.1 3379.95 2171.35 0.87963 144
14079.7 1935.18 1275.24 0.271941 145
14299.3 2275.3 1639.59 0.430579 145
14344.3 2641.49 1868.37 0.594825 145
14329.3 3488.11 2295.43 0.884373 145
14120 1949.56 1317.05 0.274072 146
14328.3 2293.47 1673.75 0.433119 146
14378.8 2670.4 1912.86 0.597188 146
14371.8 3547.58 2362.94 0.886249 146
14880.3 3685.9 2869.29 0.783994 146
14096.4 1948.85 1295.81 0.278155 147
14325.9 2298.09 1673.75 0.436117 147
14375.9 2674.84 1912.86 0.599893 147
14321.2 3497.88 2295.43 0.889378 147
14074.8 1944.96 1275.24 0.279762 148
14293.5 2285.75 1639.59 0.437599 148
14337.6 2652.06 1868.37 0.601342 148
14320.4 3498.85 2295.43 0.889867 148
14076.8 1938.6 1275.24 0.274905 149
14297 2278.43 1639.59 0.432826 149
14342.7 2644.49 1868.37 0.596587 149
14329.2 3491.29 2295.43 0.885213 149
14098.1 1943.09 1295.81 0.273858 150
14297 2278.29 1639.59 0.432731 150
14342.9 2644.29 1868.37 0.596467 150
14290.3 3001.54 2008.5 0.751662 150
14329.2 3491.24 2295.43 0.885191 150
14096.4 1948.87 1295.81 0.278168 151
14294 2284.9 1639.59 0.437022 151
14338.2 2651.13 1868.37 0.600774 151
14322.7 3043.89 2060 0.755769 151
14321 3497.88 2295.43 0.889413 151
14096.4 1948.89 1295.81 0.278185 152
14294 2284.91 1639.59 0.437024 152
14338.2 2651.12 1868.37 0.600769 152
14321.1 3497.88 2295.43 0.889409 152
14875 3692.03 2869.29 0.786704 152
14096.3 1949.23 1295.81 0.278438 153
14293.8 2285.27 1639.59 0.437265 153
14338.1 2651.26 1868.37 0.600863 153
14320.2 3498.83 2295.43 0.889905 153
14801.8 3621.68 2770.35 0.787426 153
14096.4 1948.89 1295.81 0.278179 154
14294 2284.9 1639.59 0.437017 154
14338.4 2650.8 1868.37 0.600571 154
14320.5 3498.69 2295.43 0.889785 154
14076.7 1938.93 1275.24 0.275146 155
14296.7 2278.94 1639.59 0.433155 155
14342.7 2644.47 1868.37 0.596587 155
14328.3 3492.14 2295.43 0.885692 155
14810.1 3613.42 2770.35 0.78339 155
14097.9 1943.69 1295.81 0.274309 156
14296.7 2278.93 1639.59 0.433145 156
14342.6 2644.71 1868.37 0.596733 156
14328.4 3491.95 2295.43 0.885616 156
14810.1 3613.47 2770.35 0.78341 156
14098 1943.34 1295.81 0.274041 157
14296.9 2278.57 1639.59 0.432911 157
14342.9 2644.11 1868.37 0.596364 157
14329 3491.39 2295.43 0.8853 157
14810.4 3613.22 2770.35 0.78327 157
14076.8 1938.83 1275.24 0.27507 158
14296.8 2278.76 1639.59 0.433034 158
14342.8 2644.39 1868.37 0.596534 158
14328.6 3491.83 2295.43 0.885525 158
14810.4 3613.18 2770.35 0.783274 158
14075.3 1944.04 1275.24 0.279014 159
14294 2284.82 1639.59 0.436971 159
14338.5 2650.65 1868.37 0.60048 159
14321 3497.99 2295.43 0.889447 159
14734.2 3555.64 2678 0.787895 159
14075.2 1944.3 1275.24 0.279215 160
14293.8 2285.14 1639.59 0.437177 160
14338.4 2650.78 1868.37 0.600569 160
14320.7 3498.13 2295.43 0.889576 160
14075.2 1944.19 1275.24 0.279129 161
14293.9 2285.02 1639.59 0.4371 161
14338.4 2650.74 1868.37 0.600538 161
14320.8 3498.09 2295.43 0.889527 161
14801.9 3621.74 2770.35 0.787417 161
14075.2 1944.44 1275.24 0.279316 162
14293.7 2285.39 1639.59 0.437342 162
14338.2 2651.07 1868.37 0.600748 162
14320.4 3498.55 2295.43 0.889797 162
14733.6 3556.17 2678 0.788176 162
14076.7 1938.99 1275.24 0.275195 163
14296.7 2278.97 1639.59 0.433173 163
14342.7 2644.52 1868.37 0.59662 163
14328.3 3492.07 2295.43 0.885674 163
14809.9 3613.72 2770.35 0.783515 163
14096.4 1948.94 1295.81 0.278222 164
14293.9 2284.92 1639.59 0.437033 164
14338.5 2650.62 1868.37 0.600463 164
14321 3497.98 2295.43 0.889459 164
14802.1 3621.61 2770.35 0.787354 164
14075.1 1944.49 1275.24 0.279361 165
14293.8 2285.34 1639.59 0.437303 165
14338.2 2651.09 1868.37 0.600761 165
14319.9 3499.23 2295.43 0.890098 165
14075.2 1944.33 1275.24 0.279234 166
14293.8 2285.14 1639.59 0.437175 166
14338.2 2651.01 1868.37 0.600709 166
14320 3499.37 2295.43 0.890129 166
14075.3 1944.04 1275.24 0.27902 167
14294 2284.79 1639.59 0.436947 167
14338.6 2650.51 1868.37 0.600393 167
14320.4 3499.01 2295.43 0.889896 167
14075.3 1944.04 1275.24 0.279014 168
14294 2284.8 1639.59 0.436955 168
14338.5 2650.69 1868.37 0.600503 168
14320.7 3498.51 2295.43 0.889671 168
14802.2 3621.43 2770.35 0.787272 168
14075.2 1944.32 1275.24 0.279233 169
14293.9 2285.11 1639.59 0.43716 169
14338.3 2650.96 1868.37 0.600672 169
14277.2 3447.08 2231.67 0.890246 169
14801.8 3621.77 2770.35 0.787444 169
14076.7 1939.03 1275.24 0.275228 170
14296.7 2278.93 1639.59 0.433144 170
14342.6 2644.57 1868.37 0.596647 170
14284.8 3440.89 2231.67 0.886216 170
14810 3613.58 2770.35 0.783454 170
14097.9 1943.75 1295.81 0.274353 171
14296.7 2279 1639.59 0.433192 171
14342.6 2644.62 1868.37 0.596677 171
14284.7 3440.98 2231.67 0.88626 171
14810 3613.6 2770.35 0.783462 171
14075.1 1944.35 1275.24 0.279258 172
14293.9 2285.09 1639.59 0.437146 172
14338.3 2650.94 1868.37 0.600664 172
14277.3 3447.04 2231.67 0.890231 172
14802 3621.47 2770.35 0.787328 172
14076.7 1939.07 1275.24 0.275256 173
14296.7 2278.99 1639.59 0.433189 173
14342.6 2644.64 1868.37 0.596692 173
14284.7 3440.99 2231.67 0.886267 173
14810.2 3613.32 2770.35 0.783356 173
14098 1943.23 1295.81 0.273967 174
14296.9 2278.46 1639.59 0.432844 174
14343.1 2643.92 1868.37 0.596245 174
14329 3491.6 2295.43 0.885349 174
14811 3612.54 2770.35 0.782974 174
14076.7 1938.86 1275.24 0.275098 175
14296.8 2278.81 1639.59 0.433071 175
14342.8 2644.39 1868.37 0.596533 175
14328.5 3492.04 2295.43 0.885614 175
14810.6 3612.9 2770.35 0.783161 175
14076.7 1938.89 1275.24 0.275121 176
14296.8 2278.75 1639.59 0.433033 176
14342.7 2644.47 1868.37 0.596583 176
14284.9 3440.92 2231.67 0.886187 176
14810.5 3613.02 2770.35 0.783209 176
14098 1943.26 1295.81 0.273995 177
14296.9 2278.46 1639.59 0.432845 177
14343.1 2643.92 1868.37 0.596244 177
14328.8 3491.86 2295.43 0.885467 177
14810.9 3612.58 2770.35 0.78299 177
14098 1943.29 1295.81 0.274016 178
14297 2278.39 1639.59 0.432794 178
14343 2643.97 1868.37 0.596273 178
14328.9 3491.7 2295.43 0.885393 178
14810.9 3612.55 2770.35 0.78298 178
14076.7 1938.88 1275.24 0.275116 179
14296.8 2278.8 1639.59 0.433066 179
14342.7 2644.44 1868.37 0.596567 179
14328.4 3492.1 2295.43 0.885646 179
14810.4 3613.06 2770.35 0.783226 179
14076.7 1938.89 1275.24 0.275127 180
14296.8 2278.71 1639.59 0.433001 180
14342.8 2644.26 1868.37 0.596456 180
14328.2 3492.57 2295.43 0.885846 180
14810.4 3613.12 2770.35 0.783242 180
14076.8 1938.6 1275.24 0.274903 181
14297 2278.43 1639.59 0.432821 181
14343 2644.09 1868.37 0.596349 181
14328.6 3492.16 2295.43 0.885605 181
14810.8 3612.83 2770.35 0.783093 181
14075.2 1944.28 1275.24 0.279196 182
14293.9 2285.09 1639.59 0.437143 182
14338.4 2650.78 1868.37 0.600568 182
14320.2 3499 2295.43 0.889944 182
14096.3 1949.32 1295.81 0.2785 183
14293.7 2285.37 1639.59 0.437325 183
14338.1 2651.2 1868.37 0.600826 183
14320 3499.17 2295.43 0.890079 183
14096.3 1949.14 1295.81 0.278366 184
14293.8 2285.21 1639.59 0.437222 184
14338.4 2650.81 1868.37 0.600582 184
14320.2 3499.07 2295.43 0.88999 184
14075.1 1944.52 1275.24 0.279378 185
14293.7 2285.41 1639.59 0.437351 185
14338.1 2651.29 1868.37 0.600883 185
14319.9 3499.3 2295.43 0.890134 185
14075.1 1944.48 1275.24 0.279352 186
14293.8 2285.3 1639.59 0.43728 186
14338.2 2651.1 1868.37 0.600768 186
14320.1 3498.99 2295.43 0.889982 186
14097.9 1943.46 1295.81 0.274141 187
14296.8 2278.71 1639.59 0.433007 187
14342.8 2644.3 1868.37 0.596478 187
14328.6 3491.96 2295.43 0.885556 187
14075.1 1944.64 1275.24 0.27946 188
14293.6 2285.72 1639.59 0.43755 188
14337.9 2651.57 1868.37 0.601058 188
14319.4 3499.71 2295.43 0.89039 188
14283.1 3009.46 2008.5 0.756765 188
14099.4 1937.79 1295.81 0.269953 189
14299.6 2272.39 1639.59 0.428944 189
14347.1 2638.15 1868.37 0.59259 189
14334.7 3031.43 2060 0.747734 189
14336.8 3485.86 2295.43 0.881464 189
14056.6 1935.39 1255.31 0.276667 190
14236.1 2255.81 1575.3 0.435886 190
14270.9 2602.2 1785.34 0.599495 190
14249.5 2972.11 1959.51 0.754773 190
14239.7 3395.21 2171.35 0.888775 190
14020.2 1923.1 1217.27 0.275247 191
14183.2 2228.83 1515.85 0.434522 191
14240.6 2577.22 1746.52 0.597561 191
14216.9 2934.77 1912.86 0.752354 191
14740 2255.59 2008.5 0.334424 193
14357.9 2155.19 1639.59 0.35231 194
14805.3 2701.44 2295.43 0.505721 194
15294 4292.96 3493.05 0.820975 194
14922.2 3280.84 2678 0.669303 194
13820.9 1725.73 967.953 0.149058 195
14209 2103.28 1487.78 0.354033 195
14553.1 2565.43 2008.5 0.507267 195
14676.4 3089.08 2362.94 0.670182 195
13652.6 1699.18 811.516 0.147657 196
13935 1998.46 1199.11 0.351383 196
14151.6 2334.62 1545 0.503075 196
14194.3 2693.78 1746.52 0.664487 196
14182.9 3081.56 1912.86 0.814972 196
13697.1 1706.66 854.682 0.148563 197
13987.3 2019.33 1255.31 0.35259 197
14204.6 2366.84 1606.8 0.504695 197
14251.5 3158.47 2008.5 0.816272 197
14256.9 2746.22 1825.91 0.665897 197
13686.5 1706.57 845.685 0.150131 198
13968.2 2013.81 1236 0.353689 198
14204.7 2366.76 1606.8 0.504616 198
14257.5 2746.35 1825.91 0.66577 198
14216.4 3121.83 1959.51 0.816484 198
13667.5 1704.62 828.248 0.151123 199
13950.3 2007.18 1217.27 0.353666 199
14177.4 2351.12 1575.3 0.504305 199
14225.8 2720.41 1785.34 0.66532 199
14218.5 3120.34 1959.51 0.815308 199
13667.8 1704.15 828.248 0.150568 200
13950.6 2006.68 1217.27 0.353223 200
14150.5 2337.22 1545 0.504838 200
14194.2 2696.81 1746.52 0.665858 200
14183.9 3084.95 1912.86 0.815747 200
13668.4 1702.91 828.248 0.149147 201
13951.1 2005.64 1217.27 0.352308 201
14151.1 2336.09 1545 0.504043 201
14184.7 3083.41 1912.86 0.814969 201
14194.9 2695.26 1746.52 0.664924 201
13668.2 1703.9 828.248 0.150245 202
13950.8 2006.64 1217.27 0.353148 202
14177.5 2350.77 1575.3 0.504087 202
14217.9 3119.69 1959.51 0.815293 202
14225.7 2719.71 1785.34 0.665056 202
13668.1 1704.47 828.248 0.150863 203
13950.4 2007.5 1217.27 0.353873 203
14177.1 2351.64 1575.3 0.504696 203
14217.1 3120.52 1959.51 0.815852 203
14225 2720.7 1785.34 0.665714 203
13667.1 1710.3 828.248 0.157252 204
13947.6 2014.94 1217.27 0.360096 204
14172.1 2360.56 1575.3 0.510975 204
14207.2 3129.76 1959.51 0.822165 204
14217.8 2729.79 1785.34 0.671919 204
13668.1 1704.48 828.248 0.150872 205
13950.4 2007.67 1217.27 0.35401 205
14176.9 2351.92 1575.3 0.504898 205
14182.2 3085.83 1912.86 0.816625 205
14224.9 2720.82 1785.34 0.665809 205
13668.1 1704.4 828.248 0.150785 206
13950.5 2007.35 1217.27 0.353744 206
14177.1 2351.54 1575.3 0.504629 206
14182.6 3085.43 1912.86 0.816358 206
14225.1 2720.5 1785.34 0.66559 206
13668.1 1704.38 828.248 0.150772 207
13950.5 2007.26 1217.27 0.353669 207
14177.2 2351.46 1575.3 0.504573 207
14217.2 3120.4 1959.51 0.81578 207
14225.2 2720.44 1785.34 0.665554 207
13668.2 1704.16 828.248 0.150511 208
13950.6 2007.15 1217.27 0.353574 208
14177.2 2351.39 1575.3 0.504521 208
14182.7 3085.22 1912.86 0.816234 208
14225.2 2720.35 1785.34 0.665491 208
13668.2 1704.12 828.248 0.150475 209
13950.6 2007.16 1217.27 0.353578 209
14177.2 2351.39 1575.3 0.504521 209
14217.2 3120.43 1959.51 0.815781 209
14225.2 2720.3 1785.34 0.665466 209
13668.3 1703.97 828.248 0.150303 210
13950.7 2006.93 1217.27 0.35338 210
14177.3 2351.15 1575.3 0.504359 210
14183 3084.82 1912.86 0.816013 210
14225.4 2720.02 1785.34 0.665294 210
13668.2 1704.17 828.248 0.15053 211
13950.7 2006.88 1217.27 0.353343 211
14177.4 2351.08 1575.3 0.504305 211
14217.5 3119.96 1959.51 0.81553 211
14225.5 2719.84 1785.34 0.665185 211
13668.3 1703.93 828.248 0.150257 212
13950.7 2006.95 1217.27 0.353399 212
14177.3 2351.13 1575.3 0.504345 212
14217.4 3119.98 1959.51 0.815544 212
14225.4 2719.95 1785.34 0.665251 212
13668.2 1704.18 828.248 0.150541 213
13950.6 2007.01 1217.27 0.35345 213
14177.3 2351.17 1575.3 0.504373 213
14217.4 3120.03 1959.51 0.815569 213
14225.4 2720.12 1785.34 0.665353 213
13668.1 1704.21 828.248 0.150579 214
13950.6 2007.03 1217.27 0.353475 214
14177.3 2351.17 1575.3 0.504369 214
14182.9 3085.13 1912.86 0.81617 214
14225.4 2720.08 1785.34 0.665325 214
13668.3 1703.89 828.248 0.150212 215
13950.7 2006.9 1217.27 0.353358 215
14177.4 2351.03 1575.3 0.504273 215
14217.5 3120.02 1959.51 0.815556 215
14225.4 2719.99 1785.34 0.66527 215
13668.2 1704.18 828.248 0.150545 216
13950.6 2007.02 1217.27 0.353464 216
14177.3 2351.1 1575.3 0.504325 216
14217.4 3120.06 1959.51 0.815573 216
14225.4 2719.99 1785.34 0.665273 216
13667.2 1710.76 828.248 0.157745 217
13947.4 2015.6 1217.27 0.36064 217
14171.6 2361.41 1575.3 0.511578 217
14206.2 3130.39 1959.51 0.822715 217
14217.1 2730.5 1785.34 0.672452 217
13667.3 1710.51 828.248 0.157454 218
13947.4 2015.65 1217.27 0.360683 218
14171.6 2361.42 1575.3 0.511588 218
14206.1 3130.63 1959.51 0.822832 218
14217.1 2730.47 1785.34 0.67243 218
13667.3 1710.54 828.248 0.157485 219
13947.5 2015.57 1217.27 0.360612 219
14171.7 2361.32 1575.3 0.511515 219
14171.9 3095.18 1912.86 0.823283 219
14217.1 2730.48 1785.34 0.672438 219
13667.3 1710.51 828.248 0.157452 220
13947.5 2015.52 1217.27 0.360571 220
14171.7 2361.26 1575.3 0.511476 220
14206.2 3130.53 1959.51 0.82278 220
14217.1 2730.55 1785.34 0.672478 220
13667.3 1710.53 828.248 0.15748 221
13947.5 2015.57 1217.27 0.360614 221
14171.6 2361.39 1575.3 0.511568 221
14206.2 3130.53 1959.51 0.822781 221
14217 2730.59 1785.34 0.672502 221
13667.3 1710.53 828.248 0.157474 222
13947.5 2015.58 1217.27 0.360622 222
14171.7 2361.3 1575.3 0.5115 222
14172 3095.13 1912.86 0.82326 222
14217.1 2730.5 1785.34 0.672447 222
13667.3 1710.56 828.248 0.157509 223
13947.5 2015.58 1217.27 0.360622 223
14171.6 2361.43 1575.3 0.511593 223
14206.1 3130.65 1959.51 0.822841 223
14217 2730.62 1785.34 0.672518 223
13667.1 1710.81 828.248 0.157796 224
13947.4 2015.59 1217.27 0.360626 224
14171.6 2361.42 1575.3 0.511591 224
14206.1 3130.66 1959.51 0.822846 224
14217.1 2730.56 1785.34 0.672486 224
13667.2 1710.6 828.248 0.157557 225
13947.4 2015.6 1217.27 0.360643 225
14171.6 2361.44 1575.3 0.511599 225
14171.8 3095.34 1912.86 0.823366 225
14217 2730.58 1785.34 0.672494 225
13667.2 1710.63 828.248 0.157595 226
13947.4 2015.62 1217.27 0.360653 226
14171.6 2361.43 1575.3 0.511592 226
14206.2 3130.43 1959.51 0.822728 226
14217.1 2730.57 1785.34 0.672487 226
13667.1 1710.8 828.248 0.157789 227
13947.4 2015.6 1217.27 0.360635 227
14171.6 2361.44 1575.3 0.511599 227
14206.1 3130.61 1959.51 0.822817 227
14217.1 2730.48 1785.34 0.672438 227
13667.3 1710.51 828.248 0.157456 228
13947.5 2015.56 1217.27 0.360601 228
14171.6 2361.36 1575.3 0.511547 228
14172 3095.15 1912.86 0.823267 228
14217.1 2730.54 1785.34 0.672469 228
13667.3 1710.51 828.248 0.157453 229
13947.5 2015.55 1217.27 0.360599 229
14171.6 2361.4 1575.3 0.511572 229
14171.9 3095.32 1912.86 0.823354 229
14217.1 2730.47 1785.34 0.672427 229
13667.3 1710.49 828.248 0.157436 230
13947.5 2015.55 1217.27 0.360596 230
14171.7 2361.3 1575.3 0.511502 230
14171.9 3095.23 1912.86 0.823307 230
14217 2730.6 1785.34 0.672508 230
13667.3 1710.49 828.248 0.157426 231
13947.5 2015.51 1217.27 0.360563 231
14171.6 2361.34 1575.3 0.511531 231
14206.2 3130.52 1959.51 0.822772 231
14217.1 2730.44 1785.34 0.672412 231
13667.3 1710.52 828.248 0.157465 232
13947.5 2015.5 1217.27 0.360554 232
14171.7 2361.28 1575.3 0.511492 232
14206.2 3130.51 1959.51 0.822764 232
14217.1 2730.51 1785.34 0.672452 232
13667.2 1710.68 828.248 0.157648 233
13947.5 2015.49 1217.27 0.360544 233
14171.6 2361.33 1575.3 0.511522 233
14206.3 3130.32 1959.51 0.822671 233
14217.1 2730.44 1785.34 0.67241 233
13667.3 1710.39 828.248 0.157314 234
13947.5 2015.48 1217.27 0.360536 234
14171.7 2361.27 1575.3 0.511483 234
14171.9 3095.22 1912.86 0.823297 234
14217.1 2730.43 1785.34 0.672403 234
13667.3 1710.47 828.248 0.15741 235
13947.5 2015.5 1217.27 0.360552 235
14171.7 2361.27 1575.3 0.511482 235
14172 3095.04 1912.86 0.823208 235
14217.1 2730.45 1785.34 0.672418 235
13667.2 1710.7 828.248 0.157668 236
13947.5 2015.47 1217.27 0.360526 236
14171.7 2361.3 1575.3 0.511503 236
14172 3095.05 1912.86 0.823211 236
14217.1 2730.53 1785.34 0.672462 236
13675.1 1719.42 828.248 0.157207 237
13955.3 2024.52 1217.27 0.360459 237
14179.5 2370.31 1575.3 0.511425 237
14179.8 3104.17 1912.86 0.823211 237
14224.9 2739.54 1785.34 0.672395 237
13679.4 1728.04 819.797 0.156028 238
13951.3 2027.98 1199.11 0.359466 238
14166.2 2365.33 1545 0.510599 238
14206.9 2724.99 1746.52 0.671827 238
14193.5 3112.83 1912.86 0.822004 238
13633.5 1714.66 757.925 0.138191 239
13893.9 1992 1115.83 0.342868 239
14070.8 2291.71 1409.48 0.496121 239
14101.6 2973.78 1746.52 0.808624 239
14121.2 2627.49 1606.8 0.65778 239
13881.2 1992.56 1085.68 0.341106 240
14085.5 2302.28 1409.48 0.494877 240
14133.5 2639.09 1606.8 0.658091 240
14140.5 3014.25 1785.34 0.809381 240
13860.6 1986.27 1030 0.330963 241
14069.4 2296.76 1361.7 0.491647 241
14126.1 2639.63 1575.3 0.659753 241
14121.8 3006.14 1746.52 0.814976 241
14131.1 3435.05 1959.51 0.944372 241
13871.2 1973.73 1016.96 0.310673 242
14071.5 2279.51 1339 0.476962 242
14123.1 2616.13 1545 0.648565 242
14142.9 3001.6 1746.52 0.805841 242
14121.5 3389.32 1912.86 0.937174 242
13872.6 1982.86 1004.25 0.311693 243
14082.2 2294.64 1339 0.479837 243
14129.8 2632.77 1545 0.653188 243
14145.7 3018.81 1746.52 0.811615 243
14120.5 3406.23 1912.86 0.94363 243
13891 1994.28 991.853 0.303833 244
14106.9 2314.6 1339 0.478145 244
14147.7 2655.83 1545 0.65577 244
14156.5 3043.39 1746.52 0.817327 244
13908.5 2012.9 979.757 0.301303 245
14109.8 2332.66 1317.05 0.481679 245
14163.4 2686.05 1545 0.66217 245
14164.8 3075.03 1746.52 0.826365 245
14156.4 3502.52 1959.51 0.961217 245
13902.3 2006.84 956.43 0.29012 246
14109.2 2323 1295.81 0.471937 246
14159.6 2668.76 1515.85 0.653772 246
14159.3 3047.85 1709.36 0.818915 246
13886.2 2009.09 923.449 0.288921 247
14083.5 2321.35 1255.31 0.475759 247
14141.2 2670.48 1487.78 0.66042 247
14131.1 3041.05 1673.75 0.828102 247
14112.2 3442.27 1868.37 0.964802 247
14083.2 2311.57 1236 0.465555 248
14136.8 2653.99 1460.73 0.652323 248
14124.7 3015.91 1639.59 0.821379 248
14131.5 3442.34 1868.37 0.958419 248
13890.3 1996.37 873.262 0.251494 249
14083.3 2302.63 1199.11 0.450767 249
14145.1 2648.66 1434.64 0.642976 249
14150.1 3027.85 1639.59 0.815825 249
14153.7 3454.31 1868.37 0.955487 249
13892.7 2003.31 863.872 0.250774 250
14092.1 2314.4 1199.11 0.452545 250
14150.3 2661.96 1434.64 0.646614 250
14151.6 3041.84 1639.59 0.820759 250
14151.6 3468.28 1868.37 0.961139 250
13896.5 2024.58 854.682 0.260894 251
14098.7 2342.83 1199.11 0.465309 251
14149.4 2692.46 1434.64 0.6612 251
14142.9 3072.96 1639.59 0.83661 251
14134.5 3499.39 1868.37 0.977734 251
14088.3 2315.09 1147.72 0.44015 252
14146.1 2659.92 1385.17 0.641399 252
14157.5 3046.77 1606.8 0.820162 252
14148 3460.7 1825.91 0.963691 252
14086.5 2319.99 1131.55 0.439226 253
14136.8 2659.65 1361.7 0.643 253
14141.8 3037.58 1575.3 0.823193 253
14126.6 3439.42 1785.34 0.967615 253
14073.4 2317.92 1100.55 0.436633 254
14128.1 2659.95 1339 0.644487 254
14123.9 3030.41 1545 0.827989 254
14124.8 3454.33 1785.34 0.973711 254
14096.5 2316.26 1100.55 0.420659 255
14149.4 2660.9 1339 0.633145 255
14144.2 3032.97 1545 0.819745 255
14144.9 3457.12 1785.34 0.967295 255
14095.3 2322.94 1085.68 0.420324 256
14140.9 2662.63 1317.05 0.635202 256
14150.8 3047.75 1545 0.82265 256
14148.5 3471.98 1785.34 0.971044 256
14075.5 2329.98 1043.38 0.423082 257
14136.3 2677 1295.81 0.641454 257
14134.9 3054.65 1515.85 0.832318 257
14121.7 3466.8 1746.52 0.982709 257
14079.3 2322.57 1004.25 0.401142 258
14119 2657.49 1236 0.630948 258
14120.3 3032.23 1460.73 0.828527 258
14117.2 3452.82 1709.36 0.982565 258
14094.3 2335.55 1004.25 0.39865 259
14130.7 2672.43 1236 0.631261 259
14129 3048.01 1460.73 0.83057 259
14123.2 3468.8 1709.36 0.985627 259
14090.8 2327.26 979.757 0.385429 260
14148.7 2675.4 1236 0.621548 260
14144.9 3052.77 1460.73 0.824348 260
14137.9 3474.11 1709.36 0.981467 260
14071.5 2324.44 923.449 0.37242 261
14130.5 2668.59 1181.47 0.617598 261
14128.8 3041.82 1409.48 0.825531 261
14130.2 3470.12 1673.75 0.985465 261
14076.3 2329.54 912.956 0.366999 262
14129 2669.4 1164.35 0.614988 262
14121.8 3035.81 1385.17 0.825326 262
14117.9 3452.48 1639.59 0.986448 262
14080.5 2324.56 882.858 0.345638 263
14142.3 2671.47 1147.72 0.602957 263
14143.5 3050.26 1385.17 0.81935 263
14135.4 3467.95 1639.59 0.98424 263
14084.8 2333.48 873.262 0.343338 264
14138.7 2677.12 1131.55 0.60412 264
14150.2 3065.72 1385.17 0.822081 264
14138.9 3483.54 1639.59 0.98801 264
14069.5 2327.72 836.876 0.331878 265
14130.3 2668.93 1100.55 0.597164 265
14130.2 3044.28 1339 0.820609 265
14129.1 3467.21 1606.8 0.988193 265
14061.7 3894.01 1825.91 1.12904 265
14067.4 2332.53 819.797 0.327214 266
14116.8 2665.93 1071.2 0.596724 266
14122.6 3042.76 1317.05 0.822487 266
14115.5 3454.51 1575.3 0.99126 266
14063.9 3907.73 1825.91 1.13248 266
14102.8 2668.09 1043.38 0.599988 267
14112.1 3046.15 1295.81 0.828302 267
14097.4 3447.45 1545 0.998582 267
14039.3 3885.84 1785.34 1.14054 267
14145.2 2689.15 1071.2 0.588517 268
14159.3 3085.26 1339 0.820712 268
14131.2 3482.42 1575.3 0.99353 268
14074.6 3934.99 1825.91 1.13668 268
14118.3 2670.44 1004.25 0.57643 269
14123 3046.85 1255.31 0.817441 269
14113.3 3454.27 1515.85 0.993993 269
14048.6 3879.22 1746.52 1.13974 269
14110 2671.88 979.757 0.575092 270
14119.8 3470.21 1515.85 0.996328 270
14052.2 3894.87 1746.52 1.14304 270
14120 2668.85 967.953 0.56111 271
14121.4 3040.74 1217.27 0.810882 271
14113.4 3454.75 1487.78 0.994648 271
14059.1 3902.8 1746.52 1.14296 271
14113.4 2671.05 945.178 0.558916 272
14117.7 3043.7 1199.11 0.812166 272
14119.6 3470.49 1487.78 0.996967 272
14044.7 3882.06 1709.36 1.14692 272
14106.2 2673.33 923.449 0.557649 273
14100.8 3034.05 1164.35 0.814375 273
14107.7 3463.12 1460.73 1.00093 273
14045 3897.15 1709.36 1.15143 273
14099.7 2676.36 902.698 0.556495 274
14096.8 3037.4 1147.72 0.816233 274
14096.6 3456.73 1434.64 1.00489 274
14029.3 3877.7 1673.75 1.15632 274
14120.2 2680.92 902.698 0.54181 275
14111.2 3045.81 1147.72 0.809698 275
14122 3488.46 1460.73 1.00215 275
14052.6 3921.94 1709.36 1.1559 275
14118.9 2678.12 882.858 0.53185 276
14114.9 3043.11 1131.55 0.80301 276
14121.6 3475.66 1434.64 0.997829 276
14051 3896.64 1673.75 1.15266 276
14102.5 3037 1100.55 0.803732 277
14099.4 3449.94 1385.17 1.00085 277
14038.7 3879.09 1639.59 1.15634 277
14130.2 2680.09 854.682 0.51008 278
14118.3 3043.6 1100.55 0.794745 278
14124.7 3478.51 1409.48 0.99676 278
14046.4 3887.3 1639.59 1.1556 278
14111.9 3056.97 1071.2 0.79983 279
14102.6 3473.49 1361.7 1.00699 279
14028.9 3889.49 1606.8 1.16763 279
14084.5 3018.34 991.853 0.785213 280
14090.9 3435.91 1295.81 0.998747 280
14024.5 3847.82 1545 1.16294 280
14104.6 3042.03 991.853 0.779669 281
14103.4 3461.87 1295.81 1.00013 281
14044.4 3902.7 1575.3 1.16701 281
14094.2 3044.02 956.43 0.780024 282
14100 3471.99 1275.24 1.00495 282
14032.7 3900.5 1545 1.1747 282
14092.7 3039.92 934.187 0.772742 283
14102.6 3467.15 1255.31 1.00037 283
14033.9 3884.48 1515.85 1.1715 283
14110 3046.51 934.187 0.760225 284
14102.9 3460.51 1236 0.996487 284
14041.4 3894.14 1515.85 1.17053 284
14103.9 3048.7 912.956 0.760115 285
14097.8 3462.18 1217.27 0.99929 285
14031.3 3884.28 1487.78 1.17492 285
14097.9 3049.51 892.668 0.759339 286
14092.4 3462.51 1199.11 1.00182 286
14032.6 3899.54 1487.78 1.17866 286
14109.1 3052.36 882.858 0.746574 287
14105.1 3474.52 1199.11 0.997039 287
14041.2 3912.14 1487.78 1.17774 287
14104.2 3053.92 863.872 0.745089 288
14100.6 3474.93 1181.47 0.99883 288
14031.7 3901.33 1460.73 1.18143 288
14093.2 3047.35 819.797 0.735038 289
14099 3471.33 1147.72 0.995405 289
14034.5 3900.95 1434.64 1.18118 289
14084 3045.76 795.447 0.733551 290
14085.8 3460.62 1115.83 0.998143 290
14025.5 3892.24 1409.48 1.18516 290
14091.8 3044.25 780.001 0.71746 291
14099.4 3471.95 1115.83 0.991581 291
14034.6 3904.37 1409.48 1.18336 291
14084.3 3044.11 757.925 0.715162 292
14095.8 3474.73 1100.55 0.993514 292
14025.6 3896.55 1385.17 1.18749 292
14078.6 3046.74 737.065 0.712828 293
14084.8 3468.03 1071.2 0.99607 293
14018.1 3891.39 1361.7 1.19157 293
14095.7 3483.69 1057.11 0.990626 294
14028.6 3919.44 1361.7 1.19299 294
14091.3 3055.18 698.61 0.681461 295
14092.4 3472.38 1030 0.984893 295
14031.3 3909.15 1339 1.18908 295
14082.7 3056.71 675.127 0.678642 296
14091.4 3478.84 1016.96 0.98586 296
14024.7 3905.65 1317.05 1.19277 296
14113.1 3071.18 686.668 0.657721 297
14096.6 3479.57 1004.25 0.979138 297
14032.3 3917.59 1317.05 1.19117 297
14105.1 3071.03 663.968 0.652958 298
14095.3 3484.99 991.853 0.979922 298
14025.6 3913.21 1295.81 1.19465 298
14090.9 3071.51 622.791 0.643205 299
14086.5 3484.55 956.43 0.980602 299
14013.7 3903.67 1255.31 1.2005 299
15345.1 4402.2 2434.55 0.767225 299
14093.5 3474.5 934.187 0.964995 300
14031.5 3913.24 1255.31 1.19082 300
15440.9 4449.61 2510.63 0.751888 300
14083.5 3465.92 892.668 0.961074 301
14024.4 3902.9 1217.27 1.19267 301
15348.8 4375.94 2362.94 0.750305 301
14083.9 3473.84 882.858 0.961115 302
14018.7 3902.02 1199.11 1.19632 302
15303.1 4350.54 2295.43 0.752412 302
14079.1 3477.8 863.872 0.962306 303
14014 3904.79 1181.47 1.2002 303
15309.9 4374.29 2295.43 0.753937 303
14086.7 3481.26 854.682 0.952879 304
14021.8 3916.82 1181.47 1.19762 304
15384.5 4429.53 2362.94 0.746565 304
14084.7 3481.2 836.876 0.949462 305
14020.5 3915.37 1164.35 1.19773 305
15344.6 4398.25 2295.43 0.74502 305
14075.4 3479.52 811.516 0.950842 306
14008.5 3903.33 1131.55 1.20278 306
15301.1 4379.18 2231.67 0.747769 306
14083.6 3476.37 780.001 0.928802 307
14021.8 3912.93 1115.83 1.19406 307
15346.6 4395.06 2231.67 0.73282 307
14080.6 3478.29 765.144 0.927392 308
14011 3899.08 1085.68 1.19757 308
15353.9 4413.37 2231.67 0.733392 308
14074.4 3478.14 743.89 0.926185 309
14008.2 3902.46 1071.2 1.19994 309
15314.3 4392.74 2171.35 0.734334 309
14077.4 3479.76 710.974 0.908719 310
14014.9 3919.17 1057.11 1.19758 310
15349.1 4423.56 2171.35 0.726342 310
14073.2 3481.01 692.587 0.905835 311
14007 3910.2 1030 1.20006 311
15312.5 4404.12 2114.21 0.72671 311
14070.4 3474.9 669.501 0.895083 312
14007.1 3899.3 1004.25 1.1949 312
15289.3 4373.81 2060 0.719404 312
14079.2 3476.93 658.525 0.878256 313
14015.8 3911.47 1004.25 1.1899 313
15407.5 4460.01 2171.35 0.710031 313
14013.9 3917.89 991.853 1.19195 314
15369.4 4443.82 2114.21 0.710988 314
14007.4 3913.76 967.953 1.19429 315
15334.5 4428.57 2060 0.711314 315
14002.7 3895.45 934.187 1.18993 316
15236.3 4339.45 1912.86 0.70519 316
14095.6 3499.61 613.283 0.837732 317
14020.9 3941.36 967.953 1.18796 317
15634.2 4662.12 2362.94 0.696817 317
14086.8 3497.03 573.858 0.821408 318
14018.7 3939.26 934.187 1.18461 318
14013.8 3937.68 912.956 1.18583 319
14074.4 3485.93 521.689 0.794767 320
14007 3914.1 873.262 1.18023 320
14001.3 3921.18 845.685 1.18285 321
13995.8 3908.1 803.401 1.17681 322
14000.1 3908.72 787.648 1.16806 323
13993.6 3912.81 757.925 1.16917 324
13995.7 3914.16 743.89 1.16289 325
14004.9 3927.76 743.89 1.1544 326
13998.4 3907.77 704.738 1.14563 327
13991.9 3902.43 680.848 1.14506 328
13997.5 3914.13 658.525 1.13151 329
13996 3909.6 637.62 1.12395 330
13991.4 3910.13 618.001 1.12238 331
13987.6 3909.62 599.553 1.11959 332
13993.5 3910.97 586.424 1.1041 333
13982.2 3915.22 550.275 1.10404 334
13984.5 3906.78 511.72 1.07417 335
13946.3 3831.39 365.182 1.00992 338
13979.4 3932.21 416.27 1.00177 340
