# x y d a f
13314.1 1387.36 1746.52 0.191512 10
13717.8 1734.65 2114.21 0.304067 10
12875.7 1093.62 1339 0.0449664 11
13314.1 1386.91 1746.52 0.191318 11
13717.8 1734.68 2114.21 0.30411 11
15238.9 1491.53 3651.82 0.121841 11
13314.2 1387.04 1746.52 0.191432 12
13717.9 1734.51 2114.21 0.30407 12
15239 1492.05 3651.82 0.121998 12
12875.7 1093.38 1339 0.044617 13
13314.2 1386.65 1746.52 0.191038 13
13718 1734.46 2114.21 0.303883 13
15239.1 1490.88 3651.82 0.121599 13
12875.7 1093.64 1339 0.0448621 14
13314.1 1386.98 1746.52 0.191257 14
13777 1752.29 2171.35 0.303655 14
15238.9 1491.31 3651.82 0.121737 14
13314.2 1386.85 1746.52 0.190996 15
13718 1734.54 2114.21 0.303804 15
15239.1 1491.79 3651.82 0.121761 15
12875.7 1094.69 1339 0.0449175 16
13314.1 1388.17 1746.52 0.191377 16
13717.8 1735.84 2114.21 0.304111 16
15238.9 1492.37 3651.82 0.121761 16
13314.1 1388.49 1746.52 0.191506 17
13717.8 1735.8 2114.21 0.304068 17
12875.8 1094.7 1339 0.0448125 18
13314.3 1388.09 1746.52 0.191239 18
13718.1 1735.43 2114.21 0.303851 18
15239.1 1491.72 3651.82 0.121544 18
12875.8 1094.37 1339 0.0448189 19
13314.2 1387.94 1746.52 0.191344 19
13718 1735.77 2114.21 0.304141 19
15239.2 1493.03 3651.82 0.121975 19
13314.2 1387.86 1746.52 0.191304 20
13777.1 1752.89 2171.35 0.303573 20
15239 1491.37 3651.82 0.121545 20
12875.8 1094.3 1339 0.0448717 21
13314.2 1387.6 1746.52 0.191245 21
13717.9 1735.46 2114.21 0.304082 21
15239.1 1492.99 3651.82 0.122003 21
13314.3 1388 1746.52 0.191513 22
13777.1 1752.52 2171.35 0.303536 22
15239.1 1491.96 3651.82 0.12177 22
13314.1 1388.92 1746.52 0.191913 23
13776.7 1753.75 2171.35 0.303988 23
15238.9 1494.62 3651.82 0.122419 23
13314 1388.93 1746.52 0.191776 24
13717.6 1736.78 2114.21 0.304513 24
15239 1495.62 3651.82 0.122606 24
12875.7 1095.21 1339 0.0447928 25
13314.2 1388.6 1746.52 0.191228 25
13718 1736.29 2114.21 0.303986 25
15239.1 1492.63 3651.82 0.121641 25
12875.8 1095.45 1339 0.0448289 26
13314.3 1388.95 1746.52 0.191312 26
13718 1736.34 2114.21 0.303931 26
15239 1491.92 3651.82 0.121411 26
12875.7 1096.47 1339 0.045335 27
13314 1390.05 1746.52 0.191746 27
13717.6 1737.97 2114.21 0.304515 27
15238.8 1495.12 3651.82 0.122172 27
13314.3 1389.38 1746.52 0.191453 28
13777.1 1754.27 2171.35 0.303637 28
15239.2 1494.76 3651.82 0.122106 28
13314.1 1390.27 1746.52 0.191858 29
13717.7 1738.05 2114.21 0.304548 29
12898.6 1095.91 1361.7 0.0441191 30
13314.3 1389.11 1746.52 0.191168 30
13718 1736.85 2114.21 0.303962 30
15239.2 1494.16 3651.82 0.121877 30
13314.3 1389.31 1746.52 0.191362 31
13718.1 1737.09 2114.21 0.304135 31
15239.2 1494.58 3651.82 0.122033 31
13310.9 1382.8 1746.52 0.187559 32
13716 1728.97 2114.21 0.300306 32
15236.1 1479.47 3651.82 0.117898 32
12873.2 1096.07 1339 0.0449769 33
13311.6 1389.76 1746.52 0.191526 33
13715.3 1737.41 2114.21 0.304216 33
15236.5 1494.97 3651.82 0.122097 33
13312.5 1389.14 1746.52 0.191155 34
13716.3 1736.95 2114.21 0.30398 34
15237.4 1493.11 3651.82 0.12159 34
13312.5 1388.82 1746.52 0.19099 35
13716.3 1736.77 2114.21 0.303909 35
15237.5 1494.17 3651.82 0.121866 35
13309.9 1390.07 1746.52 0.191447 36
13713.6 1738.23 2114.21 0.304372 36
15234.7 1495.15 3651.82 0.122026 36
12874 1097.07 1339 0.0453451 37
13312.3 1390.63 1746.52 0.191747 37
13715.9 1738.68 2114.21 0.30457 37
15237.2 1496.57 3651.82 0.122398 37
13312.3 1390.86 1746.52 0.191865 38
13715.9 1738.45 2114.21 0.304479 38
13313.9 1389.18 1746.52 0.190941 39
13717.7 1737.13 2114.21 0.303871 39
15238.9 1494.99 3651.82 0.121961 39
13311.2 1383.61 1746.52 0.187656 40
13716.3 1729.59 2114.21 0.300304 40
15236.5 1481.31 3651.82 0.118212 40
13311.2 1389.84 1746.52 0.191072 41
13715 1737.45 2114.21 0.30383 41
15236.1 1494.73 3651.82 0.121786 41
12872.7 1096.55 1339 0.0446548 42
13311.2 1390.19 1746.52 0.191253 42
13715 1737.52 2114.21 0.303858 42
15236 1493.66 3651.82 0.121511 42
13313 1389.93 1746.52 0.191148 43
13716.8 1737.86 2114.21 0.304021 43
15238 1494.95 3651.82 0.121859 43
12875.6 1097.5 1339 0.0453638 44
13313.9 1391.59 1746.52 0.19203 44
13717.5 1738.73 2114.21 0.304431 44
15238.7 1495.9 3651.82 0.12212 44
13314.4 1390.21 1746.52 0.191282 45
13718.2 1737.41 2114.21 0.303838 45
12876.2 1097.48 1339 0.0453047 46
13314.5 1391.34 1746.52 0.191869 46
13718.1 1739.05 2114.21 0.304531 46
15239.4 1497.4 3651.82 0.12249 46
13314.7 1390.5 1746.52 0.191615 47
13718.4 1737.92 2114.21 0.30419 47
15239.5 1493.76 3651.82 0.121638 47
12876.3 1096.51 1339 0.0448341 48
13314.8 1389.83 1746.52 0.191224 48
13718.6 1737.3 2114.21 0.303895 48
15239.7 1494.25 3651.82 0.121743 48
13314.8 1389.73 1746.52 0.19117 49
13718.5 1737.15 2114.21 0.303838 49
15239.7 1494.91 3651.82 0.121912 49
12876.1 1097.3 1339 0.0453064 50
13314.4 1390.87 1746.52 0.191721 50
13718.1 1738.84 2114.21 0.30452 50
15239.3 1496.81 3651.82 0.122387 50
13314.4 1391.17 1746.52 0.191846 51
13718 1738.92 2114.21 0.304529 51
15239.3 1497.04 3651.82 0.122432 51
12876 1097.39 1339 0.0452989 52
13314.3 1390.92 1746.52 0.191693 52
13777.1 1756.54 2171.35 0.304126 52
15239.2 1497.31 3651.82 0.122488 52
12849.2 1090.07 1317.05 0.0403967 53
13272.9 1375.73 1709.36 0.187136 53
13715.9 1727.61 2114.21 0.299393 53
15236 1478.09 3651.82 0.117291 53
13166.8 1349.56 1606.8 0.184794 54
14661.1 1405.87 3090 0.116399 54
13150.1 1342.33 1575.3 0.185748 55
14798.5 1413.8 3213.6 0.115224 55
12756.6 1062.12 1164.35 0.0252348 56
13153.9 1334.16 1545 0.185324 56
13495.8 1640.56 1868.37 0.301781 56
12749.4 1051.72 1131.55 0.0171109 57
13147.2 1323.37 1515.85 0.182542 57
14850 1386.26 3213.6 0.107617 57
12801.1 1052 1100.55 0.0168274 58
13223.3 1334.77 1515.85 0.189753 58
15230.9 2566.97 3493.05 0.404832 58
12773.7 1035.9 1016.96 -0.000209868 59
13168.4 1304.43 1409.48 0.181601 59
15115.9 2480.04 3347.5 0.400681 59
12784 1020.22 979.757 -0.0209984 60
13165.6 1283.21 1361.7 0.169446 60
15015.9 2390.27 3213.6 0.392071 60
12805.5 1033.32 956.43 -0.0156278 61
13181.9 1299.3 1339 0.179009 61
14908.2 2377.93 3090 0.403896 61
12779.5 1007.65 902.698 -0.0481835 62
13429.4 1547.99 1575.3 0.298744 62
13804 1779.74 1959.51 0.351525 62
14636.2 1300.42 2770.35 0.0875179 62
14680.5 2575.38 2869.29 0.489531 62
14911.7 2335.66 3090 0.39357 62
12762.6 1012.15 854.682 -0.0527912 63
13109.9 1266.66 1217.27 0.162899 63
14496.3 2491.39 2678 0.496349 63
14806.1 2306.54 2975.56 0.399443 63
12753.2 999.364 811.516 -0.0784163 64
13104.3 1251.75 1181.47 0.149737 64
14602.6 1287.98 2678 0.0808653 64
14597.4 2518.6 2770.35 0.491042 64
14821.6 2288.13 2975.56 0.393767 64
12724.9 1003.29 750.842 -0.0882583 65
13068.3 1246.03 1115.83 0.147055 65
13656.6 1717.5 1746.52 0.353201 65
14637.7 2213.38 2770.35 0.395873 65
14437 2433.77 2591.62 0.493998 65
12779 1006.66 772.501 -0.0919556 66
13127.8 1263.02 1147.72 0.150207 66
14616.5 2550.43 2770.35 0.501805 66
14848.5 2322.31 2975.56 0.402982 66
12744 1013.69 704.738 -0.103534 67
13082 1258.41 1071.2 0.147398 67
14382.8 2426.56 2510.63 0.505221 67
14667.5 2249.58 2770.35 0.405234 67
12784.9 1005.21 710.974 -0.126418 68
13111.9 1260.8 1071.2 0.139742 68
14359.1 2695.25 2510.63 0.593627 68
14640.5 2564.67 2770.35 0.505427 68
14989.7 2382.57 3090 0.404179 68
12843.5 1000.73 698.61 -0.162385 69
13173.7 1275.99 1071.2 0.131601 69
14964.9 2755.36 3090 0.510687 69
12809.1 996.58 663.968 -0.175115 70
13161.2 1265.32 1057.11 0.123522 70
14536.9 2810.87 2678 0.596873 70
14861.7 2681.09 2975.56 0.506205 70
15144.6 2444.41 3213.6 0.403342 70
13143.5 1278.31 979.757 0.121784 71
13497.1 1579.85 1385.17 0.300421 71
14412.6 2752.33 2510.63 0.608942 71
14793.8 2673.34 2869.29 0.516874 71
14957.1 2395.65 2975.56 0.412731 71
13185.8 1282.19 967.953 0.105936 72
13545 1595.48 1385.17 0.297088 72
14590 2881.97 2678 0.614258 72
14922.3 2752.86 2975.56 0.52055 72
13184.7 1276.81 912.956 0.087293 73
13509.9 1577.99 1295.81 0.29011 73
14633.5 2892.69 2678 0.613316 73
14968.3 2757.98 2975.56 0.51748 73
13180 1274.57 882.858 0.0784107 74
13532.8 1583.78 1295.81 0.288125 74
14648 2905.75 2678 0.616188 74
14984.6 2769.45 2975.56 0.519317 74
15284.9 2524.36 3213.6 0.410106 74
13178.4 1281.87 854.682 0.0781003 75
13517.8 1587.14 1255.31 0.292305 75
14586.4 2873.55 2591.62 0.621884 75
14904 2737.42 2869.29 0.524719 75
13189.1 1282.67 836.876 0.0693019 76
13524.6 1590.52 1236 0.291663 76
14602 2890.55 2591.62 0.625965 76
15017.8 2807 2975.56 0.527105 76
15323.4 2559.73 3213.6 0.41601 76
13180.7 1281.28 803.401 0.0599354 77
13512.4 1585.87 1199.11 0.289302 77
14769.3 1356.99 2362.94 0.051966 77
14548.5 2849.6 2510.63 0.627493 77
14941 2758.66 2869.29 0.527294 77
15122.8 2469.22 2975.56 0.415773 77
13207.5 1278.41 803.401 0.045997 78
13553.3 1596.12 1217.27 0.286145 78
14949 1360.38 2510.63 0.0466875 78
14634.5 2912.39 2591.62 0.629751 78
15053.8 2823.03 2975.56 0.528086 78
13205.2 1277.94 772.501 0.0347698 79
14902.6 1359.52 2434.55 0.0436275 79
14652 2924.77 2591.62 0.631993 79
15270.8 2533.56 3090 0.416065 79
15072.9 2834.92 2975.56 0.52956 79
13215.1 1278.18 757.925 0.0244243 80
14676 2928.58 2591.62 0.630139 80
15097.1 2837.99 2975.56 0.527592 80
15296.4 2531.1 3090 0.412295 80
13209.5 1277.1 723.785 0.0108176 81
13546.9 1591.02 1131.55 0.276613 81
14693.7 2942.87 2591.62 0.632795 81
15117 2848.86 2975.56 0.528555 81
15433.5 2590.28 3213.6 0.412226 81
13202.1 1267.32 663.968 -0.0275336 82
13526.5 1571.68 1057.11 0.259386 82
14671.2 2897.51 2510.63 0.628585 82
15071.8 2791.88 2869.29 0.521962 82
15371.6 2532.31 3090 0.403537 82
13196.5 1267.59 632.599 -0.0418087 83
13524 1571.04 1030 0.256072 83
14822.3 1628.51 2295.43 0.140334 83
14685.1 2913.6 2510.63 0.63236 83
15087.7 2806.53 2869.29 0.524509 83
15389.7 2547.19 3090 0.405594 83
13525 1573.55 979.757 0.250285 84
13879.8 1805.15 1385.17 0.345382 84
14655.9 2893.97 2434.55 0.637155 84
15868 1516.74 3213.6 0.0592727 84
15038.2 2782.13 2770.35 0.527754 84
13515.2 1570.96 945.178 0.246023 85
13880 1805.2 1361.7 0.344062 85
14670.4 2908.79 2434.55 0.640378 85
15898.3 1517.51 3213.6 0.0563889 85
15054.9 2794.6 2770.35 0.529463 85
13510.2 1571.55 912.956 0.242686 86
13882.8 1809.82 1339 0.344839 86
14685.7 2928.57 2434.55 0.645115 86
15930.5 1526.28 3213.6 0.055477 86
15367.2 2551.33 2975.56 0.409288 86
15072.4 2812.9 2770.35 0.532816 86
13514.1 1573.58 892.668 0.238898 87
13864.1 1804.94 1295.81 0.344526 87
14833.1 1640.26 2171.35 0.129001 87
14988.8 1344.86 2231.67 -0.00221735 87
14700.6 2944.62 2434.55 0.64852 87
15831.5 1526.03 3090 0.0543138 87
15089.4 2826.7 2770.35 0.534778 87
15493.6 2605.56 3090 0.408938 87
13503.7 1576.6 836.876 0.23454 88
13866.8 1813.01 1255.31 0.346273 88
15042.6 1355.71 2231.67 -0.00591839 88
14880.4 1658.71 2171.35 0.128116 88
14666.8 2933.03 2362.94 0.656649 88
15884 1544 3090 0.0535864 88
15038.1 2810.55 2678 0.540735 88
13495.9 1571.46 803.401 0.224764 89
13872.6 1810.67 1236 0.34109 89
14850.1 1650.05 2114.21 0.122495 89
15009.4 1349.07 2171.35 -0.0133934 89
14686.2 2942.84 2362.94 0.657042 89
15796 1531.59 2975.56 0.048146 89
15059.2 2817.5 2678 0.539789 89
15445.8 2594.78 2975.56 0.411145 89
13505.8 1579.68 787.648 0.224284 90
13878.4 1819.48 1217.27 0.343678 90
14877.1 1663.87 2114.21 0.123176 90
15038.8 1362.49 2171.35 -0.0127711 90
14645.3 2921.17 2295.43 0.66241 90
15824.4 1549.51 2975.56 0.0499655 90
15076.8 2838.58 2678 0.543873 90
15367.6 2574.21 2869.29 0.414993 90
13503.8 1571.89 765.144 0.210429 91
13864.3 1806.24 1181.47 0.335762 91
15002.8 1347.2 2114.21 -0.023209 91
14664 2922.5 2295.43 0.659709 91
15850.1 1530.02 2975.56 0.0410827 91
15097.3 2834.66 2678 0.539453 91
13496.4 1571.95 730.365 0.203764 92
13873.4 1810.83 1164.35 0.334015 92
15036 1347.97 2114.21 -0.028096 92
14682.4 2939.31 2295.43 0.662714 92
15882.8 1533.71 2975.56 0.0382677 92
15041.1 2806.11 2591.62 0.541848 92
15412.6 2578.5 2869.29 0.409432 92
13492.7 1575.58 680.848 0.192992 93
13870.1 1813.43 1115.83 0.331635 93
15032.6 1355.71 2060 -0.0345572 93
15937 1544.21 2975.56 0.0347676 93
14659.7 2929.46 2231.67 0.668996 93
15075.5 2832.75 2591.62 0.544988 93
15359.7 2564.18 2770.35 0.411237 93
13490.8 1570.73 653.172 0.17742 94
13866.5 1805.69 1085.68 0.323231 94
14683.6 2934.38 2231.67 0.666441 94
15968.3 1528.36 2975.56 0.0262006 94
15100.7 2833.9 2591.62 0.541168 94
15842.9 1883.87 2975.56 0.142752 94
15478.2 2598.47 2869.29 0.405298 94
13498.1 1577.87 637.62 0.17544 95
14698.6 2952.63 2231.67 0.670498 95
15758.8 1884.7 2869.29 0.144382 95
15046 2810.29 2510.63 0.544851 95
15405.1 2578.32 2770.35 0.408363 95
13492 1580.44 604.061 0.168404 96
15016.8 1369.78 1959.51 -0.0454371 96
14657.3 2942.57 2171.35 0.680317 96
15787.4 1907.54 2869.29 0.147538 96
15058.2 2838.23 2510.63 0.552267 96
15421.9 2605.61 2770.35 0.414159 96
13485.5 1573.84 546.531 0.133955 97
13870.6 1814.4 991.853 0.314266 97
15028.8 1354.45 1912.86 -0.0639604 97
15744.7 1885.83 2770.35 0.136534 97
15102.9 2850.46 2510.63 0.548351 97
15385.3 2576.42 2678 0.408339 97
13480.3 1578.96 515.001 0.123436 98
13860.8 1818.82 956.43 0.314361 98
15678.6 1892.48 2678 0.13788 98
15117.9 2875.93 2510.63 0.553419 98
15405.1 2598.17 2678 0.411088 98
13483.5 1587.71 467.094 0.0958926 99
13857 1826.27 902.698 0.308721 99
14827.6 1676.16 1746.52 0.0743323 99
14649.8 2953.88 2060 0.694373 99
15024.7 2834.6 2362.94 0.558621 99
15366.9 2597.73 2591.62 0.413444 99
13851.4 1821.02 845.685 0.289874 100
14643.3 2944.13 2008.5 0.695324 100
15006.8 2817.68 2295.43 0.555992 100
15339.5 2578.56 2510.63 0.407546 100
14555.1 1876.05 1487.78 0.189894 101
14625 2923.75 1959.51 0.694723 101
15031.1 2825.53 2295.43 0.552895 101
15296.2 2555 2434.55 0.403606 101
13851.2 1828.89 795.447 0.27963 102
14578.1 1892.17 1487.78 0.190716 102
14636.8 2945.53 1959.51 0.70015 102
15044.5 2848.87 2295.43 0.557714 102
15313.3 2577.69 2434.55 0.407264 102
13835.8 1812.76 750.842 0.255882 103
14631 2909.78 1912.86 0.689781 103
15023.5 2802.42 2231.67 0.544941 103
15348.5 2557.59 2434.55 0.39224 103
13828.5 1818.91 717.322 0.25318 104
14600.9 2911.17 1868.37 0.700886 104
15033.2 2834.4 2231.67 0.553726 104
15751.9 1910.84 2510.63 0.106734 104
15298.4 2563.05 2362.94 0.399676 104
13822.8 1819.58 686.668 0.24385 105
14612.7 2929.66 1868.37 0.705052 105
14996.6 2820.29 2171.35 0.556136 105
15319 2578.11 2362.94 0.399777 105
13821.3 1812.43 658.525 0.221852 106
14606.8 2901.67 1825.91 0.697013 106
15026.9 2813.65 2171.35 0.545632 106
15288 2541.27 2295.43 0.388048 106
13840.5 1832.34 653.172 0.226958 107
14606.3 2943.36 1825.91 0.714485 107
14980.4 2831.74 2114.21 0.562616 107
15297.3 2592.07 2295.43 0.403561 107
13832.2 1827.47 618.001 0.207852 108
14591.3 2928.71 1785.34 0.714609 108
14954.4 2812.94 2060 0.560576 108
15263.9 2572.74 2231.67 0.398839 108
13831 1817.23 586.424 0.174986 109
14596.4 2899.34 1746.52 0.7018 109
14992.7 2799.9 2060 0.544568 109
15245.8 2532.21 2171.35 0.382092 109
14613.6 2914.11 1746.52 0.702553 110
14968.4 2786.59 2008.5 0.543779 110
15270.6 2541.52 2171.35 0.378714 110
14170.5 2959.05 1339 0.915479 111
14567.2 2926.67 1673.75 0.725681 111
14945.2 2825.59 1959.51 0.562919 111
15248.1 2586.68 2114.21 0.394805 111
14176.8 2951.96 1317.05 0.912906 112
14530.5 1895.55 1131.55 0.101382 112
14592.4 2930.97 1673.75 0.718552 112
14973 2824.94 1959.51 0.553708 112
15278.7 2580.68 2114.21 0.38353 112
14188.8 2942.37 1295.81 0.906325 113
14595.3 2908.93 1639.59 0.708339 113
15005.2 2817.81 1959.51 0.540605 113
15261 2548.68 2060 0.369146 113
14218.1 1986.24 845.685 0.200209 114
14588.8 2904.38 1606.8 0.709052 114
14949.1 2786.58 1868.37 0.539491 114
15239.2 2542.79 2008.5 0.365984 114
14165.2 2912.59 1217.27 0.914521 115
14556.5 2880.05 1545 0.71082 115
14930.9 2780.65 1825.91 0.539681 115
15214.7 2540.05 1959.51 0.365079 115
14226.8 1996.16 803.401 0.182245 116
14186.9 2950.55 1236 0.922597 116
14593.9 2918.73 1575.3 0.713854 116
14985.7 2819.61 1868.37 0.540223 116
15285.8 2571.61 2008.5 0.362943 116
14202.4 1993.14 750.842 0.167208 117
14187.5 2958.46 1217.27 0.929885 117
14587.9 2918.52 1545 0.716142 117
14971 2814.67 1825.91 0.539402 117
15266 2568.02 1959.51 0.359973 117
14174.9 2949.16 1181.47 0.937093 118
14603.7 2935.05 1545 0.717344 118
14990.8 2828.56 1825.91 0.53794 118
15291.1 2578.14 1959.51 0.355975 118
14177.9 2945.99 1164.35 0.936721 119
14597.4 2924.11 1515.85 0.714663 119
14973.5 2813.7 1785.34 0.533898 119
15265.8 2564.98 1912.86 0.350829 119
14180 2956.19 1147.72 0.944423 120
14593.2 2925.97 1487.78 0.717021 120
14961.2 2812.32 1746.52 0.533639 120
15249.6 2564.41 1868.37 0.348052 120
14171.9 2948.82 1115.83 0.950239 121
14589.5 2923.34 1460.73 0.716966 121
14950.4 2805.36 1709.36 0.530503 121
15276.5 2571.32 1868.37 0.341888 121
14581.8 2927.42 1434.64 0.72197 122
14968 2824.54 1709.36 0.53189 122
15258.8 2574.75 1825.91 0.341583 122
14582.8 2928.19 1409.48 0.722832 123
14959.5 2823.03 1673.75 0.531377 123
15244.5 2576.06 1785.34 0.340004 123
14589 2918.86 1385.17 0.715947 124
14958.2 2807.12 1639.59 0.5215 124
15277.4 2569.84 1785.34 0.326694 124
14587.4 2919.62 1361.7 0.717592 125
14979.6 2819.36 1639.59 0.519088 125
15265.7 2567.05 1746.52 0.322656 125
14585.6 2927.97 1339 0.723346 126
14971.4 2825.04 1606.8 0.521514 126
15293 2585.7 1746.52 0.321964 126
14604.3 2934.8 1317.05 0.720881 127
14985.5 2824.55 1575.3 0.514031 127
15305 2581.92 1709.36 0.310774 127
14598.3 2940.67 1295.81 0.728365 128
14972 2830.25 1545 0.519671 128
15286.6 2591.49 1673.75 0.315207 128
14603.2 2939.5 1275.24 0.726852 129
14997 2836.66 1545 0.513575 129
15316.1 2591.89 1673.75 0.306024 129
14606.6 2941.74 1255.31 0.728214 130
14994.1 2833.27 1515.85 0.510776 130
15309.1 2587.7 1639.59 0.300542 130
14601.1 2930.66 1217.27 0.728079 131
14996.8 2827.91 1487.78 0.505945 131
15341 2589.24 1639.59 0.292002 131
14603.5 2936.93 1199.11 0.733569 132
15017.6 2842.17 1487.78 0.506482 132
15333.2 2590.56 1606.8 0.290139 132
14623.5 2955.47 1199.11 0.737363 133
15015.1 2846.56 1460.73 0.508605 133
15357.5 2604.97 1606.8 0.289705 133
14616.9 2947.48 1164.35 0.739457 134
15015.4 2842.05 1434.64 0.504861 134
15351.9 2597.26 1575.3 0.282393 134
14607.3 2940.33 1100.55 0.748081 135
15018 2841.98 1385.17 0.501697 135
15344.7 2593.23 1515.85 0.272445 135
14603.1 2938.69 1071.2 0.753493 136
15019 2843.17 1361.7 0.500954 136
15341.6 2592.3 1487.78 0.267953 136
14617 2942.86 1057.11 0.752426 137
15024.7 2841.94 1339 0.497057 137
15340.6 2590.72 1460.73 0.262252 137
14613.9 2942.49 1030 0.758215 138
15026.8 2842.78 1317.05 0.495668 138
15339.1 2589.08 1434.64 0.256894 138
14611.9 2943.75 1004.25 0.764893 139
15010.7 2836.13 1275.24 0.495798 139
15338.6 2588.86 1409.48 0.252031 139
14611.7 2941.26 956.43 0.77255 140
15017.2 2837.33 1236 0.492135 140
15335.1 2587.39 1361.7 0.242563 140
14606.2 2934.53 923.449 0.778782 141
15006.9 2829.76 1199.11 0.490966 141
15337.9 2584.7 1339 0.236492 141
14612.5 2943.42 892.668 0.793307 142
15027.2 2840.01 1181.47 0.491006 142
15356.3 2588.33 1317.05 0.229308 142
14608.6 2942.39 863.872 0.803763 143
15018.2 2835.73 1147.72 0.491823 143
15336.3 2583.51 1275.24 0.225071 143
14620.2 2943.56 845.685 0.805492 144
15030.2 2836.66 1131.55 0.488323 144
15363.5 2586.58 1275.24 0.218233 144
14612 2938.72 811.516 0.818374 145
15023.3 2834.54 1100.55 0.490688 145
14614 2939.07 787.648 0.829289 146
15020.5 2829.31 1071.2 0.490196 146
15352.5 2580.8 1217.27 0.208984 146
14622.4 2950.75 772.501 0.845365 147
15032.1 2834.92 1057.11 0.492517 147
15379.5 2584.48 1217.27 0.204011 147
14610.5 2940.76 730.365 0.86275 148
15030.2 2832.28 1030 0.494399 148
15384.4 2581.72 1199.11 0.198405 148
14625.1 2945.59 717.322 0.871718 149
15044.5 2835.99 1016.96 0.496393 149
15392.5 2584.55 1181.47 0.197259 149
15033.7 2841.95 967.953 0.515714 150
15394.4 2592.6 1147.72 0.199993 150
15055 2836.43 956.43 0.507255 151
15406.3 2580.73 1131.55 0.187147 151
15047.1 2832.55 923.449 0.513862 152
15412 2577.81 1115.83 0.182343 152
15024.2 2833.67 882.858 0.533001 153
15381.2 2584.75 1071.2 0.1915 153
15045 2827.1 873.262 0.523074 154
15407.6 2572.71 1071.2 0.17605 154
15033.7 2828.93 836.876 0.541305 155
15402.3 2581.44 1043.38 0.183639 155
15038.9 2819.11 811.516 0.540007 156
15400.4 2566.3 1016.96 0.171495 156
15040.1 2819.51 787.648 0.551687 157
15409.8 2564.35 1004.25 0.169119 157
15038.8 2819.74 757.925 0.567655 158
15408.9 2562.33 979.757 0.168675 158
15026.5 2812.88 717.322 0.583619 159
15395.4 2557.27 945.178 0.167503 159
15035.5 2809.3 698.61 0.588978 160
15408.5 2554.15 934.187 0.164147 160
15398.8 2563.31 882.858 0.170554 161
15367.9 2556.43 828.248 0.162318 162
15003.2 2804.29 535.601 0.664117 163
15339 2546.15 757.925 0.14505 163
15331.5 2547.98 723.785 0.141198 164
15333.9 2546.14 680.848 0.125101 165
15307 2539.07 554.07 0.0815923 169
15335.9 2536.53 528.553 0.0684786 170
15353.7 2537.21 518.323 0.0679496 171
