# x y d a f
12521.1 809.279 1409.48 -0.179896 8
13039.5 1096.2 1825.91 0.012432 8
13438.2 1430.29 2114.21 0.150704 8
12521.1 809.222 1409.48 -0.179936 9
13039.5 1096.11 1825.91 0.0123875 9
13438.1 1430.1 2114.21 0.150627 9
12521.1 809.263 1409.48 -0.179907 10
13039.5 1096.17 1825.91 0.0124182 10
13438.1 1429.92 2114.21 0.150557 10
12521.1 809.307 1409.48 -0.179876 11
13039.5 1096.31 1825.91 0.0124855 11
13438.2 1430.16 2114.21 0.150653 11
12521.1 809.377 1409.48 -0.179826 12
13039.6 1096.45 1825.91 0.012561 12
13438.1 1430.06 2114.21 0.150614 12
12521.1 809.319 1409.48 -0.179867 13
13039.6 1096.47 1825.91 0.0125692 13
13438.1 1429.98 2114.21 0.150583 13
12521.1 809.398 1409.48 -0.179811 14
13039.5 1096.26 1825.91 0.012463 14
13438.1 1430.11 2114.21 0.150633 14
12521.1 809.308 1409.48 -0.179875 15
13039.5 1096.35 1825.91 0.0125101 15
13438.2 1430.16 2114.21 0.150653 15
12521.1 809.305 1409.48 -0.179877 16
13039.5 1096.33 1825.91 0.012497 16
13438.2 1430.25 2114.21 0.150688 16
12521.1 809.338 1409.48 -0.179854 17
13039.5 1096.1 1825.91 0.0123832 17
13438.2 1430.21 2114.21 0.150674 17
12521.1 809.42 1409.48 -0.179796 18
13039.5 1096.34 1825.91 0.0125019 18
13438.2 1430.23 2114.21 0.150682 18
12521.1 809.486 1409.48 -0.179749 19
13039.5 1096.21 1825.91 0.0124357 19
13438.2 1430.11 2114.21 0.150634 19
12521.1 809.306 1409.48 -0.179877 20
13039.5 1096.3 1825.91 0.0124805 20
13438.2 1430.33 2114.21 0.150721 20
12521.1 809.252 1409.48 -0.179915 21
13039.5 1096.14 1825.91 0.0124001 21
13438.2 1430.16 2114.21 0.150652 21
12521.1 809.329 1409.48 -0.179861 22
13039.5 1096.38 1825.91 0.0125243 22
13438.2 1430.16 2114.21 0.150653 22
12521.1 809.298 1409.48 -0.179883 23
13039.5 1096.29 1825.91 0.0124767 23
13438.2 1430.26 2114.21 0.150692 23
12521.1 809.284 1409.48 -0.179892 24
13039.5 1096.27 1825.91 0.0124648 24
13438.2 1430.22 2114.21 0.150678 24
12521.1 809.252 1409.48 -0.179915 25
13039.5 1096.3 1825.91 0.0124835 25
13438.1 1430.11 2114.21 0.150632 25
12521.1 809.267 1409.48 -0.179905 26
13039.5 1096.19 1825.91 0.0124238 26
13438.2 1430.43 2114.21 0.150761 26
12521 809.169 1409.48 -0.179974 27
13039.5 1096.25 1825.91 0.0124593 27
13438.2 1430.19 2114.21 0.150665 27
12521.1 809.233 1409.48 -0.179928 28
13039.5 1096.33 1825.91 0.0124998 28
13438.2 1430.21 2114.21 0.150672 28
12521.1 809.309 1409.48 -0.179875 29
13039.5 1096.23 1825.91 0.0124473 29
13438.1 1430.02 2114.21 0.150599 29
12521.1 809.42 1409.48 -0.179796 30
13039.5 1096.23 1825.91 0.0124488 30
13438.1 1430.11 2114.21 0.150634 30
12521.1 809.228 1409.48 -0.179932 31
13039.5 1096.3 1825.91 0.0124805 31
13438.2 1430.22 2114.21 0.150675 31
12521.1 809.432 1409.48 -0.179788 32
13039.5 1096.19 1825.91 0.0124285 32
13438.2 1430.42 2114.21 0.150756 32
12521.1 809.34 1409.48 -0.179853 33
13039.5 1096.24 1825.91 0.0124537 33
13438.1 1430 2114.21 0.150588 33
12521.1 809.35 1409.48 -0.179845 34
13039.6 1096.43 1825.91 0.0125484 34
13438.1 1430.11 2114.21 0.150633 34
12521.1 809.463 1409.48 -0.179766 35
13039.5 1096.21 1825.91 0.0124394 35
13438.2 1430.36 2114.21 0.150731 35
12521.1 809.409 1409.48 -0.179804 36
13039.5 1096.27 1825.91 0.0124663 36
13438.2 1430.23 2114.21 0.150679 36
12521.1 809.41 1409.48 -0.179803 37
13039.5 1096.39 1825.91 0.0125265 37
13438.1 1430.02 2114.21 0.150598 37
12521.1 809.273 1409.48 -0.1799 38
13039.5 1096.3 1825.91 0.0124805 38
13438.1 1429.99 2114.21 0.150585 38
12521.1 809.333 1409.48 -0.179857 39
13039.5 1096.31 1825.91 0.0124887 39
13438.2 1430.15 2114.21 0.150647 39
12521.1 809.306 1409.48 -0.179877 40
13039.5 1096.39 1825.91 0.0125282 40
13438.2 1430.11 2114.21 0.150633 40
12521.1 809.344 1409.48 -0.17985 41
13039.5 1096.27 1825.91 0.0124663 41
13438.2 1430.11 2114.21 0.150634 41
12521.1 809.352 1409.48 -0.179844 42
13039.5 1096.24 1825.91 0.0124543 42
13438.2 1430.33 2114.21 0.15072 42
12521.1 809.245 1409.48 -0.179919 43
13039.5 1096.28 1825.91 0.0124738 43
13438.2 1430.09 2114.21 0.150622 43
12521.1 809.354 1409.48 -0.179844 44
13039.5 1096.34 1825.91 0.0125004 44
13438.2 1430.14 2114.21 0.150646 44
12521.1 809.318 1409.48 -0.179868 45
13039.5 1096.4 1825.91 0.0125343 45
13438.1 1430.01 2114.21 0.150592 45
12521.1 809.301 1409.48 -0.17988 46
13039.5 1096.23 1825.91 0.0124465 46
13438.2 1429.97 2114.21 0.150574 46
12521.1 809.411 1409.48 -0.179802 47
13039.5 1096.27 1825.91 0.0124681 47
13438.2 1430.13 2114.21 0.150637 47
12521.1 809.237 1409.48 -0.179926 48
13039.6 1096.49 1825.91 0.0125794 48
13438.2 1430.26 2114.21 0.150694 48
12521.1 809.33 1409.48 -0.17986 49
13039.5 1096.32 1825.91 0.01249 49
13438.2 1430.18 2114.21 0.150658 49
12521.1 809.367 1409.48 -0.179834 50
13039.5 1096.36 1825.91 0.0125124 50
13438.2 1430.14 2114.21 0.150644 50
12521.1 809.399 1409.48 -0.179811 51
13039.5 1096.26 1825.91 0.0124615 51
13438.1 1430.1 2114.21 0.150627 51
12521.1 809.284 1409.48 -0.179892 52
13039.5 1096.19 1825.91 0.0124253 52
13438.2 1430.2 2114.21 0.150669 52
12521.1 809.329 1409.48 -0.17986 53
13039.5 1096.24 1825.91 0.0124499 53
13438.1 1429.99 2114.21 0.150584 53
12521.1 809.398 1409.48 -0.179811 54
13039.5 1096.21 1825.91 0.012439 54
13438.2 1430.21 2114.21 0.150673 54
12521.1 809.36 1409.48 -0.179838 55
13039.6 1096.43 1825.91 0.0125484 55
13438.1 1430.06 2114.21 0.150614 55
12521.1 809.275 1409.48 -0.179899 56
13039.5 1096.18 1825.91 0.0124236 56
13438.1 1430.01 2114.21 0.150592 56
12521.1 809.381 1409.48 -0.179824 57
13039.5 1096.2 1825.91 0.012433 57
13438.2 1430.28 2114.21 0.150702 57
12521.1 809.463 1409.48 -0.179766 58
13039.5 1096.09 1825.91 0.0123776 58
13438.1 1430.06 2114.21 0.150612 58
12521.1 809.3 1409.48 -0.17988 59
13039.5 1096.04 1825.91 0.0123496 59
13438.1 1429.92 2114.21 0.150555 59
12521.1 809.399 1409.48 -0.179811 60
13039.5 1096.23 1825.91 0.0124472 60
13438.2 1430.16 2114.21 0.150653 60
12521.1 809.339 1409.48 -0.179853 61
13039.5 1096.19 1825.91 0.0124275 61
13438.2 1430.11 2114.21 0.150633 61
12521.1 809.317 1409.48 -0.179869 62
13039.5 1096.28 1825.91 0.0124735 62
13438.1 1430.04 2114.21 0.150605 62
12521.1 809.279 1409.48 -0.179896 63
13039.5 1096.29 1825.91 0.0124782 63
13438.1 1429.99 2114.21 0.150586 63
12521.1 809.33 1409.48 -0.17986 64
13039.5 1096.36 1825.91 0.0125112 64
13438.1 1430.04 2114.21 0.150605 64
12521.1 809.355 1409.48 -0.179842 65
13039.5 1096.14 1825.91 0.0123999 65
13438.1 1430.07 2114.21 0.150617 65
12521.1 809.388 1409.48 -0.179819 66
13039.5 1096.28 1825.91 0.0124744 66
13438.2 1430.23 2114.21 0.150679 66
12521.1 809.345 1409.48 -0.17985 67
13039.5 1096.39 1825.91 0.012527 67
13438.2 1430.12 2114.21 0.150637 67
12521.1 809.33 1409.48 -0.17986 68
13039.5 1096.23 1825.91 0.0124471 68
13438.2 1430.22 2114.21 0.150676 68
12521.1 809.194 1409.48 -0.179956 69
13039.5 1096.31 1825.91 0.0124849 69
13438.1 1430.09 2114.21 0.150624 69
12521.1 809.403 1409.48 -0.179811 70
13039.5 1096.5 1825.91 0.0125844 70
13438.1 1430.33 2114.21 0.150726 70
12521.1 809.329 1409.48 -0.17986 71
13039.5 1096.29 1825.91 0.0124772 71
13438.1 1429.98 2114.21 0.150579 71
12521.1 809.296 1409.48 -0.179884 72
13039.4 1096.03 1825.91 0.0123468 72
13438.2 1430.14 2114.21 0.150646 72
12521.1 809.325 1409.48 -0.179863 73
13039.5 1096.12 1825.91 0.0123922 73
13438.2 1430.23 2114.21 0.150677 73
12521.1 809.442 1409.48 -0.17978 74
13039.5 1096.2 1825.91 0.0124318 74
13438.1 1430.11 2114.21 0.150633 74
12521.1 809.296 1409.48 -0.179884 75
13039.5 1096.29 1825.91 0.0124773 75
13438.2 1430.18 2114.21 0.150659 75
12520.7 808.055 1409.48 -0.180761 76
13039 1094.7 1825.91 0.011669 76
13437.7 1428.68 2114.21 0.150065 76
12467.2 794.878 1361.7 -0.196567 77
12988 1072.8 1785.34 0.000702231 77
13425.5 1404.22 2114.21 0.140832 77
12449.9 814.633 1317.05 -0.184638 78
12973.1 1099.9 1746.52 0.017917 78
13389.8 1435.56 2060 0.159997 78
12410.1 824.43 1255.31 -0.182362 79
12958.4 1109.09 1709.36 0.025697 79
13360.1 1445.3 2008.5 0.169685 79
12419.2 818.775 1199.11 -0.180927 80
12919.3 1106.6 1606.8 0.0359808 80
12400.9 814.05 1147.72 -0.185592 81
12921.1 1098.4 1575.3 0.036869 81
12425.9 803.262 1100.55 -0.186512 82
12930.5 1086.99 1515.85 0.0426597 82
12408.1 799.264 1043.38 -0.191988 83
12939.3 1079.86 1487.78 0.0446081 83
12425.2 785.005 967.953 -0.201648 84
12944.1 1064.66 1409.48 0.0499481 84
13367.6 1395.79 1746.52 0.206794 84
12423.4 759.477 892.668 -0.23136 85
12938.3 1034.19 1339 0.0409093 85
13349.4 1357.51 1673.75 0.204315 85
12412.3 742.403 845.685 -0.257003 86
12924.6 1012.7 1295.81 0.0306628 86
13338.4 1332.94 1639.59 0.199457 86
12409.9 725.114 772.501 -0.293306 87
12924.5 992.93 1236 0.0215503 87
13353.9 1314.17 1606.8 0.198475 87
12441.2 728.472 723.785 -0.303756 88
12954.7 1006.12 1199.11 0.0336554 88
13374.7 1335.35 1575.3 0.217344 88
13800.7 1648.12 1959.51 0.313778 88
12424.5 719.923 663.968 -0.340066 89
12923.1 993.704 1131.55 0.0243458 89
13343.1 1317.06 1515.85 0.215393 89
13774.4 1626.46 1912.86 0.313424 89
12412.1 711.006 604.061 -0.383137 90
12932.3 981.604 1100.55 0.0127244 90
13347.2 1305.47 1487.78 0.212396 90
13753.6 1607.17 1868.37 0.313284 90
12920.3 994.004 1004.25 0.0178183 91
13313.3 1310.09 1385.17 0.227247 91
13685.8 1601.77 1746.52 0.331432 91
14124.3 1959.59 2171.35 0.410904 91
12841.5 964.894 892.668 -0.0179228 92
13193 1251.5 1236 0.205554 92
13539.8 1511.9 1575.3 0.312578 92
13840.8 1789.31 1868.37 0.394191 92
12830.1 974.27 845.685 -0.0180329 93
13169.7 1252.83 1181.47 0.209419 93
13479.4 1498.54 1487.78 0.317859 93
13780.7 1770.01 1785.34 0.399657 93
12883.6 1001.8 803.401 -0.017001 94
13232.3 1295.05 1164.35 0.227668 94
13572.5 1565.35 1515.85 0.341799 94
12875.9 999.127 730.365 -0.0470245 95
13210.3 1287.3 1085.68 0.220784 95
13540.2 1550.6 1434.64 0.341145 95
12835.9 992.269 658.525 -0.0749807 96
13171.6 1267.45 1016.96 0.207612 96
13495.6 1519.78 1361.7 0.331781 96
13202.7 1248.25 1016.96 0.179873 97
13545.6 1508.34 1385.17 0.312936 97
13842.8 1782 1709.36 0.404789 97
14010.4 2133.64 1912.86 0.524762 97
13197 1262.95 967.953 0.179524 98
13536.1 1523.67 1339 0.318747 98
13870.1 1815.48 1709.36 0.41315 98
14027.6 2167.74 1912.86 0.535201 98
13177.9 1239.91 912.956 0.151338 99
13524.8 1498.85 1295.81 0.301702 99
13862.1 1786.78 1673.75 0.400215 99
14005.4 2128.87 1868.37 0.526535 99
13170.6 1251.8 836.876 0.144325 100
13492.1 1500.39 1199.11 0.303903 100
13792.9 1770.59 1545 0.406804 100
13935.9 2097.82 1746.52 0.534868 100
13134.7 1246.51 750.842 0.13145 101
13440.3 1484.32 1100.55 0.301838 101
13725.4 1742.39 1434.64 0.40897 101
13835.9 2040.18 1606.8 0.540631 101
13137 1256.94 710.974 0.129031 102
13436.5 1491.19 1057.11 0.304616 102
13808.4 2029.96 1545 0.547306 102
13162.7 1250.13 647.904 0.0802948 103
13479.1 1489.79 1016.96 0.281849 103
13927.7 2077.28 1606.8 0.54054 103
14002.2 2475.22 1785.34 0.691821 103
13215.3 1266.1 632.599 0.0504308 104
13564.7 1525.22 1043.38 0.272827 104
13885 1812.06 1434.64 0.40053 104
14060.6 2171.06 1709.36 0.545686 104
14138.4 2604.58 1912.86 0.701393 104
13194.5 1265.68 569.788 0.0201276 105
13553.1 1524.35 991.853 0.263511 105
13894.9 1819.29 1409.48 0.397695 105
14086.6 2191.8 1709.36 0.54744 105
14155.6 2627.24 1912.86 0.706778 105
13619.2 1562.73 979.757 0.259197 106
13988.1 1879.38 1434.64 0.401998 106
14178.3 2269.01 1746.52 0.557385 106
14280.4 2755.08 2008.5 0.7204 106
13586.7 1551.83 902.698 0.243687 107
13938.6 1855.61 1339 0.395348 107
14119.2 2228.96 1639.59 0.555737 107
13976.2 1865.46 1339 0.385703 108
14181 2261.68 1673.75 0.552072 108
14293.8 2758.84 1959.51 0.723083 108
14268.1 2327.62 1709.36 0.554166 109
14379.5 2845.78 2008.5 0.729939 109
14176.9 2271.48 1545 0.551688 110
14310.1 2783.47 1868.37 0.733297 110
13928.3 1866.3 1115.83 0.366846 111
14133.2 2252.89 1460.73 0.556516 111
14263.7 2756.09 1785.34 0.742828 111
14129.7 2238.05 1385.17 0.547059 112
14257.4 2733.72 1709.36 0.741622 112
14170.1 2260.87 1385.17 0.545515 113
14287.5 2762.98 1709.36 0.747135 113
14157.1 2265.01 1275.24 0.552266 114
14277.4 2757.38 1606.8 0.759946 114
14196.6 2282.08 1275.24 0.544056 115
14308.8 2780.64 1606.8 0.75984 115
14179 2283.98 1181.47 0.542337 116
14293.4 2771.6 1515.85 0.76527 116
14293.8 3251.55 1746.52 0.940398 116
14227.9 2353.97 1164.35 0.558999 117
14335.3 2859.86 1515.85 0.791103 117
14315.5 3343.26 1746.52 0.970983 117
14204.7 2330.78 1085.68 0.54619 118
14314.1 2824.15 1434.64 0.787049 118
14303.4 3303.78 1673.75 0.970924 118
14020 1926.76 692.587 0.212283 119
14216.2 2308.96 1057.11 0.517193 119
14349.3 2821.77 1434.64 0.769074 119
14338.2 3306.2 1673.75 0.958787 119
14187.1 2279.38 1016.96 0.506575 120
14317 2779.46 1385.17 0.763697 120
14320 3270.05 1639.59 0.955597 120
14348.2 2830.35 1317.05 0.785308 121
14319.2 3290.67 1545 0.986026 121
14308.4 2802.28 1199.11 0.795696 122
14301.4 3272.04 1460.73 1.00105 122
14330.5 2804.18 1181.47 0.786727 123
14312.5 3266.62 1434.64 1.00043 123
14299.4 2761.32 1100.55 0.778578 124
14290.1 3217.97 1361.7 0.999417 124
14188.3 2305.94 692.587 0.451233 125
14316.5 2787.57 1085.68 0.78692 125
14294.8 3235.44 1339 1.01203 125
14207.2 2296.25 658.525 0.411029 126
14325.2 2771.35 1043.38 0.772012 126
14301.4 3213.11 1295.81 1.00714 126
14147.3 2259.81 554.07 0.370142 127
14249.4 3107.87 1164.35 0.999555 127
14295 2705.02 912.956 0.733369 128
14273.7 3122.13 1164.35 0.991751 128
14278.1 2719.43 836.876 0.737475 129
14249.5 3120.4 1085.68 1.0091 129
14261.7 3111.43 1057.11 0.996114 130
14218.1 2648.91 627.657 0.671583 131
14215.9 3031.58 902.698 0.98774 131
14290.3 3101.22 967.953 0.961458 132
14293.5 3139.68 923.449 0.967523 133
14296.1 3161.25 902.698 0.9689 134
14303.4 3150.65 723.785 0.898841 137
14135.4 3564.52 991.853 1.2702 137
14145.3 3587.31 945.178 1.25971 138
14159.6 3547.83 882.858 1.22568 139
14162 3550.11 819.797 1.20244 140
13944.4 3937.41 1085.68 1.4911 140
14158.1 3533.56 757.925 1.18583 141
13942.5 3925.46 1043.38 1.49406 141
14151.6 3593.29 717.322 1.18201 142
13926.7 3983.08 1016.96 1.51052 142
14153.6 3568.04 647.904 1.13903 143
13937.1 3967.2 967.953 1.49565 143
14171.5 3580.88 618.001 1.09326 144
13952.7 3968.79 934.187 1.47569 144
13690.7 4279.32 1164.35 1.69823 144
14151.3 3607.95 546.531 1.06635 145
13931.6 3971.42 854.682 1.48201 145
13668.7 4296.18 1115.83 1.71745 145
13931.7 3927.15 772.501 1.46417 146
13684.2 4236.45 1030 1.7113 146
13930.9 3870.91 675.127 1.44042 147
13700.5 4170.88 934.187 1.70366 147
13680 4281.12 1004.25 1.7073 148
13680.2 4270.65 912.956 1.70711 149
13678.4 4342.77 945.178 1.69336 150
13297.5 4674.81 1255.31 1.93206 150
13674.1 4347.24 912.956 1.68895 151
13297 4664.44 1217.27 1.93663 151
13919.3 4008 502.126 1.29481 152
13660.7 4349.57 845.685 1.68437 152
13290.3 4648.76 1147.72 1.94767 152
13660.2 4345.45 803.401 1.67436 153
13284.9 4662.27 1131.55 1.94892 153
13643.6 4361.21 743.89 1.66506 154
13264.9 4675.54 1085.68 1.96031 154
13264.2 4680.06 1057.11 1.95932 155
12950.1 4955.55 1361.7 2.08057 155
13297.1 4641.3 979.757 1.94416 156
12991.3 4922.86 1295.81 2.07017 156
13274.7 4661.62 967.953 1.95388 157
12960.9 4947.89 1295.81 2.08184 157
13645 4352.01 528.553 1.54725 158
13272.9 4673.36 912.956 1.94494 158
12956.6 4962.39 1255.31 2.0824 158
12982.4 4922.35 1181.47 2.08157 159
12988.8 4902.06 1100.55 2.08548 160
13016 4893.78 1085.68 2.06876 161
13020.2 4905.12 1057.11 2.06127 162
12973 4935.8 1016.96 2.08108 163
13015.1 4938.36 967.953 2.0382 164
13290.7 4666.93 573.858 1.82674 165
12986.9 4954.66 956.43 2.04755 165
12938 4979.48 923.449 2.06159 166
12985.8 4968.33 892.668 2.02242 167
12974.7 4985.31 811.516 1.98103 168
12973.8 4987.43 717.322 1.92548 170
