# x y d a f
13080.9 3233.66 4463.34 -0.52591 225
14272.6 2720.56 5738.58 -0.500253 225
13257.1 2533.35 2869.29 -0.777517 237
14345 1927.77 4017 -0.69765 237
13977.8 1639.9 4017 -0.809637 237
13321.9 2516.73 2770.35 -0.753209 238
14118.2 1555.76 4017 -0.791313 238
13276.3 922.761 4017 -1.0489 238
14682.9 1715.91 4228.43 -0.674619 238
13552 2493.17 2770.35 -0.689184 239
14996.6 1740.01 4228.43 -0.61447 239
14379.8 1553.56 4017 -0.737046 239
14569 772.98 10042.5 -0.264949 329
13430.8 663.014 8926.68 -0.309221 329
14673 1824.46 8926.68 -0.155833 332
12083.7 1379.48 1912.86 0.0169274 356
12551.5 1672.29 2295.43 0.130171 356
12423.9 590.946 2434.55 -0.307841 356
15395.8 1808.39 5021.26 0.0864835 356
12444 1942.02 1785.34 0.277564 357
12792.3 1422.95 1825.91 0.0229591 358
13103.3 1710.31 2060 0.146328 358
12731.2 942.313 1295.81 -0.0223416 366
13197.2 1168.83 1639.59 0.106037 367
15126.5 1103.68 3493.05 0.0346933 367
12771.3 928.886 1295.81 -0.0341988 368
13163.4 1181.43 1606.8 0.115157 368
12648.1 916.986 1147.72 -0.0511328 369
15432.9 1097.66 3825.72 0.0296547 369
13207.8 1165.83 1575.3 0.106326 370
13462.9 1447.47 1785.34 0.234455 370
15299.7 1110.84 3651.82 0.0327567 370
12784.8 967.442 1071.2 -0.0337612 371
13193.1 1234.19 1460.73 0.1486 371
13461.8 1525.03 1709.36 0.281442 371
15086.4 1268.07 3347.5 0.0766348 371
15164 2425.24 3347.5 0.385416 371
12766.6 961.479 1004.25 -0.053481 372
13159.6 1217.74 1385.17 0.137457 372
13427.2 1499.78 1639.59 0.274275 372
14866.9 1232.56 3090 0.0680123 372
15041.6 2343.89 3213.6 0.379248 372
12768.6 955.702 912.956 -0.0937894 373
13108.9 1200.26 1255.31 0.117548 373
14624.1 1201.84 2770.35 0.0551229 373
14613.9 2468.66 2770.35 0.468778 373
14821 2230.85 2975.56 0.374275 373
12733.9 949.853 828.248 -0.128243 374
13044.5 1184.22 1147.72 0.100644 374
14444 2358.12 2591.62 0.463017 374
14729.1 2172.41 2869.29 0.367714 374
12738.2 946.235 730.365 -0.189682 375
13071.5 1181.33 1085.68 0.0719249 375
13369.4 1453.89 1409.48 0.242689 375
14221.9 2498.45 2362.94 0.549664 375
14548.5 2401.23 2678 0.462626 375
14763.2 2178.89 2869.29 0.364961 375
13099 1153.59 1071.2 0.0311804 376
13431 1434.41 1434.64 0.213561 376
13932.7 1655.87 1959.51 0.267799 376
14776 1438.96 2770.35 0.113885 376
14456.4 2584.72 2591.62 0.533559 376
14854.8 2490.09 2975.56 0.444397 376
15124.1 2247.88 3213.6 0.344279 376
13106.8 1221.4 967.953 0.0521519 377
13427.5 1511.86 1339 0.250014 377
14613.3 1555.41 2510.63 0.151833 377
14388.9 2686.07 2510.63 0.581701 377
14770.9 2603.93 2869.29 0.49026 377
15040.7 2378.53 3090 0.388202 377
13152.5 1192.11 945.178 -0.00160645 378
14235.7 2866.93 2362.94 0.672295 378
14657.6 2845.27 2770.35 0.579425 378
13182.6 1253.08 845.685 0.00135825 379
14310 2986.35 2362.94 0.702138 379
14653.1 2914.35 2678 0.607093 379
15097.2 2838.44 3090 0.509832 379
15425.7 2589.1 3347.5 0.399644 379
13285.8 1293.72 854.682 -0.00597521 380
13759.2 1679.61 1409.48 0.263704 380
15862.5 1867.01 3493.05 0.160268 380
15711.9 3785.69 3825.72 0.636888 380
16772 3279.2 4725.89 0.42103 380
16183.8 3568.56 4228.43 0.534524 380
13798.7 1741.15 1361.7 0.292776 381
16257.7 2215.56 3825.72 0.227859 382
17069 4629.67 5021.26 0.621677 382
15068 2251.13 2510.63 0.350292 383
16894.8 1790.35 3825.72 0.135482 387
15613 1679.04 2434.55 0.177961 388
15515 869.925 2114.21 -0.0611932 394
