# x y d a f
13540 1397.61 3347.5 -0.0321166 1
13128.4 1107.23 3090 -0.124726 1
13542.1 1401.74 3347.5 -0.0313132 2
13130.7 1111.05 3090 -0.123914 2
13540.7 1397.89 3347.5 -0.0322068 3
13129.4 1107.99 3090 -0.124676 3
13540.7 1398.25 3347.5 -0.0320813 4
13129 1107.62 3090 -0.124765 4
13540.2 1397.92 3347.5 -0.0321474 5
13128.5 1107.36 3090 -0.124819 5
13539.9 1397.67 3347.5 -0.0322003 6
13128.4 1107.49 3090 -0.124759 6
13540.2 1398.33 3347.5 -0.0320097 7
13128.3 1107.17 3090 -0.124849 7
13540 1397.96 3347.5 -0.0320934 8
13128.3 1107.26 3090 -0.124801 8
13540 1397.77 3347.5 -0.0321365 9
13128.4 1107.39 3090 -0.124751 9
13540 1397.88 3347.5 -0.0321072 10
13128.4 1107.38 3090 -0.124754 10
13540 1397.88 3347.5 -0.0321003 11
13128.4 1107.44 3090 -0.124726 11
13540.2 1398.2 3347.5 -0.0319981 12
13128.5 1107.46 3090 -0.124704 12
13540 1397.6 3347.5 -0.0321578 13
13128.5 1107.45 3090 -0.124699 13
13539.9 1397.4 3347.5 -0.0322087 14
13128.4 1107.28 3090 -0.12475 14
13541.1 1400.4 3347.5 -0.0313775 15
13129.7 1109.59 3090 -0.124025 15
13540.6 1397.34 3347.5 -0.0322234 16
13129.2 1107.4 3090 -0.12471 16
13540.8 1398.19 3347.5 -0.0319983 17
13129 1107.21 3090 -0.12478 17
13540.4 1397.87 3347.5 -0.0321006 18
13128.8 1107.47 3090 -0.124711 18
13540.2 1397.55 3347.5 -0.0321876 19
13128.7 1107.28 3090 -0.124774 19
13540.2 1397.68 3347.5 -0.0321541 20
13128.7 1107.49 3090 -0.124711 20
13540.2 1397.98 3347.5 -0.0320733 21
13128.5 1107.32 3090 -0.124765 21
13539.7 1397.05 3347.5 -0.0323299 22
13128.4 1107.22 3090 -0.124797 22
13541.1 1400.65 3347.5 -0.0313303 23
13130 1110.24 3090 -0.123846 23
13540.6 1397.75 3347.5 -0.0321445 24
13129.1 1107.51 3090 -0.124712 24
13540.4 1397.71 3347.5 -0.0321627 25
13128.9 1107.5 3090 -0.124727 25
13540.4 1397.93 3347.5 -0.0321074 26
13128.8 1107.58 3090 -0.124704 26
13540.1 1397.27 3347.5 -0.0322896 27
13128.8 1107.48 3090 -0.124738 27
13541.2 1400.62 3347.5 -0.0313646 28
13129.9 1110.02 3090 -0.123943 28
13540.7 1397.71 3347.5 -0.0321696 29
13129.2 1107.37 3090 -0.124776 29
13540.7 1398.13 3347.5 -0.0320636 30
13129 1107.42 3090 -0.12477 30
13540.4 1398.05 3347.5 -0.0320935 31
13128.7 1107.53 3090 -0.124743 31
13540.3 1398.33 3347.5 -0.0320124 32
13128.7 1107.78 3090 -0.12466 32
13540.1 1397.96 3347.5 -0.0321102 33
13128.5 1107.61 3090 -0.124708 33
13540.2 1398.33 3347.5 -0.0320017 34
13128.4 1107.26 3090 -0.124812 34
13540.7 1397.8 3347.5 -0.0321319 35
13129.2 1107.5 3090 -0.124718 35
13540.6 1398.27 3347.5 -0.032013 36
13128.8 1107.42 3090 -0.124755 36
13540.2 1397.93 3347.5 -0.032107 37
13128.5 1107.28 3090 -0.124801 37
13540.1 1397.89 3347.5 -0.0321106 38
13128.7 1108.02 3090 -0.124556 38
13540.5 1398.96 3347.5 -0.0318103 39
13128.5 1107.69 3090 -0.124656 39
13542.9 1392.98 3347.5 -0.0334591 40
13130.9 1103.21 3090 -0.126052 40
13542.1 1390.54 3347.5 -0.0341625 41
13130 1101.19 3090 -0.126711 41
13542.3 1390.86 3347.5 -0.0340744 42
13130.1 1101.32 3090 -0.126672 42
13542.6 1398.33 3347.5 -0.0321283 43
13131.2 1108.31 3090 -0.124624 43
13543.3 1401.86 3347.5 -0.0311856 44
13131.8 1110.79 3090 -0.123885 44
13542.5 1399.62 3347.5 -0.031862 45
13130.9 1109.22 3090 -0.124442 45
13542.5 1399.78 3347.5 -0.0318183 46
13130.9 1109.04 3090 -0.1245 46
13543.8 1408.01 3347.5 -0.0293529 47
13133 1116.64 3090 -0.12191 47
13537.3 1391.24 3347.5 -0.0344127 48
13124.9 1101.42 3090 -0.127144 48
13531.9 1391.12 3347.5 -0.034957 49
13119.8 1102.41 3090 -0.127408 49
13536.5 1410.37 3347.5 -0.0292409 50
13125.2 1117.77 3090 -0.122173 50
13538.9 1408.5 3347.5 -0.029363 51
13128.2 1117.21 3090 -0.121898 51
13533.4 1391.5 3347.5 -0.0344986 52
13121.1 1102.25 3090 -0.12706 52
13527 1392.99 3347.5 -0.0347275 53
13114.4 1103.27 3090 -0.127466 53
13531.3 1409.78 3347.5 -0.0295874 54
13120.6 1118.5 3090 -0.122151 54
13528.3 1392.3 3347.5 -0.0345838 55
13116.2 1103.3 3090 -0.127079 55
13534.2 1408.04 3347.5 -0.0296363 56
13123.3 1116.34 3090 -0.12234 56
13534.3 1397.61 3347.5 -0.0319717 57
13811.9 1665.13 3493.05 0.0381375 57
13124.4 1107.84 3090 -0.124436 57
13530.9 1381.66 3347.5 -0.0357263 58
13122.2 1091.29 3090 -0.129036 58
13806.7 1647.9 3493.05 0.0345287 58
13812.5 1654.9 3493.05 0.0371694 59
13537.5 1385.99 3347.5 -0.0337117 59
13129.6 1091.58 3090 -0.128127 59
13086.3 1113.63 2975.56 -0.117285 60
13721.3 1669.61 3347.5 0.0499313 60
13466.4 1406.28 3213.6 -0.0215335 60
13468.2 1410.67 3213.6 -0.02027 61
12976.3 1126.04 2869.29 -0.117463 61
13725 1678.45 3347.5 0.0522252 61
13444.9 1424.75 3090 -0.00456623 62
12982.9 1137 2770.35 -0.103439 62
13686.9 1691.66 3213.6 0.0692592 62
13511.7 1413.34 3090 -0.000628917 63
13048.2 1122.02 2770.35 -0.0999976 63
13508.9 1393.26 2975.56 0.0053164 64
13067.3 1103.84 2678 -0.0955085 64
13573.3 1395.5 2975.56 0.0127376 65
13129.8 1100.1 2678 -0.0888545 65
13429.8 1449.03 2770.35 0.0368185 66
13111.8 1148.06 2591.62 -0.067071 66
13185 1105.81 2510.63 -0.0626226 67
13161.9 1115.65 2434.55 -0.052518 68
12888.9 990.422 1434.64 0.0744902 92
12706.1 960.65 1217.27 0.0743173 94
12694.3 976.586 1181.47 0.0922365 95
12735.5 966.153 1199.11 0.0860646 96
12711.9 945.744 1181.47 0.0719948 97
12715.1 961.28 1131.55 0.0870499 98
12738.8 918.204 1164.35 0.0514463 99
12724.8 952.559 1100.55 0.0803015 100
12662.4 935.138 1016.96 0.0686994 101
12689.1 944.891 1016.96 0.073541 102
12675.8 929.75 979.757 0.0568343 103
12661.5 905.445 967.953 0.0339934 104
12654.9 897.38 956.43 0.0148517 105
12669.2 915.433 902.698 0.0181005 107
12741.9 940.827 902.698 0.0197092 108
13014.2 1158.17 1181.47 0.1905 108
12772.3 943.478 902.698 0.0100288 109
13237.6 1351.76 1385.17 0.286556 109
13388.9 1551.68 1545 0.375019 109
12786.3 945.467 854.682 -0.0149445 110
13061.5 1166.1 1147.72 0.173134 110
12787.4 934.331 828.248 -0.0555679 111
13088.3 1154.27 1147.72 0.142831 111
13309 1349.29 1385.17 0.254201 111
12790.6 926.189 819.797 -0.0782182 112
13112.3 1154.26 1164.35 0.131276 112
13361.6 1361.36 1434.64 0.246781 112
13543.5 1583.47 1639.59 0.345327 112
13700.7 1860.01 1825.91 0.449542 112
13758.4 2132.48 1912.86 0.551186 112
12803.2 955.171 795.447 -0.0717432 113
13127.2 1187.77 1147.72 0.143077 113
13363.1 1396.29 1409.48 0.260804 113
13675.8 1888.62 1785.34 0.46584 113
13765 2180.13 1912.86 0.567935 113
12807.4 976.09 750.842 -0.0760558 114
13136.8 1213.72 1115.83 0.150633 114
13373.1 1428.25 1385.17 0.273409 114
13691.8 1934.35 1785.34 0.483035 114
13770.8 2227.22 1912.86 0.587022 114
12834.5 971.768 710.974 -0.115573 115
13184.2 1215.61 1100.55 0.132194 115
13454.9 1442.41 1409.48 0.261858 115
13675.2 1695.16 1673.75 0.368924 115
13817 1987.21 1868.37 0.479752 115
13946.2 2328.41 2060 0.586286 115
12873 981.63 692.587 -0.135634 116
13237.7 1231.76 1100.55 0.12486 116
13505 1464.23 1409.48 0.260341 116
13755.6 1732.64 1709.36 0.369837 116
14032.5 2390.89 2114.21 0.59149 116
12891.6 988.822 680.848 -0.142704 117
13251.3 1240.82 1085.68 0.124212 117
13531.3 1478.05 1409.48 0.262044 117
13779.6 1749.05 1709.36 0.373083 117
13964.8 2076.61 1959.51 0.487136 117
14102 2444.46 2171.35 0.596256 117
13257.4 1239.05 1057.11 0.114523 118
13539.9 1478.33 1385.17 0.258105 118
13809.2 1758.39 1709.36 0.371903 118
13991.3 2089.35 1959.51 0.488431 118
14125 2460.3 2171.35 0.599448 118
13278.4 1247.63 1043.38 0.111811 119
13572.9 1491.37 1385.17 0.25819 119
13840.3 1774.03 1709.36 0.373753 119
14019.9 2107.58 1959.51 0.491705 119
14151.2 2480.41 2171.35 0.603615 119
13287.8 1238.28 1016.96 0.0944415 120
13583.6 1485.78 1361.7 0.249874 120
13871.6 1779.2 1709.36 0.370165 120
14048.7 2117.59 1959.51 0.491401 120
14230.8 2530.69 2231.67 0.605234 120
13303.8 1255.12 979.757 0.0935893 121
13591.9 1497.65 1317.05 0.251226 121
13855.4 1778.82 1639.59 0.372879 121
14012.5 2100.51 1868.37 0.495409 121
14123.5 2454.78 2060 0.610042 121
13266.5 1241 902.698 0.0694722 122
13533 1469.01 1217.27 0.235162 122
13748.1 1720.83 1487.78 0.361402 122
13900.8 2019.08 1709.36 0.48606 122
13985.2 2332.5 1868.37 0.602608 122
13290.5 1257.14 902.698 0.0723294 123
13553.8 1489.01 1217.27 0.240615 123
13792.1 1752.37 1515.85 0.367381 123
13914.2 2043.29 1709.36 0.493725 123
14033.2 2383.71 1912.86 0.610582 123
13283.7 1248.68 882.858 0.059182 124
13547.8 1479.5 1199.11 0.231939 124
13775.7 1737.84 1487.78 0.361243 124
13922.2 2038.48 1709.36 0.488952 124
14000 2352.54 1868.37 0.607683 124
14066.2 2637.85 2008.5 0.694785 124
13491.9 1469.43 1131.55 0.231428 125
13709.8 1717.19 1409.48 0.362396 125
13864.5 2011.62 1639.59 0.490388 125
13930.7 2308.67 1785.34 0.609731 125
13986.2 2576.71 1912.86 0.697403 125
13439.4 1445.53 1057.11 0.217356 126
13640.4 1678.72 1317.05 0.352447 126
13793.2 1960.64 1545 0.483301 126
13921.4 2506.63 1825.91 0.693097 126
13875.7 2255.46 1709.36 0.604182 126
13222.8 1239.86 750.842 0.0186981 127
13474.3 1456.22 1057.11 0.210014 127
13690.8 1700.94 1339 0.350254 127
13925.3 2294.39 1746.52 0.607447 127
13496.8 1470.9 1057.11 0.208732 128
13710.6 1717.31 1339 0.350877 128
13833.2 1995.99 1545 0.487261 128
13938.1 2312.6 1746.52 0.610898 128
13979.2 2569.56 1868.37 0.701774 128
13514.2 1485.28 1057.11 0.208816 129
13725.1 1733.81 1339 0.35292 129
13871.6 2027.07 1575.3 0.490009 129
13983.5 2587.62 1868.37 0.706909 129
13945.3 2331.18 1746.52 0.61557 129
13668.7 1697.28 1255.31 0.335804 130
13869.8 2257.78 1639.59 0.60473 130
13928 2518.63 1785.34 0.698078 130
13430.7 1457.52 934.187 0.178392 131
13627.4 1684.81 1199.11 0.330072 131
13752.1 1947.32 1409.48 0.472246 131
13823.5 2224.5 1575.3 0.600887 131
13872.9 2470.41 1709.36 0.69513 131
13416.1 1436.2 912.956 0.159675 132
13618.3 1659.21 1181.47 0.312815 132
13737.8 1916.67 1385.17 0.45781 132
13852.2 2424.81 1673.75 0.683123 132
13415.7 1460.59 892.668 0.168595 133
13631.4 1693.57 1181.47 0.326037 133
13765.7 1964.04 1409.48 0.472264 133
13829.5 2241.89 1575.3 0.604134 133
13872.9 2486.11 1709.36 0.699908 133
13470 1455.97 923.449 0.145371 134
13685.3 1698.4 1217.27 0.310056 134
13827.8 1982.37 1460.73 0.460694 134
13896.3 2274.68 1639.59 0.59568 134
13977.2 2557.2 1825.91 0.69231 134
13699.3 1705.53 1217.27 0.306138 135
13839.5 1990.56 1460.73 0.458579 135
13935 2301.14 1673.75 0.593897 135
13984.6 2565.29 1825.91 0.692153 135
13488.9 1468.44 912.956 0.13557 136
13676.6 1704.21 1181.47 0.304258 136
13825.3 1988.82 1434.64 0.457729 136
13912.7 2291.75 1639.59 0.594231 136
13925 2542.24 1746.52 0.699949 137
13391 1445.77 780.001 0.10037 138
13834.5 2427.39 1606.8 0.680409 138
13920.2 2016.85 1487.78 0.433408 139
14120.9 2664.08 1959.51 0.680764 139
13787.9 1719.59 1217.27 0.261284 140
13935 2023.86 1487.78 0.428359 140
14050.1 2364.25 1746.52 0.573975 140
14131.3 2670.58 1959.51 0.678137 140
13934.7 2051.36 1460.73 0.433344 141
14034 2385.15 1709.36 0.581995 141
14139.1 2711.4 1959.51 0.687329 141
14064.5 2603.33 1825.91 0.666441 143
13919.9 2011.8 1385.17 0.401398 144
13993.1 2322.93 1606.8 0.557648 144
14107.7 2642.46 1868.37 0.66666 144
13935.6 2030.58 1385.17 0.402768 145
14031.7 2359.64 1639.59 0.56034 145
14141.6 2684.87 1868.37 0.665954 146
14178.7 4104.11 2678 1.03444 146
14121.9 2665.96 1825.91 0.661614 147
14187.5 4103.68 2678 1.03221 147
14035.9 2372.72 1575.3 0.548094 148
14176.6 4113.13 2678 1.03705 148
14201.6 2753.86 1912.86 0.666188 149
14061.4 4128.95 2591.62 1.07375 149
14273.9 4309.46 2869.29 1.04235 149
14005.6 2072.34 1339 0.368992 150
14120.2 2428.36 1639.59 0.541403 150
14217.5 2761.56 1912.86 0.661556 150
14114.6 4217.87 2678 1.07312 150
14340.3 4413.71 2975.56 1.04145 150
14105.2 2432.79 1606.8 0.543541 151
14228.7 2782.86 1912.86 0.663902 151
14339 4434.81 2975.56 1.04601 151
13995.6 2081.14 1295.81 0.362604 152
14119 2439.13 1606.8 0.538411 152
14241.4 2789.95 1912.86 0.660148 152
14123.9 4245.25 2678 1.07645 152
14349.4 4441.04 2975.56 1.04448 152
14108.9 2428.46 1575.3 0.53177 153
14128.6 4251.9 2678 1.07683 153
14355 4446.04 2975.56 1.04422 153
14005.3 2064.71 1275.24 0.342244 154
14115.8 2419.2 1575.3 0.524758 154
14226.7 2761.49 1868.37 0.650565 154
14134.5 4243.93 2678 1.07384 154
14361.8 4436.9 2975.56 1.04104 154
14000.8 2071.55 1255.31 0.340457 155
14100.4 2421.05 1545 0.52596 155
14133.3 4261.38 2678 1.07783 155
14359.7 4455.32 2975.56 1.04502 155
14114.9 2437.29 1545 0.525334 156
14213.3 2771.7 1825.91 0.653632 156
14136.2 4279.35 2678 1.081 156
14362.6 4473.23 2975.56 1.0479 156
13987.2 2064.03 1217.27 0.33016 157
14095.3 2414.92 1515.85 0.519307 157
14219.4 2763.73 1825.91 0.648295 157
14141.6 4272.2 2678 1.07828 157
14369 4464.8 2975.56 1.04492 157
14001.1 2084.95 1181.47 0.319834 158
14110.5 2441.13 1487.78 0.516432 158
14219.5 2783.6 1785.34 0.649769 158
14147.2 4318.04 2678 1.08723 158
14374.1 4510.85 2975.56 1.05315 158
14139.2 2481.37 1487.78 0.517989 159
14244.7 2825.56 1785.34 0.652863 159
14158.7 4360.51 2678 1.09309 159
14385.1 4553.83 2975.56 1.05869 159
14012.7 2124.54 1147.72 0.317221 160
14126.1 2481.85 1460.73 0.51723 160
14222.1 2817.38 1746.52 0.653539 160
14114.5 4293.03 2591.62 1.09638 160
14385 4569.02 2975.56 1.0612 160
14116.5 2452.22 1434.64 0.503281 161
14234.8 2801.8 1746.52 0.64239 161
14125.2 4279.75 2591.62 1.09095 161
14340.3 4455.34 2869.29 1.05595 161
14105.3 2454.49 1409.48 0.502585 162
14213.3 2795.9 1709.36 0.643455 162
14124.7 4296.1 2591.62 1.09421 162
14339.7 4471.84 2869.29 1.05897 162
14118.8 2469.13 1409.48 0.50086 163
14224.1 2812.01 1709.36 0.64342 163
14125.5 4313.34 2591.62 1.09739 163
14340.9 4488.6 2869.29 1.06166 163
14110.7 2474.23 1385.17 0.500103 164
14206.3 2809.24 1673.75 0.644368 164
14127.3 4331.71 2591.62 1.10057 164
14342.8 4506.89 2869.29 1.06451 164
14123 2485.62 1361.7 0.491246 165
14234.8 2834.97 1673.75 0.639606 165
14136.8 4360.87 2591.62 1.10419 165
14352.6 4535.73 2869.29 1.06759 165
14135.3 2493.33 1361.7 0.487519 166
14245.4 2843.91 1673.75 0.637492 166
14142.9 4370.86 2591.62 1.10456 166
14359.2 4545.14 2869.29 1.06766 166
14120.4 2475.84 1339 0.481575 167
14222.7 2817.99 1639.59 0.63319 167
14107.1 4288.3 2510.63 1.1027 167
14364.8 4538.63 2869.29 1.06508 167
14219 2819.83 1606.8 0.631435 168
14113 4311.4 2510.63 1.10728 168
14374.7 4556.94 2869.29 1.06721 169
14375.1 4572.67 2869.29 1.07126 170
14255.3 2827.73 1606.8 0.620845 171
14395.5 4574.66 2869.29 1.06766 171
14126.1 2468.4 1255.31 0.458688 172
14242.1 2819.35 1575.3 0.620525 172
14143.1 4337.49 2510.63 1.10835 172
14403.4 4584.51 2869.29 1.06871 172
14123.1 2467.17 1236 0.455497 173
14230.3 2810.62 1545 0.619059 173
13826.1 4033.79 2060 1.17405 173
14113.9 4273.94 2434.55 1.10946 173
14360.3 4502.06 2770.35 1.06959 173
14216.7 2810.24 1515.85 0.621292 174
13801.8 3997.51 2008.5 1.18013 174
14111.9 4289.86 2434.55 1.11443 174
14194.7 2785.52 1460.73 0.612573 175
13812.1 4008.96 2008.5 1.18042 175
14124.2 4298.95 2434.55 1.11341 175
14323.3 4442.21 2678 1.07339 175
14089.7 2458.15 1131.55 0.439961 176
14215.1 2805.78 1460.73 0.611992 176
13798 3980.27 1959.51 1.18562 176
14096.3 4251.89 2362.94 1.11803 176
14329.6 4463.73 2678 1.07732 176
14241.9 2821.7 1460.73 0.606228 177
13811.2 3997.88 1959.51 1.18756 177
14110.3 4268.74 2362.94 1.11912 177
14344.4 4479.79 2678 1.07783 177
14238.4 2817.37 1434.64 0.600945 178
13807.4 3960.31 1912.86 1.18507 178
14095.5 4212.61 2295.43 1.1162 178
14319 4407.44 2591.62 1.07465 178
14229.1 2820.85 1409.48 0.602458 179
13809.9 3972.42 1912.86 1.18843 179
14097 4225.97 2295.43 1.11948 179
14320.1 4421.4 2591.62 1.07775 179
14119.7 2478.31 1071.2 0.413577 180
14228 2814.62 1385.17 0.595668 180
13819.5 3973.32 1912.86 1.18635 180
14108.2 4225.58 2295.43 1.11658 180
14332.2 4420.37 2591.62 1.07456 180
14132.4 2492.76 1071.2 0.414122 181
14236.9 2830.39 1385.17 0.597726 181
13815.9 3984.23 1912.86 1.19144 181
14103.7 4237.82 2295.43 1.12136 181
14326.8 4433.89 2591.62 1.0793 181
14229.1 2825.45 1339 0.59142 182
13825 3997.48 1912.86 1.1941 182
14113.9 4250.87 2295.43 1.1228 182
14337.9 4446.72 2591.62 1.08004 182
14243.2 2836.43 1339 0.590067 183
13825.6 4007.48 1912.86 1.19821 183
14114.4 4261.45 2295.43 1.12634 183
14338.2 4457.76 2591.62 1.08327 183
14237.2 2836.69 1317.05 0.589765 184
13612.8 3799.08 1606.8 1.26802 184
13825.3 4019.55 1912.86 1.20291 184
14113.9 4274.09 2295.43 1.13042 184
14337.4 4471.08 2591.62 1.0871 184
14247.4 2827.4 1317.05 0.580274 185
13830.4 4014.87 1912.86 1.19984 185
14152.5 4330.22 2362.94 1.12604 185
14345.8 4463.41 2591.62 1.08307 185
14264 2842.52 1295.81 0.56861 186
13620.4 3832.03 1606.8 1.27328 186
13836.7 4049.22 1912.86 1.205 186
14160.6 4363.53 2362.94 1.12937 186
14398 4573.97 2678 1.08494 186
14253.2 2824.65 1275.24 0.561929 187
13622.4 3830.29 1606.8 1.27198 187
13840.3 4046.01 1912.86 1.20284 187
14134.4 4296.43 2295.43 1.12732 187
14361.4 4490.92 2591.62 1.08259 187
14254.9 2849.87 1236 0.559957 188
13624 3846.46 1575.3 1.28218 188
13835.5 4050.99 1868.37 1.21147 188
14147.5 4345.72 2295.43 1.13413 188
14374 4541.32 2591.62 1.08897 188
14239.1 2814.7 1199.11 0.543636 189
13610 3779.92 1515.85 1.27898 189
13827.5 4001.71 1825.91 1.20653 189
14130.6 4275.94 2231.67 1.12812 189
14389.2 4528.11 2591.62 1.08174 189
13611.1 3792.29 1515.85 1.28255 190
13829 4013.96 1825.91 1.20937 190
14132.3 4288.38 2231.67 1.13038 190
14350.9 4468.41 2510.63 1.08426 190
13609.3 3804.25 1515.85 1.28625 191
13827.7 4025.55 1825.91 1.21212 191
14131.5 4300.01 2231.67 1.13246 191
14350.2 4480.33 2510.63 1.08611 191
14244 2829.4 1164.35 0.533379 192
13600.2 3790.4 1487.78 1.29058 192
13828 4040.7 1825.91 1.21531 192
14132.1 4315.28 2231.67 1.13496 192
14350.9 4495.96 2510.63 1.08837 192
13598.4 3775.01 1460.73 1.29085 193
13822.8 4010.61 1785.34 1.21324 193
14119.1 4266.45 2171.35 1.13118 193
14368.1 4500.73 2510.63 1.08311 193
13602 3807.74 1460.73 1.29749 194
13826.1 4043.92 1785.34 1.2191 194
14122.1 4300.64 2171.35 1.13631 194
14370.5 4535.96 2510.63 1.08799 194
13596.5 3798.72 1434.64 1.30211 195
13814.6 4023.51 1746.52 1.2227 195
14126 4318.16 2171.35 1.13864 195
14374.3 4553.83 2510.63 1.09008 195
13594.8 3790.11 1409.48 1.30503 196
13822.9 4039.4 1746.52 1.22341 196
14136.2 4332.93 2171.35 1.13814 196
14348.9 4499.99 2434.55 1.08949 196
13595.6 3778.26 1385.17 1.30505 197
13819.5 4014.52 1709.36 1.22188 197
14123.9 4289.85 2114.21 1.13547 197
14364.5 4507.97 2434.55 1.08552 197
13598.6 3793.34 1385.17 1.30816 198
13823.2 4029.22 1709.36 1.224 198
14128.3 4304.5 2114.21 1.1369 198
14369 4522.89 2434.55 1.08677 198
13594.7 3784.85 1361.7 1.31201 199
14359.9 3108.35 1295.81 0.607736 199
13813.5 4010.12 1673.75 1.22705 199
14132.8 4319.92 2114.21 1.13858 199
14373.7 4538.47 2434.55 1.08814 199
13593.7 3776.45 1339 1.31448 200
14366.9 3104.63 1275.24 0.596682 200
13821.9 4023.36 1673.75 1.22695 200
14119.6 4281.95 2060 1.1375 200
14351.4 4486.05 2362.94 1.08653 200
13597.1 3795.27 1339 1.3194 201
13825.2 4042.56 1673.75 1.23112 201
14123 4301.69 2060 1.14096 201
14354.6 4506.47 2362.94 1.08977 201
13596.8 3790.16 1317.05 1.3229 202
13818.7 4027.02 1639.59 1.23411 202
14129.3 4319.76 2060 1.14296 202
14360.8 4524.98 2362.94 1.0916 202
14359.4 3100.56 1199.11 0.578545 203
13600.6 3756.19 1275.24 1.31878 203
13826.6 4001.45 1606.8 1.22751 203
14129.9 4276.76 2008.5 1.13549 203
14354.7 4467.42 2295.43 1.08343 203
14364.1 3106.77 1164.35 0.569953 204
13610 3762.62 1255.31 1.3226 204
13831.7 3997.28 1575.3 1.22955 204
14126.7 4258.24 1959.51 1.1362 204
14343.4 4437.52 2231.67 1.08361 204
13609.6 3774.56 1255.31 1.32753 205
14379.3 3117.84 1164.35 0.565809 205
13831.8 4009.28 1575.3 1.23322 205
14127.6 4270.62 1959.51 1.13887 205
14344.5 4450.51 2231.67 1.08597 205
14393.9 3133.29 1164.35 0.563633 206
13608.6 3789.81 1255.31 1.33376 206
13830.8 4025.05 1575.3 1.23839 206
14126.8 4287.28 1959.51 1.14314 206
14374.7 4524.05 2295.43 1.08922 206
13609.8 3780.67 1236 1.33384 207
13840.7 4033.6 1575.3 1.23575 207
14140.1 4293.88 1959.51 1.13892 207
14390.2 4529.4 2295.43 1.08443 207
13606.6 3775.71 1217.27 1.3378 208
13832 4018.64 1545 1.23886 208
14143 4308.28 1959.51 1.14075 208
14393.2 4544.25 2295.43 1.08607 208
13603.2 3771.85 1199.11 1.3419 209
13834 4033.4 1545 1.24157 209
14145.5 4323.32 1959.51 1.14272 209
14395.9 4559.62 2295.43 1.08771 209
13608.2 3787.3 1199.11 1.34499 210
13829.5 4020.43 1515.85 1.24392 210
14131.7 4296.08 1912.86 1.14433 210
14372.1 4518.95 2231.67 1.08908 210
13602.7 3765.59 1164.35 1.34734 211
13826.1 4005.69 1487.78 1.24349 211
14141.2 4307.14 1912.86 1.14188 211
14383.4 4529.38 2231.67 1.0861 211
13601.6 3761.27 1147.72 1.34879 212
13830.7 4017.8 1487.78 1.24342 212
14127.3 4278.54 1868.37 1.14163 212
14360.7 4487.95 2171.35 1.08555 212
13602.5 3776.29 1147.72 1.35258 213
13832.4 4032.64 1487.78 1.24584 213
14129.4 4293.95 1868.37 1.14353 213
14363 4503.74 2171.35 1.08713 213
13598.9 3776.79 1115.83 1.36057 214
13829.1 4039.44 1460.73 1.25087 214
14137.7 4326.89 1868.37 1.14607 214
14371.8 4537.52 2171.35 1.08924 214
13602.4 3773.25 1100.55 1.35946 215
13831 4024.38 1434.64 1.2473 215
14133.8 4296.57 1825.91 1.14106 215
14361.6 4494.18 2114.21 1.0835 215
13600.3 3774.64 1085.68 1.36394 216
13824.7 4016.7 1409.48 1.25038 216
14137.1 4313.33 1825.91 1.14271 216
14365.2 4511.41 2114.21 1.08491 216
13599.2 3758.27 1071.2 1.36197 217
13829.6 4013.62 1409.48 1.24657 217
14126.2 4272.36 1785.34 1.13886 217
14373.9 4506.04 2114.21 1.08021 217
13596.3 3746.82 1043.38 1.36481 218
13828.1 4005.9 1385.17 1.24629 218
14136.6 4286.65 1785.34 1.13619 218
14359 4472.89 2060 1.0778 218
13599.1 3771.55 1030 1.37229 219
13827.6 4021.69 1361.7 1.25107 219
14128.5 4290.68 1746.52 1.13948 219
14368.9 4512.59 2060 1.07997 219
13598.6 3777.25 1016.96 1.37658 220
13823.1 4019.03 1339 1.25405 220
14132.8 4309.99 1746.52 1.14096 220
14373.7 4532.23 2060 1.08105 220
13599 3782.72 1004.25 1.38017 221
13827.6 4037.24 1339 1.25569 221
14138.2 4328.44 1746.52 1.14181 221
14379.5 4551.04 2060 1.08167 221
13597.4 3755.37 979.757 1.37688 222
13821.5 3990.91 1295.81 1.2495 222
14135.7 4286.95 1709.36 1.1333 222
14371.2 4496.33 2008.5 1.07273 222
13595.1 3750.21 956.43 1.38129 223
13826.5 4008.93 1295.81 1.25081 223
14125.1 4273.75 1673.75 1.1348 223
14352.8 4472.9 1959.51 1.07392 223
13597.7 3773.3 956.43 1.38794 224
13821.8 4013.3 1275.24 1.25667 224
14127.8 4298.88 1673.75 1.13907 224
14355.1 4499.29 1959.51 1.07805 224
13600.5 3782.79 945.178 1.39162 225
13827.7 4034.4 1275.24 1.25875 225
14134.3 4320.43 1673.75 1.14043 225
14386.2 4563.8 2008.5 1.07849 225
13607.1 3789.85 923.449 1.3951 226
13834.9 4043.8 1255.31 1.25915 226
14150.6 4348.6 1673.75 1.13899 226
14403.9 4592.01 2008.5 1.07666 226
13607.7 3797.56 912.956 1.39848 227
13840 4061.48 1255.31 1.25965 227
14157 4366.26 1673.75 1.13858 227
14386.4 4567.5 1959.51 1.07682 227
13607.2 3791.99 902.698 1.39823 228
13835.7 4047.81 1236 1.25914 228
14145.5 4339.84 1639.59 1.13748 228
14391.1 4571.31 1959.51 1.07487 228
13603.8 3777.5 882.858 1.39927 229
13833.9 4033.99 1217.27 1.2565 229
14138.7 4313.28 1606.8 1.13345 229
14377.8 4532.95 1912.86 1.07047 229
13604 3778.39 873.262 1.40045 230
13832.3 4026.41 1199.11 1.25555 230
14130.9 4294.28 1575.3 1.13174 230
14362.8 4503.34 1868.37 1.06859 230
13601.1 3817.24 892.668 1.41395 231
13848.1 4097.32 1255.31 1.26223 231
14191.1 4430.33 1709.36 1.13369 231
14460.9 4684.94 2060 1.06889 231
13598.6 3912.34 956.43 1.43407 232
14263.3 4643.73 1912.86 1.14586 232
14593.3 4978.82 2362.94 1.07842 232
14566.6 3466.67 991.853 0.488387 239
14096.7 4436.91 1385.17 1.24404 239
14341 4652.55 1709.36 1.15677 239
14526.7 3431.91 912.956 0.475627 240
14111.7 4452.07 1385.17 1.24876 240
14343.5 4631.1 1673.75 1.15901 240
14577.2 3444.28 934.187 0.462852 241
14117.7 4440.85 1361.7 1.25204 241
14359.7 4642.54 1673.75 1.16039 241
14109.2 4417.89 1339 1.25262 242
14361.8 4640.64 1673.75 1.15892 242
14377.5 4642.1 1639.59 1.16472 243
14378.7 4640.96 1639.59 1.16381 244
14388.7 4656.67 1639.59 1.16664 245
14398 4654.68 1606.8 1.17084 246
14414.7 4676.6 1606.8 1.17409 247
14408.3 4660.35 1575.3 1.17723 248
14404 4645.82 1545 1.17992 249
14409 4648.95 1515.85 1.18482 250
14435.5 4656.35 1515.85 1.17735 251
14416.6 4651.04 1487.78 1.18964 252
14417.5 4650.29 1487.78 1.18897 253
14412.9 4642.13 1460.73 1.19249 254
14425.2 4656.91 1460.73 1.19337 255
14419.8 4652.46 1434.64 1.19898 256
14417.6 4642.99 1409.48 1.20086 257
14420.6 4659.16 1409.48 1.20518 258
14424 4648 1385.17 1.20438 259
14435.7 4648.79 1361.7 1.20436 260
14423.7 4656.67 1339 1.21695 261
14431.4 4643.45 1317.05 1.21181 262
14416.1 4641.83 1295.81 1.22237 263
14424.5 4626.74 1255.31 1.22048 264
14424.8 4626.52 1255.31 1.22024 265
14403.7 4611.07 1217.27 1.23249 266
14400.7 4612.14 1199.11 1.2368 267
14400.1 4614.65 1181.47 1.24055 268
14400.4 4618.08 1164.35 1.2439 269
14399.7 4620.96 1147.72 1.24738 270
14397.6 4623.54 1131.55 1.25137 271
14397.5 4629.57 1115.83 1.25647 272
14399.1 4631.45 1100.55 1.25856 273
14403.3 4632.64 1085.68 1.25861 274
14394.1 4615.23 1057.11 1.26344 275
14392 4613.63 1043.38 1.26699 276
14386 4603.45 1016.96 1.2723 277
14389.2 4606.6 1004.25 1.27493 278
14389.7 4612.31 991.853 1.28016 279
14391.3 4615.67 979.757 1.28327 280
14385.5 4598.91 945.178 1.28925 281
14389.2 4603.16 934.187 1.29189 282
14388.9 4600.54 912.956 1.29731 283
14395.8 4611.55 882.858 1.30717 284
14399.1 4607.88 863.872 1.30928 285
14402.2 4615.69 854.682 1.31399 286
14404.1 4610.96 836.876 1.31642 287
14398.3 4594.23 819.797 1.31795 288
14397.6 4597.34 787.648 1.33127 289
14398.5 4598.37 772.501 1.33644 290
14407.2 4621.67 765.144 1.34319 291
14401.5 4608.56 737.065 1.35041 292
