# x y d a f
13482.6 1325.9 3493.05 -0.0835329 1
13775.2 1586.69 3651.82 -0.0131136 1
13081.7 1118.34 3213.6 -0.154539 1
13482.6 1325.95 3493.05 -0.0835189 2
13081.5 1118.03 3213.6 -0.154638 2
13775.2 1586.65 3651.82 -0.0131234 2
13485.5 1332.6 3493.05 -0.0825342 3
13084.8 1124.63 3213.6 -0.153543 3
13778.3 1595 3651.82 -0.0117821 3
13487.6 1326.46 3493.05 -0.0847936 4
13086.2 1118.94 3213.6 -0.155945 4
13780.7 1587.25 3651.82 -0.0142827 4
13490.7 1328.21 3493.05 -0.0848901 5
13089.4 1121.08 3213.6 -0.155931 5
13783.5 1588.32 3651.82 -0.0145409 5
13487.7 1331.49 3493.05 -0.0838015 6
13087.1 1124.53 3213.6 -0.154658 6
13780.5 1592.7 3651.82 -0.0132517 6
13486.8 1332.15 3493.05 -0.0834772 7
13779.3 1592.78 3651.82 -0.0130999 7
13085.8 1124.26 3213.6 -0.15458 7
13486.8 1332.19 3493.05 -0.0834665 8
13085.8 1124.27 3213.6 -0.154577 8
13779.4 1592.91 3651.82 -0.0130673 8
13777.9 1591.21 3651.82 -0.0133711 9
13485.6 1331.08 3493.05 -0.0836362 9
13084.6 1123.34 3213.6 -0.154714 9
13483.6 1329.34 3493.05 -0.0837579 10
13082.8 1122.13 3213.6 -0.154687 10
13776.6 1591.15 3651.82 -0.013061 10
13483.6 1329.15 3493.05 -0.0836979 11
13082.7 1121.77 3213.6 -0.154671 11
13776.5 1590.57 3651.82 -0.0131054 11
13777.8 1595.33 3651.82 -0.0119571 12
13485.4 1333.88 3493.05 -0.0824702 12
13084.8 1126 3213.6 -0.153442 12
13778.8 1595.24 3651.82 -0.0119286 13
13486.4 1333.79 3493.05 -0.0824364 13
13085.7 1125.64 3213.6 -0.15349 13
13486.5 1333.96 3493.05 -0.0823907 14
13085.9 1126.07 3213.6 -0.153356 14
13778.9 1595.36 3651.82 -0.0119 14
13487.1 1333.52 3493.05 -0.082475 15
13086.6 1125.81 3213.6 -0.153398 15
13779.6 1595.13 3651.82 -0.011925 15
13487.9 1333.35 3493.05 -0.0825712 16
13087.5 1125.81 3213.6 -0.153453 16
13780.9 1595.96 3651.82 -0.0117603 16
13488.4 1334.39 3493.05 -0.0822844 17
13087.5 1125.84 3213.6 -0.153441 17
13780.6 1595.25 3651.82 -0.0119378 17
13488.6 1333.56 3493.05 -0.0825798 18
13088.3 1126.19 3213.6 -0.153409 18
13781.4 1595.87 3651.82 -0.0118443 18
13489.8 1335.23 3493.05 -0.0821945 19
13088.9 1126.63 3213.6 -0.153358 19
13781.9 1596.09 3651.82 -0.0118548 19
13780.5 1591.35 3651.82 -0.0130138 20
13487.8 1330.23 3493.05 -0.0835157 20
13087 1122.83 3213.6 -0.154471 20
13087.2 1127.73 3213.6 -0.153092 21
13780.7 1597.51 3651.82 -0.0115759 21
13488.4 1336.54 3493.05 -0.0819058 21
13488.9 1336.64 3493.05 -0.0820526 22
13087.7 1127.88 3213.6 -0.153239 22
13781 1596.79 3651.82 -0.0119188 22
13487.4 1332.9 3493.05 -0.0829855 23
13086.2 1124.88 3213.6 -0.154061 23
13779.9 1593.32 3651.82 -0.0127119 23
13488.7 1337.45 3493.05 -0.0819238 24
13087.3 1128.35 3213.6 -0.153198 24
13780.7 1597.41 3651.82 -0.0118457 24
13489.5 1338.02 3493.05 -0.0818836 25
13087.9 1128.5 3213.6 -0.153285 25
13781.5 1597.97 3651.82 -0.0118145 25
13489.4 1337.89 3493.05 -0.0819827 26
13088.1 1129.04 3213.6 -0.153189 26
13781.5 1598.08 3651.82 -0.0118445 26
13489.8 1338.63 3493.05 -0.0818934 27
13088.4 1129.42 3213.6 -0.153197 27
13781.8 1598.68 3651.82 -0.0117961 27
13489.6 1338.15 3493.05 -0.0820259 28
13088.4 1129.45 3213.6 -0.15319 28
13782.1 1599.23 3651.82 -0.0116599 28
13489.8 1338.24 3493.05 -0.08204 29
13088.4 1129.17 3213.6 -0.15332 29
13781.7 1598.04 3651.82 -0.011995 29
13488.6 1334.42 3493.05 -0.082988 30
13087.1 1125.88 3213.6 -0.154224 30
13781.1 1594.69 3651.82 -0.0127579 30
13487.7 1333.83 3493.05 -0.0830325 31
13086.1 1125.25 3213.6 -0.154286 31
13780.1 1593.91 3651.82 -0.0128443 31
13086 1125.58 3213.6 -0.154097 32
13968.8 1589.71 3825.72 -0.0131971 32
13487.4 1333.8 3493.05 -0.0829655 32
13488 1337.22 3493.05 -0.0819789 33
13086.6 1128.17 3213.6 -0.153243 33
13780.2 1597.82 3651.82 -0.0117388 33
13487 1332.73 3493.05 -0.0830642 34
13085.4 1124.12 3213.6 -0.154331 34
13968.4 1588.51 3825.72 -0.0133181 34
13084.5 1123.3 3213.6 -0.154339 35
13778.9 1592.57 3651.82 -0.0127414 35
13485.9 1331.42 3493.05 -0.0832079 35
13485.6 1331.19 3493.05 -0.0830736 36
13083.9 1122.46 3213.6 -0.154377 36
13778.1 1591.45 3651.82 -0.0128401 36
13487 1335.78 3493.05 -0.0819156 37
13085.6 1126.56 3213.6 -0.153226 37
13779.1 1595.79 3651.82 -0.0118286 37
13486.2 1331.16 3493.05 -0.0830659 38
13084.6 1122.56 3213.6 -0.154328 38
13778.7 1591.36 3651.82 -0.0128475 38
13084.1 1122 3213.6 -0.154323 39
13485.5 1330.11 3493.05 -0.0831952 39
13485.5 1330.37 3493.05 -0.0830553 40
13083.8 1121.74 3213.6 -0.154323 40
13778.1 1590.8 3651.82 -0.0127793 40
13485.1 1329.7 3493.05 -0.0831101 41
13083.5 1121.15 3213.6 -0.154361 41
13777.6 1589.95 3651.82 -0.0128751 41
13484.9 1329.38 3493.05 -0.0831402 42
13083.3 1120.9 3213.6 -0.154376 42
13484.5 1328.6 3493.05 -0.083253 43
13083.1 1120.52 3213.6 -0.154376 43
13776.9 1588.58 3651.82 -0.0130705 43
13484.6 1328.83 3493.05 -0.0831438 44
13083.1 1120.51 3213.6 -0.154329 44
13966.3 1584.93 3825.72 -0.0133102 44
13083.1 1120.38 3213.6 -0.154321 45
13777.3 1589.3 3651.82 -0.0128141 45
13484.6 1328.72 3493.05 -0.0831327 45
13484.5 1328.54 3493.05 -0.0831092 46
13083 1120.08 3213.6 -0.154336 46
13777.1 1588.78 3651.82 -0.0128777 46
13083 1120.01 3213.6 -0.154321 47
13966.1 1584.59 3825.72 -0.0132663 47
13484.2 1327.76 3493.05 -0.0832948 47
13485.8 1332.72 3493.05 -0.0820702 48
13778.2 1593.49 3651.82 -0.0117798 48
13084.7 1124.19 3213.6 -0.153187 48
13485.3 1328.73 3493.05 -0.0831103 49
13083.8 1120.27 3213.6 -0.154334 49
13777.7 1588.74 3651.82 -0.0129324 49
13485 1328.75 3493.05 -0.0830578 50
13083.4 1120.14 3213.6 -0.154323 50
13777.6 1589.13 3651.82 -0.0127966 50
13484.5 1328.09 3493.05 -0.083198 51
13083.1 1119.97 3213.6 -0.154329 51
13484.6 1328.53 3493.05 -0.0830569 52
13082.9 1119.79 3213.6 -0.154361 52
13777.1 1588.73 3651.82 -0.0128385 52
13484.4 1327.96 3493.05 -0.0832118 53
13082.9 1119.76 3213.6 -0.154369 53
13777.1 1588.77 3651.82 -0.0128279 53
13484.2 1327.79 3493.05 -0.0832206 54
13082.8 1119.57 3213.6 -0.154383 54
13485.9 1332.46 3493.05 -0.0820934 55
13084.6 1123.69 3213.6 -0.153287 55
13967.1 1588.66 3825.72 -0.0123583 55
13485.3 1328.75 3493.05 -0.0830672 56
13083.8 1120.28 3213.6 -0.154287 56
13778.1 1589.53 3651.82 -0.0127036 56
13083.6 1120.22 3213.6 -0.154285 57
13485.3 1329.1 3493.05 -0.0829524 57
13484.8 1328.63 3493.05 -0.0830466 58
13083.1 1119.78 3213.6 -0.154384 58
13777.4 1589.03 3651.82 -0.0127787 58
13484.5 1328.23 3493.05 -0.0831371 59
13083 1119.86 3213.6 -0.154336 59
13484.5 1328.44 3493.05 -0.0830419 60
13082.8 1119.65 3213.6 -0.154361 60
13777.1 1588.86 3651.82 -0.0127712 60
13484 1327.54 3493.05 -0.0832534 61
13082.8 1119.65 3213.6 -0.154321 61
13776.8 1588.16 3651.82 -0.0129138 61
13484.3 1328.09 3493.05 -0.0831023 62
13082.7 1119.47 3213.6 -0.154375 62
13777 1588.66 3651.82 -0.0127887 62
13082.7 1119.48 3213.6 -0.154336 63
13776.8 1588.18 3651.82 -0.0128777 63
13484.3 1328.03 3493.05 -0.0830875 63
13484.1 1327.49 3493.05 -0.0831936 64
13082.6 1119.24 3213.6 -0.154365 64
13776.7 1587.88 3651.82 -0.0129173 64
13484.1 1327.62 3493.05 -0.083147 65
13082.7 1119.34 3213.6 -0.154321 65
13776.6 1587.64 3651.82 -0.0129667 65
13484.3 1328.03 3493.05 -0.0830225 66
13082.6 1119.15 3213.6 -0.154368 66
13777.1 1588.86 3651.82 -0.012652 66
