# x y d a f
12522.9 828.515 1409.48 -0.0954967 9
13054.1 1114.91 1825.91 0.0711313 9
12522.9 828.432 1409.48 -0.0955533 10
13054 1114.71 1825.91 0.0710341 10
12522.9 828.422 1409.48 -0.0955607 11
13054.1 1114.85 1825.91 0.071103 11
12522.9 828.574 1409.48 -0.0954559 12
13054.1 1114.98 1825.91 0.0711641 12
12522.9 828.422 1409.48 -0.0955601 13
13054.1 1114.9 1825.91 0.0711241 13
12522.9 828.39 1409.48 -0.0955822 14
13054.1 1114.84 1825.91 0.0710973 14
12522.9 828.454 1409.48 -0.0955386 15
13054.1 1114.83 1825.91 0.0710942 15
12522.9 828.551 1409.48 -0.0954717 16
13054 1114.76 1825.91 0.0710592 16
12523 828.8 1409.48 -0.0953007 17
13054.2 1115.22 1825.91 0.0712779 17
12522.8 828.674 1409.48 -0.095454 18
13054.1 1115.06 1825.91 0.071144 18
12528.8 833.522 1409.48 -0.0914435 19
13058.9 1122.05 1825.91 0.0751593 19
12526.8 828.216 1409.48 -0.0952888 20
13058.1 1114.71 1825.91 0.0713167 20
12524.4 828.608 1409.48 -0.0954707 21
13055.8 1115.16 1825.91 0.0712087 21
12523.7 828.96 1409.48 -0.0953876 22
13055 1115.41 1825.91 0.0712165 22
12529.3 833.769 1409.48 -0.0914562 23
13059.5 1122.35 1825.91 0.0751708 23
12531.8 833.485 1409.48 -0.091411 24
13062 1122.08 1825.91 0.0752123 24
12535 833.095 1409.48 -0.0913052 25
13065.2 1121.82 1825.91 0.0753553 25
12531.1 828.067 1409.48 -0.0952822 26
13062.4 1114.67 1825.91 0.0713707 26
12528.3 828.469 1409.48 -0.0955066 27
13059.7 1114.89 1825.91 0.0711185 27
12530.7 834.301 1409.48 -0.0914257 28
13060.9 1122.81 1825.91 0.0751618 28
12536.3 833.431 1409.48 -0.0913676 29
13066.5 1122.37 1825.91 0.0754113 29
12538 833.282 1409.48 -0.091333 30
13068.3 1122.36 1825.91 0.0755034 30
12539.2 833.298 1409.48 -0.0912835 31
13069.4 1121.98 1825.91 0.0753496 31
12539.9 833.272 1409.48 -0.091338 32
13070.1 1121.99 1825.91 0.0753291 32
12540.4 833.495 1409.48 -0.0912751 33
13070.6 1122.19 1825.91 0.0753603 33
12540.5 833.533 1409.48 -0.0913736 34
13070.7 1122.15 1825.91 0.0752553 34
12540.4 834.05 1409.48 -0.0913149 35
13070.7 1122.86 1825.91 0.0753861 35
12540.3 834.295 1409.48 -0.0912978 36
13070.5 1123.17 1825.91 0.0754304 36
12540 834.7 1409.48 -0.0912954 37
13070.2 1123.58 1825.91 0.0754329 37
12539.8 834.856 1409.48 -0.0913079 38
13070 1123.52 1825.91 0.0753213 38
12539.6 835.13 1409.48 -0.0913187 39
13069.9 1124.08 1825.91 0.0754522 39
12539.6 835.352 1409.48 -0.0912467 40
13069.8 1124.04 1825.91 0.0753779 40
12539.5 835.405 1409.48 -0.0913384 41
13069.7 1124.3 1825.91 0.0754135 41
12539.5 835.554 1409.48 -0.0912868 42
13069.7 1124.31 1825.91 0.0753831 42
12539.5 835.547 1409.48 -0.0913724 43
13069.7 1124.4 1825.91 0.0753647 43
12539.5 835.719 1409.48 -0.0912879 44
13069.7 1124.38 1825.91 0.0753348 44
12539.6 835.822 1409.48 -0.091272 45
13069.7 1124.38 1825.91 0.0752965 45
12539.6 835.848 1409.48 -0.0912758 46
13069.8 1124.54 1825.91 0.075354 46
12539.6 835.941 1409.48 -0.0912335 47
13069.8 1124.76 1825.91 0.0754509 47
12539.6 835.995 1409.48 -0.0912465 48
13069.9 1124.89 1825.91 0.0754743 48
12539.7 836.022 1409.48 -0.0912419 49
13069.8 1124.56 1825.91 0.0753066 49
12539.6 835.986 1409.48 -0.0912788 50
13069.8 1124.64 1825.91 0.0753391 50
12539.7 836.062 1409.48 -0.0912386 51
13069.8 1124.63 1825.91 0.0753237 51
12539.7 836.044 1409.48 -0.0912714 52
13069.9 1124.77 1825.91 0.0753797 52
12539.7 836.115 1409.48 -0.0912318 53
13069.9 1124.8 1825.91 0.0753837 53
12539.7 835.969 1409.48 -0.0913461 54
13069.9 1124.78 1825.91 0.0753622 54
12539.7 835.933 1409.48 -0.0913835 55
13069.9 1124.86 1825.91 0.0753914 55
12539.7 836.055 1409.48 -0.0912997 56
13069.9 1124.75 1825.91 0.0753394 56
12539.7 836.197 1409.48 -0.0912181 57
13069.9 1124.94 1825.91 0.0754253 57
12539.7 836.172 1409.48 -0.091239 58
13070 1125.1 1825.91 0.0754981 58
12539.7 836.024 1409.48 -0.0913443 59
13069.9 1124.83 1825.91 0.0753633 59
12539.7 836.069 1409.48 -0.0913159 60
13070 1124.9 1825.91 0.0753962 60
12539.7 835.993 1409.48 -0.0913732 61
13069.9 1124.74 1825.91 0.0753128 61
12539.7 836.043 1409.48 -0.0913437 62
13069.9 1124.7 1825.91 0.0752923 62
12539.7 836.153 1409.48 -0.09127 63
13069.9 1124.86 1825.91 0.0753679 63
12539.7 836.024 1409.48 -0.0913617 64
13069.9 1124.88 1825.91 0.0753735 64
12539.7 836.193 1409.48 -0.0912473 65
13070 1124.91 1825.91 0.0753874 65
12539.7 836.073 1409.48 -0.0913323 66
13069.9 1124.69 1825.91 0.0752799 66
12539.7 836.2 1409.48 -0.091248 67
13070 1125.11 1825.91 0.0754821 67
12539.7 836.063 1409.48 -0.0913418 68
13069.9 1124.65 1825.91 0.0752581 68
12511.9 829.799 1385.17 -0.0973207 69
13022.4 1111.6 1785.34 0.07048 69
12487.3 826.652 1361.7 -0.10114 70
13020.6 1107.53 1785.34 0.0686675 70
12485.6 838.646 1339 -0.0910415 71
12999.6 1124.74 1746.52 0.0813545 71
12458.3 841.808 1295.81 -0.0880075 72
12978.5 1125.97 1709.36 0.0861289 72
12457.6 840.779 1275.24 -0.0854016 73
12999.5 1126.47 1709.36 0.0896493 73
12483.2 835.764 1255.31 -0.0798155 74
13007 1121.32 1673.75 0.096237 74
12464.3 831.544 1217.27 -0.0805712 75
12991.9 1116.83 1639.59 0.0991269 75
12472.2 826.676 1181.47 -0.0765015 76
12999.7 1111.7 1606.8 0.10554 76
12454.9 820.893 1147.72 -0.0798263 77
12983.1 1101.84 1575.3 0.104569 77
12496.5 819.895 1147.72 -0.0723632 78
13022.2 1107.82 1575.3 0.113867 78
12478.4 815.26 1131.55 -0.0772874 79
12988.2 1098.76 1545 0.110885 79
12462.7 813.007 1085.68 -0.0764809 80
12984.5 1094.22 1515.85 0.11474 80
12461.3 804.213 1071.2 -0.0831013 81
12996.4 1086.64 1515.85 0.112089 81
12456.8 802.421 1030 -0.0822184 82
12971.2 1081.25 1460.73 0.117197 82
12462.5 798.519 1016.96 -0.0838314 83
12987.9 1080 1460.73 0.118789 83
12448.9 796.477 1004.25 -0.0868063 84
12986.9 1076 1460.73 0.116392 84
12457.4 784.359 967.953 -0.0956174 85
12971.9 1061.47 1409.48 0.116209 85
12459 780.737 934.187 -0.100669 86
12998.6 1062.41 1409.48 0.119215 86
12451 769.755 912.956 -0.114185 87
12983.9 1046.53 1385.17 0.111379 87
13414.3 1378.14 1746.52 0.253738 87
12464.6 772.383 892.668 -0.113286 88
12986.1 1054.02 1361.7 0.119396 88
13392.4 1383.48 1709.36 0.264165 88
12452 757.876 854.682 -0.135989 89
12983.2 1034.17 1339 0.107289 89
13369.8 1355.19 1673.75 0.255998 89
12440.4 750.761 828.248 -0.14848 90
12970.8 1024.97 1317.05 0.102843 90
13374.5 1348.47 1673.75 0.253961 90
12451.7 747.644 803.401 -0.157994 91
12956.2 1025.48 1275.24 0.10604 91
13392.7 1356.83 1673.75 0.260071 91
13871.4 1688.94 2114.21 0.342502 91
12456.5 747.096 772.501 -0.167716 92
12965.3 1025.57 1255.31 0.106106 92
13379.6 1353.95 1639.59 0.263922 92
13776.3 1658.04 2008.5 0.347793 92
12442.1 732.413 743.89 -0.19394 93
12957.6 1005.05 1236 0.0911326 93
13355.2 1325.63 1606.8 0.25335 93
13782.7 1633.02 2008.5 0.338014 93
12427.5 718.531 704.738 -0.225949 94
12938.4 990.366 1199.11 0.0797651 94
13365.6 1314.84 1606.8 0.247211 94
13785.6 1620.45 2008.5 0.334225 94
12442.3 734.748 663.968 -0.22509 95
12949.3 1010.5 1164.35 0.0927709 95
13337.6 1332.11 1545 0.264535 95
13712.5 1626.54 1912.86 0.352872 95
14103.2 1966.55 2295.43 0.42369 95
12447.9 727.386 642.721 -0.247544 96
12956.7 1002.88 1147.72 0.0841651 96
13329.2 1318.43 1515.85 0.259231 96
13730.3 1618.09 1912.86 0.348373 96
14117.6 1955.44 2295.43 0.419982 96
12444.9 721.421 613.283 -0.272104 97
12948.3 992.336 1115.83 0.0737595 97
13349.2 1311.11 1515.85 0.252924 97
13747.1 1609.06 1912.86 0.343587 97
14130.7 1943.47 2295.43 0.41597 97
12421.4 735.672 542.839 -0.294076 98
12890.1 992.553 1016.96 0.0714664 98
13252 1289.52 1385.17 0.25582 98
13570.6 1550.6 1709.36 0.348543 98
13914.7 1852.8 2060 0.421307 98
13188.7 1287.82 1295.81 0.264336 99
13488.6 1537.7 1606.8 0.358022 99
13782.4 1813.29 1912.86 0.43134 99
12886.9 994.071 967.953 0.0597738 100
13242.8 1288.03 1339 0.253095 100
13564.1 1549.12 1673.75 0.348901 100
13883.7 1840.52 2008.5 0.423512 100
12864 987.965 923.449 0.0449032 101
13216.2 1277.83 1295.81 0.246689 101
13542 1537.11 1639.59 0.344848 101
13842.3 1818.11 1959.51 0.421149 101
12886.8 984.269 934.187 0.0341058 102
13224.4 1277.16 1295.81 0.242104 102
13580.3 1547.81 1673.75 0.34189 102
14082.5 2214.95 2231.67 0.525509 102
13891.2 1837.19 2008.5 0.419295 102
12893.1 978.799 902.698 0.0139894 103
13233.8 1274.81 1275.24 0.23404 103
13569.7 1541.47 1639.59 0.339002 103
13906.3 1841.26 2008.5 0.418287 103
14087.6 2216.07 2231.67 0.526543 103
12872.6 989.879 863.872 0.01739 104
13210.2 1280.46 1236 0.239291 104
13549.6 1547.22 1606.8 0.344874 104
13867.5 1839.01 1959.51 0.424533 104
14034.1 2202.48 2171.35 0.533429 104
13282.8 1300.05 1275.24 0.234352 105
13641.9 1583.75 1673.75 0.344313 105
13984 1897 2060 0.426333 105
14161.8 2284.78 2295.43 0.537165 105
13280.5 1288.88 1255.31 0.223266 106
13624.8 1565.54 1639.59 0.336338 106
13998.5 1887.16 2060 0.419069 106
14174.3 2272.83 2295.43 0.530938 106
12935.8 989.512 828.248 -0.0299546 107
13292.6 1301.02 1236 0.223069 107
13682.9 1596.76 1673.75 0.339169 107
14068.6 1932.6 2114.21 0.423842 107
14247.1 2333.22 2362.94 0.53752 107
12941.7 999.942 803.401 -0.0370124 108
13301.2 1313.01 1217.27 0.223294 108
13673.6 1605.03 1639.59 0.342084 108
14037.1 1931.76 2060 0.427957 108
14261.5 2355.18 2362.94 0.542146 108
12902.4 979.842 750.842 -0.0713803 109
13279.8 1287.42 1181.47 0.203137 109
13655.9 1574.15 1606.8 0.326181 109
14051.1 1907.51 2060 0.413895 109
14213.5 2293.56 2295.43 0.530339 109
13284.4 1298.81 1164.35 0.207337 110
13672.6 1593.82 1606.8 0.332876 110
14062.3 1931.56 2060 0.422022 110
14218 2319.94 2295.43 0.539784 110
14327.1 2825.57 2510.63 0.672606 110
13289.6 1296.66 1131.55 0.194846 111
13678.2 1588.99 1575.3 0.324737 111
14048.4 1915 2008.5 0.415894 111
14249.9 2323.06 2295.43 0.534651 111
14355.9 2827.9 2510.63 0.669118 111
13271.8 1279.84 1100.55 0.178171 112
13661.3 1568.08 1545 0.312705 112
14060 1901.01 2008.5 0.40567 112
14260.2 2308.5 2295.43 0.52635 112
14298.2 2761.63 2434.55 0.66282 112
13261.2 1286.33 1057.11 0.175779 113
13660.5 1578.97 1515.85 0.315364 113
14035.5 1906.41 1959.51 0.411264 113
14216.2 2302.67 2231.67 0.533915 113
14368.6 2838.76 2510.63 0.671025 113
13280.1 1289.9 1057.11 0.169805 114
13677.3 1585.81 1515.85 0.313484 114
14050.2 1915.07 1959.51 0.411089 114
14285.6 2345.2 2295.43 0.534431 114
14377 2849.39 2510.63 0.673063 114
13267.9 1295.23 1004.25 0.164173 115
13661.2 1587.88 1460.73 0.313161 115
14039.9 1917.87 1912.86 0.412778 115
14256.4 2335.97 2231.67 0.538157 115
14333.7 2823.58 2434.55 0.678415 115
13239.5 1286.47 956.43 0.15474 116
13630.3 1572.77 1409.48 0.307828 116
14015.7 1900.51 1868.37 0.408983 116
14218 2305.36 2171.35 0.53577 116
14347.2 2824.91 2434.55 0.677012 116
13230.7 1290.62 912.956 0.149972 117
13594.4 1567.62 1339 0.308695 117
13967.3 1885.88 1785.34 0.41149 117
14191.6 2295.82 2114.21 0.539592 117
14248.8 2752.67 2295.43 0.682339 117
13277.9 1312.77 923.449 0.152146 118
13671.8 1606.23 1385.17 0.313371 118
14034.2 1931.9 1825.91 0.418349 118
14266.7 2358.65 2171.35 0.547431 118
14324.5 2832.37 2362.94 0.690924 118
13230.9 1294.3 854.682 0.133234 119
13607.2 1573.12 1295.81 0.30229 119
13981.2 1892.72 1746.52 0.409676 119
14187 2293.56 2060 0.541386 119
14285.3 2780.2 2295.43 0.686341 119
13255.3 1298.57 845.685 0.121533 120
13638.2 1582.66 1295.81 0.297542 120
14010 1904.47 1746.52 0.407763 120
14212.9 2307.11 2060 0.54134 120
14307.1 2795.82 2295.43 0.688145 120
13265.8 1297.5 819.797 0.107039 121
13650.5 1586.73 1275.24 0.294141 121
14037.9 1918.52 1746.52 0.408162 121
14234.8 2325.52 2060 0.54497 121
14322.1 2816.32 2295.43 0.69391 121
13264.1 1306.54 795.447 0.107878 122
13632.9 1591.84 1236 0.298719 122
14020.6 1923.46 1709.36 0.413839 122
14202.6 2319.85 2008.5 0.551475 122
14330.6 2838.25 2295.43 0.70061 122
13242.7 1301.17 750.842 0.0946434 123
13620.5 1581.92 1199.11 0.291011 123
13978 1898.01 1639.59 0.409436 123
14179.9 2296.83 1959.51 0.548585 123
14296 2798.81 2231.67 0.69944 123
13272.6 1309.53 737.065 0.0816445 124
13660.9 1597.91 1199.11 0.287654 124
14047 1930.43 1673.75 0.409123 124
14212.9 2319.5 1959.51 0.551176 124
14323.9 2823.25 2231.67 0.703686 124
13260.4 1320.45 686.668 0.075256 125
13631.3 1601.24 1131.55 0.289961 125
14017 1929.77 1606.8 0.413522 125
14198.7 2322.93 1912.86 0.557185 125
14294.7 2811.89 2171.35 0.711319 125
13263.3 1304.34 663.968 0.042701 126
13640 1587.81 1115.83 0.273176 126
14009.9 1911.22 1575.3 0.403641 126
14218.5 2318.56 1912.86 0.550507 126
14311.6 2809.43 2171.35 0.707417 126
13293.6 1310.26 658.525 0.0251369 127
13672.7 1600.06 1115.83 0.266802 127
14069.7 1937.65 1606.8 0.400514 127
14245.6 2336.69 1912.86 0.550699 127
14384.2 2870 2231.67 0.708857 127
13646.3 1602.51 1057.11 0.267598 128
14012.3 1925.28 1515.85 0.404999 128
14228.7 2337.93 1868.37 0.556338 128
14350.5 2856.05 2171.35 0.716408 128
13634.9 1599.21 1030 0.263184 129
14000.5 1919.31 1487.78 0.402777 129
14204.8 2321.55 1825.91 0.555535 129
14316 2823.53 2114.21 0.716546 129
13631.6 1586.85 1004.25 0.248207 130
14020.4 1915.68 1487.78 0.393933 130
14221.5 2321.27 1825.91 0.550895 130
14328.9 2826.16 2114.21 0.715051 130
13636.2 1605.2 979.757 0.253261 131
14020.3 1934.09 1460.73 0.400891 131
14206.5 2331.54 1785.34 0.559216 131
14343.2 2858.97 2114.21 0.723744 131
13638.5 1606.02 945.178 0.241413 132
14028.7 1938.36 1434.64 0.396616 132
14233.8 2350.11 1785.34 0.559183 132
14320.7 2844.61 2060 0.72768 132
13648.8 1600.31 934.187 0.2276 133
14048.2 1937.62 1434.64 0.388955 133
14251.2 2352.01 1785.34 0.554933 133
14335.8 2848.71 2060 0.725782 133
13643.4 1605.57 892.668 0.222371 134
14035 1937.78 1385.17 0.388725 134
14246.5 2352.96 1746.52 0.557133 134
14359.9 2871.7 2060 0.729521 134
13668.7 1618.4 882.858 0.216033 135
14066 1958.34 1385.17 0.388846 135
14272.3 2377.64 1746.52 0.560608 135
14379.3 2899.96 2060 0.73557 135
14017.7 1930.38 1317.05 0.380988 136
14224 2338.4 1673.75 0.555711 136
14352.5 2864.31 2008.5 0.732243 136
13667.7 1613.78 836.876 0.192241 137
14062.9 1954.64 1339 0.379624 137
14274.3 2378.06 1709.36 0.558273 137
14406.5 2925.09 2060 0.737551 137
14369.8 3410.55 2231.67 0.889402 137
14057.6 1959.44 1317.05 0.382088 138
14286.7 2392.94 1709.36 0.561864 138
14374.7 2907.05 2008.5 0.742951 138
14375 3428.96 2231.67 0.894915 138
14281.2 2371.31 1673.75 0.552156 139
14056 1960.76 1255.31 0.375804 140
14273.9 2390.75 1639.59 0.565211 140
14373.7 2916.31 1959.51 0.752029 140
14065.2 1949.74 1236 0.361613 141
14274.1 2371.88 1606.8 0.555456 141
13638.8 1611.32 675.127 0.137974 142
14036.6 1949.3 1181.47 0.366489 142
14263.3 2379.25 1575.3 0.563734 142
14375.9 2912.93 1912.86 0.75544 142
13662 1603.59 675.127 0.114082 143
14059.5 1943.48 1181.47 0.352672 143
14260 2361.35 1545 0.555535 143
14399.9 2912.9 1912.86 0.74924 143
14037.4 1944.64 1131.55 0.35669 144
14254.5 2368.82 1515.85 0.562639 144
14377.9 2909.1 1868.37 0.759096 144
14065.6 1960.53 1115.83 0.354636 145
14268 2381.58 1487.78 0.566427 145
14376.6 2911.62 1825.91 0.766298 145
14051.2 1951.63 1071.2 0.348329 146
14270.2 2377.29 1460.73 0.564583 146
14399 2924.98 1825.91 0.767068 146
14091.9 1970.11 1071.2 0.345214 147
14283.2 2388.35 1434.64 0.567824 147
14397.9 2925.04 1785.34 0.773276 147
14030.9 1932.44 979.757 0.324715 148
14247.8 2344.97 1361.7 0.554044 148
14368.3 2869.54 1709.36 0.764209 148
14048.9 1946.14 967.953 0.325248 149
14248.7 2358.54 1339 0.562342 149
14351.7 2874.57 1673.75 0.776583 149
14059.4 1955.55 923.449 0.311078 150
14264.8 2361.5 1295.81 0.553495 150
14379.2 2877.38 1639.59 0.770671 150
14049.3 1945.17 902.698 0.299372 151
14253.4 2351.65 1275.24 0.549345 151
14381.8 2881.31 1639.59 0.770284 151
14037.9 1955.14 863.872 0.304325 152
14235.9 2360.85 1236 0.561817 152
14361.1 2892.6 1606.8 0.786645 152
14362.4 3421.53 1868.37 0.962693 152
14053.7 1952.13 854.682 0.281903 153
14260.8 2363.41 1236 0.547301 153
14363.5 2875.48 1575.3 0.777108 153
14362.8 3390.9 1825.91 0.955066 153
14230.4 2348.86 1181.47 0.544088 154
14353.9 2869.91 1545 0.777438 154
14345.9 3372.99 1785.34 0.957613 154
14241.5 2363.05 1164.35 0.544627 155
14350.1 2876.99 1515.85 0.783606 155
14357.2 3402.66 1785.34 0.965694 155
14248.7 2386.73 1147.72 0.557199 156
14362.1 2912.2 1515.85 0.798062 156
14335.2 3404.22 1746.52 0.981824 156
14265.1 2373 1115.83 0.536788 157
14385.5 2898.83 1487.78 0.785321 157
14380.4 3414.54 1746.52 0.972251 157
14242.3 2358.09 1071.2 0.533852 158
14357 2872.04 1434.64 0.787596 158
14362.8 3394.77 1709.36 0.976797 158
14065 1960.25 692.587 0.204032 159
14260.2 2366.8 1071.2 0.529632 159
14369 2885.63 1434.64 0.789575 159
14369.9 3410.78 1709.36 0.981299 159
14261.5 2380.4 1030 0.535364 160
14378.2 2906.4 1409.48 0.800208 160
14366.3 3420.15 1673.75 0.994559 160
14266.7 2375.67 1004.25 0.528289 161
14383 2901.6 1385.17 0.799975 161
14363.7 3404.76 1639.59 0.997374 161
14240.9 2354.53 945.178 0.522287 162
14355.4 2863.01 1317.05 0.799339 162
14325 3330.65 1545 0.9993 162
14263.6 2367.64 934.187 0.517775 163
14364 2871.35 1295.81 0.803133 163
14342.6 3355.53 1545 1.00576 163
14225.7 2331.24 873.262 0.500512 164
14335.6 2823.6 1236 0.793185 164
14323 3300.06 1487.78 0.998854 164
14264.7 2361.14 892.668 0.50538 165
14375.7 2876.67 1275.24 0.803482 165
14342.4 3351.75 1515.85 1.01202 165
14249.3 2337.32 836.876 0.479655 166
14360 2844.78 1217.27 0.794402 166
14330.1 3314.47 1460.73 1.00957 166
14239.4 2343.16 787.648 0.478906 167
14345 2840.47 1164.35 0.802984 167
14313.8 3302.41 1409.48 1.02179 167
14255.2 2340.53 780.001 0.459706 168
14362.5 2846.19 1164.35 0.795482 168
14327.9 3310.2 1409.48 1.01893 168
14363.7 2858.32 1131.55 0.803174 169
14329.6 3324.31 1385.17 1.0301 169
14368.2 2863.2 1100.55 0.803711 170
14335.9 3331.22 1361.7 1.03517 170
14353.2 2830.7 1057.11 0.791236 171
14325.7 3290.66 1317.05 1.02749 171
14367.1 2854.75 1057.11 0.793375 172
14343.2 3336.02 1339 1.03473 172
14350.8 2834.26 1016.96 0.788845 173
14314.9 3288.07 1275.24 1.03588 173
14347.5 2831.43 979.757 0.783386 174
14317.5 3295.94 1255.31 1.03913 174
14344.7 2827.79 956.43 0.779511 175
14315.3 3293.19 1236 1.04091 175
14345 2821.71 934.187 0.772333 176
14316.2 3287.95 1217.27 1.04014 176
14334.8 2819.66 882.858 0.77541 177
14314.4 3290.61 1181.47 1.04918 177
14349 2831.71 882.858 0.770862 178
14323.8 3304.53 1181.47 1.05006 178
14361.3 2848.07 854.682 0.769869 179
14327.5 3312.47 1147.72 1.05824 179
14341.2 2818.52 819.797 0.76157 180
14323.6 3293.01 1131.55 1.05328 180
14345.9 2819.39 787.648 0.750306 181
14327.9 3290.89 1100.55 1.05251 181
14371.3 2857.19 795.447 0.753049 182
14337.7 3325.64 1100.55 1.06244 182
14360.7 2835.17 772.501 0.742263 183
14334.9 3307.31 1085.68 1.05696 183
14333 2814.04 686.668 0.727675 184
14314 3274.94 1004.25 1.06102 184
14306.7 3268.02 979.757 1.06352 185
14331.9 2802.55 642.721 0.699015 186
14314.4 3264.28 967.953 1.05497 186
14306.5 3251.33 923.449 1.05405 187
14300.7 3268.13 902.698 1.06582 188
14319.5 3279.31 923.449 1.05472 189
14302.5 3258.92 863.872 1.05711 190
14298.7 3240.01 828.248 1.04924 191
14301.3 3258.33 828.248 1.05448 192
14311.2 3260.79 819.797 1.04276 193
14297.9 3231.25 750.842 1.03228 194
14316.3 3282.79 765.144 1.03854 195
14305.9 3253.11 717.322 1.02618 196
14294.3 3243.93 663.968 1.02172 197
14311 3270.47 675.127 1.01474 198
14301.1 3238.49 622.791 0.994924 199
14114.1 3668.33 882.858 1.39245 199
14113.4 3623.24 828.248 1.388 200
14309.5 3257.72 577.986 0.97185 201
14115.1 3682.91 845.685 1.4028 201
14117.9 3653.59 803.401 1.39675 202
14109.9 3629.29 743.89 1.40173 203
14119.1 3644.47 743.89 1.39399 204
14306.1 3230.73 431.936 0.852533 205
14124 3621.35 704.738 1.38182 205
14115.7 3651.4 686.668 1.39828 206
14131.2 3660.17 680.848 1.3785 207
14135.1 3627.05 632.599 1.36013 208
14130.6 3628.44 613.283 1.36071 209
14140.7 3675.89 642.721 1.35319 210
14135.1 3670.4 618.001 1.35095 211
14130.3 3665.82 595.112 1.3479 212
14141.1 3634.6 550.275 1.30962 213
13913.4 4006.31 836.876 1.64693 213
14123.8 3678.69 542.839 1.33212 214
13883.7 4038.61 828.248 1.67725 214
14136 3659.59 505.284 1.28783 215
13900.6 4026.3 803.401 1.65982 215
14138.1 3648.51 472.589 1.25974 216
13909.5 4010.31 772.501 1.65002 216
14130.9 3661.79 439.017 1.23954 217
13901.2 4026.14 750.842 1.65416 217
13907.2 4034.99 743.89 1.64288 218
13915.4 4058.52 750.842 1.6272 219
13918.3 4034.29 704.738 1.62272 220
13926.9 4054.86 704.738 1.60607 221
13651.1 4391.16 1004.25 1.83939 221
13928.1 4037.26 647.904 1.59234 222
13667.3 4337.75 923.449 1.8395 222
13918.9 4068.14 642.721 1.58706 223
13644 4386.53 945.178 1.8463 223
13922.1 4055.42 613.283 1.5721 224
13655.9 4355.4 902.698 1.84121 224
13932.3 4049.97 590.736 1.54465 225
13660.1 4378.59 912.956 1.82865 225
13918.1 4044.3 542.839 1.53971 226
13656 4343.48 845.685 1.83758 226
13929.5 4059.49 535.601 1.5037 227
13651 4397.76 882.858 1.82368 227
13654.1 4366.76 819.797 1.81902 228
13288.3 4655.77 1131.55 2.04135 228
13652.2 4409.87 845.685 1.80468 229
13259.1 4732.01 1199.11 2.03542 229
13668.6 4411.78 828.248 1.77913 230
13272.5 4743.77 1199.11 2.02161 230
13656.3 4413.53 787.648 1.77117 231
13259.9 4734.25 1164.35 2.02892 231
12926.5 5039.05 1515.85 2.12556 231
13657 4412.44 765.144 1.75874 232
13261.4 4733.08 1147.72 2.02533 232
12922.4 5048.73 1515.85 2.12378 232
13669.8 4407.01 737.065 1.731 233
13274.7 4733.96 1131.55 2.0115 233
12933.8 5060.76 1515.85 2.11282 233
13663.1 4411.52 717.322 1.72539 234
13265.5 4733.6 1115.83 2.01601 234
12915.9 5067.52 1515.85 2.11974 234
13650.9 4412.5 675.127 1.70911 235
13252.7 4735.76 1085.68 2.01604 235
12904.1 5062.79 1487.78 2.124 235
13651.1 4413.52 653.172 1.69097 236
13252.1 4738.68 1071.2 2.01019 236
12912.4 5050.34 1460.73 2.12148 236
13264.5 4745.01 1057.11 1.99253 237
12921.8 5066.16 1460.73 2.10881 237
13656.5 4409.99 582.175 1.6282 238
13258.1 4737.66 1016.96 1.98939 238
12910.9 5063.97 1434.64 2.11091 238
13658 4406.35 554.07 1.60494 239
13255.6 4744.01 1004.25 1.98334 239
12903.4 5078 1434.64 2.10815 239
13255.3 4747.53 967.953 1.96846 240
12900.2 5085.3 1409.48 2.10171 240
13231.5 4745.81 934.187 1.97448 241
12870.1 5084.54 1385.17 2.11226 241
13254.4 4755.3 934.187 1.9492 242
12896.9 5095.61 1385.17 2.09243 242
13245.3 4763.07 923.449 1.94493 243
12881.4 5108.95 1385.17 2.0925 243
12903.1 5087.98 1339 2.08208 244
12879.4 5099.66 1339 2.09002 245
12882.4 5099.38 1317.05 2.08529 246
13230.7 4767.99 819.797 1.91422 247
12862.4 5114.26 1295.81 2.08603 247
13229.6 4775.86 803.401 1.903 248
12863.1 5116.38 1275.24 2.08159 248
13230.2 4774.97 780.001 1.89235 249
12863.2 5117.26 1255.31 2.07739 249
13220 4785.13 750.842 1.87828 250
12855 5115.14 1217.27 2.07527 250
13233 4772.2 710.974 1.85466 251
12861.4 5121.72 1199.11 2.06339 251
13234.4 4765.58 680.848 1.84072 252
12866.6 5110.49 1164.35 2.05846 252
13218.1 4781.55 653.172 1.82398 253
12844.3 5132.84 1147.72 2.05435 253
13210.8 4792.69 647.904 1.81599 254
12840.8 5132.87 1131.55 2.05164 254
12841.9 5121.28 1085.68 2.04518 255
12850 5124.38 1071.2 2.03359 256
12849.8 5120.83 1043.38 2.02286 257
12854.6 5111.51 1016.96 2.01612 258
12882.1 5092.58 967.953 1.99353 259
12848.4 5127.44 967.953 1.99186 260
12844.1 5123.1 945.178 1.9893 261
12836.2 5120.96 902.698 1.98063 262
12831 5124.3 882.858 1.97537 263
12830.9 5119.37 854.682 1.96832 264
12824.8 5119.62 836.876 1.96536 265
12831.8 5110.27 803.401 1.95277 266
12816.2 5124.19 780.001 1.94583 267
12812.1 5124.18 765.144 1.94312 268
12261.4 1010.7 1673.75 -0.668534 386
12264.9 990.22 1639.59 -0.668101 387
12267.6 966.059 1606.8 -0.670454 388
12152.8 1044.56 1434.64 -0.673802 389
12079.9 1052.8 1317.05 -0.693709 390
12133 994.13 1236 -0.682979 391
12676.8 1080.64 1460.73 -0.430667 392
12752.3 1078.63 1409.48 -0.399518 393
12303.5 845.021 1236 -0.707393 393
12763.5 1050.52 1385.17 -0.411283 394
12288.3 824.751 1164.35 -0.743946 394
12253.2 837.419 1057.11 -0.781042 395
12738.6 1045.37 1317.05 -0.424561 395
12815.6 1051.39 1275.24 -0.403231 396
12286 835.419 882.858 -0.841105 397
12787.1 1052.42 1199.11 -0.416877 397
13206.2 1338.24 1409.48 -0.14165 397
12786 1050.22 1071.2 -0.436856 398
13215.4 1339.37 1317.05 -0.127611 398
12831.9 1037.92 1043.38 -0.443586 399
13244.3 1355.7 1275.24 -0.107683 399
12831.5 1050.57 967.953 -0.446491 400
13256.1 1370.49 1217.27 -0.0887482 400
12887.1 1045.37 873.262 -0.455059 401
13297.6 1371 1115.83 -0.0645979 401
12861.8 1054.18 772.501 -0.473063 402
13293.5 1371.05 1043.38 -0.0501392 402
12827.8 1071.94 642.721 -0.494376 403
13318.9 1382.48 979.757 -0.017918 403
13413.1 1369.86 912.956 0.0145304 404
12842.7 1072.94 407.818 -0.585108 405
13229 1305.71 622.791 -0.0106487 406
13291.5 1301.02 586.424 -0.00271621 407
13400.4 1327.69 627.657 0.020076 408
13450.9 1346 658.525 0.0251638 409
13414.7 1355.59 642.721 0.0202982 410
13390.6 1365.77 642.721 0.0192507 411
13380.2 1370.58 642.721 0.019515 412
13364.6 1377.7 642.721 0.0195315 413
13355.6 1382.56 642.721 0.0196511 414
13355.6 1382.62 642.721 0.019746 415
13350.8 1386.95 642.721 0.0199904 416
13350.8 1388.44 642.721 0.0198983 417
13352.2 1389.47 642.721 0.0202779 418
13352.6 1389.76 642.721 0.0200657 419
13353.5 1390.51 642.721 0.0200633 420
13353.9 1390.83 642.721 0.0200659 421
13354.2 1391.09 642.721 0.0200224 422
13354.6 1391.67 642.721 0.0201176 423
13355.4 1392.03 642.721 0.0203904 424
13355.4 1392.08 642.721 0.0201384 425
13355.8 1392.33 642.721 0.020296 426
13356.1 1392.29 642.721 0.0203121 427
13356 1391.69 642.721 0.0191609 428
13355.7 1391.86 642.721 0.0190795 429
13355.5 1392.11 642.721 0.0191442 430
13355.2 1392.47 642.721 0.019196 431
13355.1 1392.5 642.721 0.0190632 432
13355.6 1392.99 642.721 0.0198504 433
13355.5 1392.61 642.721 0.0191511 434
13355.3 1392.74 642.721 0.0190486 435
13355.2 1392.97 642.721 0.0191468 436
13355.2 1393.01 642.721 0.0191077 437
13355.2 1393.05 642.721 0.0190923 438
13368.1 1394.97 642.721 0.0256924 439
13372.2 1394.12 642.721 0.0257225 440
13375 1393.49 642.721 0.0256634 441
13377.8 1392.96 642.721 0.0257002 442
13371 1389.93 642.721 0.0193004 443
13365.1 1391.09 642.721 0.0191017 444
13361.1 1392.68 642.721 0.0203119 445
13355.9 1393.63 642.721 0.0201686 446
13360.9 1394.56 647.904 0.0211531 447
13349.2 1391.72 637.62 0.0180302 448
13360.4 1383.13 622.791 0.019932 449
13406.4 1384.06 622.791 0.0382869 450
13562.4 1374.87 710.974 0.0411044 451
