# x y d a f
13390.3 1441.48 2869.29 0.00911285 1
13091.8 1201.09 2678 -0.074333 1
13390 1441.46 2869.29 0.0091332 2
13091.8 1201.65 2678 -0.0741047 2
13385.7 1426.38 2869.29 0.00603197 3
13086.5 1186.81 2678 -0.0774468 3
13386.4 1436.23 2869.29 0.00880513 4
13088.2 1196.64 2678 -0.0743902 4
13384.5 1434.32 2869.29 0.00875759 5
13086.4 1194.93 2678 -0.0743705 5
13382.1 1423.58 2869.29 0.00592252 6
13083 1184.39 2678 -0.0774381 6
13383.8 1433.59 2869.29 0.0088564 7
13085.5 1193.88 2678 -0.074374 7
13385.4 1434.97 2869.29 0.00909459 8
13087 1194.57 2678 -0.0743557 8
13380.7 1421.98 2869.29 0.00576236 9
13081.7 1183.15 2678 -0.0774862 9
13379.3 1421.24 2869.29 0.00586776 10
13080 1181.84 2678 -0.0775696 10
13378 1419.98 2869.29 0.00578266 11
13079.1 1181.46 2678 -0.0773506 11
13382.9 1431.53 2869.29 0.00906877 12
13084.5 1191.33 2678 -0.0743113 12
13384.6 1431.95 2869.29 0.00900876 13
13086.4 1192.21 2678 -0.074213 13
13383.6 1422.23 2869.29 0.00596779 14
13084.5 1183.02 2678 -0.0773904 14
13381.5 1421.12 2869.29 0.00585757 15
13082.3 1181.63 2678 -0.0776159 15
13379.7 1420.08 2869.29 0.00576489 16
13080.8 1181.46 2678 -0.0774063 16
13378.3 1418.94 2869.29 0.0056394 17
13079.4 1180.47 2678 -0.0774964 17
13376.9 1418.46 2869.29 0.00595065 18
13077.6 1178.88 2678 -0.0775399 18
13379.8 1428.73 2869.29 0.00902342 19
13081.6 1189.31 2678 -0.0740811 19
13382.7 1430.89 2869.29 0.00948027 20
13084.1 1190.46 2678 -0.0739269 20
13384.2 1430.77 2869.29 0.00919355 21
13086.2 1191.61 2678 -0.0737939 21
13386.1 1432.27 2869.29 0.0094033 22
13087.6 1192.13 2678 -0.073904 22
13387.7 1433.65 2869.29 0.00930825 23
13089.4 1193.86 2678 -0.0738871 23
13386 1434.07 2869.29 0.00938763 24
13087.5 1193.78 2678 -0.0739764 24
13385.7 1433.24 2869.29 0.00912708 25
13087.5 1193.76 2678 -0.0739835 25
13387 1435.29 2869.29 0.0095541 26
13088.5 1195 2678 -0.0737927 26
13388 1435.87 2869.29 0.00929775 27
13090 1196.6 2678 -0.0737165 27
13388.9 1437.41 2869.29 0.00958189 28
13090.4 1197.02 2678 -0.0737966 28
13385.8 1425.91 2869.29 0.00600662 29
13086.9 1187.43 2678 -0.0770767 29
13386 1426.28 2869.29 0.00612399 30
13086.8 1187.28 2678 -0.0771315 30
13386.7 1436.79 2869.29 0.00928961 31
13088.4 1197.11 2678 -0.0738709 31
13388.3 1438.61 2869.29 0.00954704 32
13089.9 1198.47 2678 -0.0737489 32
13388.6 1438.3 2869.29 0.00930186 33
13090.4 1198.81 2678 -0.0737954 33
13389.3 1439.35 2869.29 0.00949405 34
13090.9 1199.35 2678 -0.0737584 34
13389.4 1439.3 2869.29 0.00934316 35
13091.3 1199.96 2678 -0.0736902 35
13389.7 1439.51 2869.29 0.00916543 36
13091.8 1200.73 2678 -0.0736915 36
13387.1 1429.49 2869.29 0.00622641 37
13087.8 1190.12 2678 -0.0771473 37
13387.5 1439.49 2869.29 0.00931155 38
13089.3 1199.87 2678 -0.0738245 38
13388.9 1440.48 2869.29 0.00945568 39
13090.6 1200.78 2678 -0.0736944 39
13389 1440.71 2869.29 0.00952915 40
13090.6 1200.54 2678 -0.0737801 40
13389.5 1441.12 2869.29 0.00958326 41
13091.1 1201.05 2678 -0.0736796 41
13389.7 1440.89 2869.29 0.00943967 42
13091.5 1201.25 2678 -0.0736881 42
13387 1429.66 2869.29 0.00617193 43
13087.7 1190.48 2678 -0.0771382 43
13386.7 1429 2869.29 0.00596345 44
13087.7 1190.37 2678 -0.0771812 44
13387.8 1440.24 2869.29 0.00946187 45
13089.3 1200.01 2678 -0.0738712 45
13389 1440.74 2869.29 0.00948494 46
13090.6 1200.65 2678 -0.0737992 46
13389.7 1440.69 2869.29 0.0093306 47
13091.6 1201.21 2678 -0.0737568 47
13390.3 1441.66 2869.29 0.00956298 48
13091.9 1201.47 2678 -0.0737472 48
13390 1440.94 2869.29 0.00933632 49
13091.8 1201.34 2678 -0.0737947 49
13390.7 1442.1 2869.29 0.00949851 50
13092.4 1202.08 2678 -0.0737605 50
13390.8 1442.49 2869.29 0.00951326 51
13092.5 1202.42 2678 -0.0737612 51
13390.9 1442.63 2869.29 0.00955769 52
13092.5 1202.42 2678 -0.0737612 52
13390.8 1442.54 2869.29 0.0094803 53
13092.6 1202.72 2678 -0.07371 53
13391 1442.97 2869.29 0.00957154 54
13092.6 1202.87 2678 -0.0737067 54
13390.5 1441.96 2869.29 0.00920904 55
13092.5 1202.73 2678 -0.0738035 55
13390.9 1442.93 2869.29 0.00948012 56
13092.6 1202.97 2678 -0.0737616 56
13390.8 1442.9 2869.29 0.00943642 57
13092.6 1203.24 2678 -0.0736997 57
13391 1443.37 2869.29 0.00952718 58
13092.6 1203.25 2678 -0.0737605 58
13390.9 1443.05 2869.29 0.0093947 59
13092.6 1203.27 2678 -0.073793 59
13391 1443.5 2869.29 0.00950445 60
13092.7 1203.45 2678 -0.0737617 60
13390.9 1443.06 2869.29 0.00934852 61
13092.8 1203.76 2678 -0.0736707 61
13391 1443.56 2869.29 0.00949007 62
13092.7 1203.58 2678 -0.0737533 62
13390.8 1443.02 2869.29 0.00929712 63
13092.8 1203.89 2678 -0.073668 63
13391.2 1444.02 2869.29 0.0095719 64
13092.8 1203.93 2678 -0.0736997 64
13390.9 1443.15 2869.29 0.00928994 65
13092.8 1203.79 2678 -0.0737605 65
13391.2 1444.05 2869.29 0.00955681 66
13092.8 1203.84 2678 -0.073762 66
13391.2 1443.9 2869.29 0.00949084 67
13092.9 1203.94 2678 -0.0737459 67
13391.2 1443.93 2869.29 0.00949735 68
13092.8 1203.93 2678 -0.0737534 68
13390.9 1443.3 2869.29 0.00929295 69
13092.8 1203.82 2678 -0.0737964 69
13391.2 1444.01 2869.29 0.00950421 70
13092.9 1204.01 2678 -0.0737465 70
13391.2 1444.06 2869.29 0.00951664 71
13092.8 1203.94 2678 -0.073776 71
13390.8 1442.98 2869.29 0.00917183 72
13092.8 1203.89 2678 -0.0737964 72
13391.2 1443.99 2869.29 0.00949007 73
13092.9 1203.97 2678 -0.0737688 73
13391.1 1443.67 2869.29 0.00938787 74
13092.9 1203.97 2678 -0.0737677 74
13391.2 1443.95 2869.29 0.00947598 75
13092.8 1203.87 2678 -0.073807 75
13390.9 1443.25 2869.29 0.00925231 76
13092.8 1203.85 2678 -0.0738141 76
13391.3 1444.37 2869.29 0.0096085 77
13092.9 1203.98 2678 -0.0737677 77
13391.3 1444.17 2869.29 0.00952746 78
13093 1204.19 2678 -0.0737142 78
13391.2 1444.07 2869.29 0.00949738 79
13092.9 1204.06 2678 -0.0737567 79
13391 1443.43 2869.29 0.00929298 80
13092.9 1204.13 2678 -0.0737345 80
13391.2 1443.99 2869.29 0.00947296 81
13092.9 1204.05 2678 -0.0737605 81
13391.2 1443.89 2869.29 0.00944317 82
13092.8 1203.89 2678 -0.0738141 82
13391.3 1444.15 2869.29 0.00951688 83
13092.9 1204.07 2678 -0.0737603 83
13391.3 1444.29 2869.29 0.00956407 84
13092.9 1204.04 2678 -0.0737688 84
13391 1443.56 2869.29 0.00933365 85
13092.8 1203.83 2678 -0.0738429 85
13387.7 1431.82 2869.29 0.0060532 86
13088.6 1192.88 2678 -0.077186 86
13389.1 1442.78 2869.29 0.00953907 87
13090.7 1202.57 2678 -0.0737848 87
13389.4 1442.07 2869.29 0.00930841 88
13091.2 1202.54 2678 -0.0737993 88
13390 1442.66 2869.29 0.00948699 89
13091.6 1202.58 2678 -0.0737961 89
13390.5 1442.56 2869.29 0.00941126 90
13092.2 1202.71 2678 -0.073798 90
13390.3 1442.07 2869.29 0.00925537 91
13092.2 1202.72 2678 -0.0737952 91
13390.8 1442.9 2869.29 0.00948871 92
13092.5 1202.95 2678 -0.0737447 92
13387.5 1430.88 2869.29 0.00609428 93
13088.3 1191.83 2678 -0.0771819 93
13388.1 1441.1 2869.29 0.00932282 94
13089.8 1201.26 2678 -0.0738926 94
13386.8 1439.69 2869.29 0.00880364 95
13088.5 1200.35 2678 -0.0742924 95
13386.4 1441.48 2869.29 0.0093452 96
13087.9 1201.44 2678 -0.0739353 96
13385.7 1441.23 2869.29 0.00925822 97
13087.4 1201.36 2678 -0.0739731 97
13385.2 1440.89 2869.29 0.00916014 98
13087 1201.42 2678 -0.0739423 98
13167.5 1411.16 2678 -0.000949673 99
12984.2 1180.63 2591.62 -0.0847609 99
13263.5 1416.67 2770.35 0.00145841 100
13072.6 1176.8 2678 -0.0829845 100
13373.5 1425.55 2869.29 0.00535017 101
13078 1185.23 2678 -0.0787888 101
13624.7 1441.05 3090 0.0108157 102
13290.2 1180.65 2869.29 -0.0736272 102
13944.5 1471.05 3347.5 0.0210588 103
13560.8 1183.79 3090 -0.0640583 103
13818.4 1516.11 3213.6 0.0345518 104
13575.8 1223.55 3090 -0.0517278 104
13664.4 1189.05 3090 -0.0538865 105
14149.1 1206.38 3493.05 -0.0391451 106
14460.1 1549.99 3651.82 0.0481097 106
13839.9 1317.63 2975.56 0.00761028 109
12776.6 1069.59 1217.27 0.143588 134
12755.1 1079.18 1181.47 0.155392 135
12745.5 1042.12 1164.35 0.131759 136
12751.9 1052.04 1147.72 0.141983 137
12723.1 1038.65 1100.55 0.137322 138
12659.9 1020.03 1016.96 0.131389 139
12853.4 1189.03 1181.47 0.238171 139
12751.5 1033.93 1057.11 0.132161 140
12973.2 1219.24 1255.31 0.243127 140
12733.1 1043.79 1016.96 0.141697 141
12656.7 997.488 945.178 0.107147 142
12859.3 1164.24 1131.55 0.2234 142
12711.5 1007.48 956.43 0.103102 143
12946.6 1187.48 1181.47 0.224354 143
13116.6 1414.28 1339 0.346233 143
12658.3 995.435 882.858 0.0903493 144
12865.9 1162.27 1085.68 0.216688 144
13041.7 1379.16 1255.31 0.341372 144
12745.2 1007.06 945.178 0.0869867 145
13000.2 1195.53 1199.11 0.216713 145
13212 1444.57 1409.48 0.344324 145
12716.8 992.738 892.668 0.0671215 146
12953.9 1171.57 1131.55 0.202608 146
13181.6 1417.03 1361.7 0.333747 146
12710.8 1009.73 863.872 0.0772361 147
12941 1188.67 1100.55 0.215157 147
13170.4 1435.73 1339 0.347477 147
13367.3 1684.42 1545 0.443707 147
12804.7 1042.39 912.956 0.0849651 148
13060.1 1241.97 1181.47 0.227581 148
13320.7 1520.69 1460.73 0.362814 148
13550.2 1805.84 1709.36 0.460278 148
12731.1 1004.24 836.876 0.0491282 149
12982.6 1188.74 1100.55 0.197922 149
13226.6 1445.91 1361.7 0.337862 149
13423.3 1698.25 1575.3 0.437301 149
12723.1 1017.38 803.401 0.0529123 150
12961.4 1199.7 1057.11 0.205619 150
13199.4 1454 1317.05 0.34786 150
13405.2 1709.23 1545 0.447779 150
12777.4 1014.78 828.248 0.0345583 151
13044.5 1212.9 1115.83 0.196677 151
13333.1 1499.79 1434.64 0.344715 151
13576.9 1789.77 1709.36 0.447191 151
13747 2097.85 1912.86 0.541938 151
12792.5 1042.65 787.648 0.0381413 152
13050.1 1241.6 1071.2 0.207235 152
13349.2 1535.27 1409.48 0.359053 152
13727.6 2122.47 1868.37 0.559279 152
13574.6 1822.14 1673.75 0.463597 152
12800.1 1041.83 743.89 0.00864573 153
13070.4 1243.1 1043.38 0.191609 153
13391.4 1546.17 1409.48 0.351477 153
13645.1 1849.62 1709.36 0.459127 153
12829.5 1038.12 743.89 -0.0120777 154
13124 1249.94 1071.2 0.181286 154
13462.2 1570.98 1460.73 0.348334 154
13734.1 1893.71 1785.34 0.458796 154
13104.5 1254.76 1004.25 0.173336 155
13431 1569.11 1385.17 0.348694 155
13734 1901.92 1746.52 0.461308 155
13145 1276.88 991.853 0.173077 156
13501.2 1608.6 1409.48 0.354098 156
13811.3 1956.4 1785.34 0.469559 156
12810.7 1061.16 595.112 -0.0718831 157
13112.8 1268.2 934.187 0.161915 157
13457.6 1588.42 1339 0.348847 157
13763.2 1927.4 1709.36 0.466962 157
13988.9 2298.4 2008.5 0.571658 157
12846.1 1067.12 569.788 -0.100309 158
13148.7 1281.67 912.956 0.155069 158
13508.6 1616.07 1339 0.35271 158
13843 1978.19 1746.52 0.47411 158
13151.1 1285.17 892.668 0.152053 159
13509 1618.12 1317.05 0.353046 159
13829 1972.11 1709.36 0.475524 159
14047.6 2350.11 2008.5 0.583317 159
14240 2786.53 2295.43 0.682544 159
13115.5 1283.38 803.401 0.140293 160
13429.1 1588.06 1181.47 0.350122 160
13695.7 1900.74 1515.85 0.476223 160
13118.8 1283.98 787.648 0.133276 161
13414.9 1580.63 1147.72 0.346606 161
13686.7 1891.12 1487.78 0.473571 161
13153.7 1283.28 803.401 0.119791 162
13479.5 1597.46 1199.11 0.339517 162
13751.9 1918.12 1545 0.469714 162
13913.9 2243.26 1785.34 0.581969 162
13113.1 1268.24 757.925 0.0995308 163
13405.6 1560.07 1115.83 0.325218 163
13680.8 1866.21 1460.73 0.4569 163
13822.6 2160.77 1673.75 0.568725 163
13078.5 1265.14 710.974 0.0833958 164
13371 1551.32 1071.2 0.318098 164
13637.3 1849.26 1409.48 0.453335 164
13762.1 2129.3 1606.8 0.567698 164
13578.9 1835.22 1339 0.456995 165
13707.6 2112.01 1545 0.573127 165
14262 3073.7 2362.94 0.762971 165
13082 1255.78 675.127 0.0408323 166
13401.1 1554.63 1071.2 0.298445 166
13658.2 1857.07 1409.48 0.444065 166
13803.1 2154.72 1639.59 0.562903 166
13085 1263.32 663.968 0.0381597 167
13384.9 1559.7 1043.38 0.301617 167
13643.2 1861.3 1385.17 0.448307 167
13806.9 2169.96 1639.59 0.567767 167
13413.1 1570.84 1043.38 0.292404 168
13687.4 1886.35 1409.48 0.445205 168
13822.4 2186.7 1639.59 0.56862 168
13626 1868.33 1317.05 0.446975 169
13758.5 2156.42 1545 0.571769 169
13951.8 2802.42 1959.51 0.774015 169
13637.8 1838.02 1317.05 0.423268 170
13797 2140.91 1575.3 0.551236 170
14167 3175.44 2295.43 0.818735 170
13403.3 1580.95 945.178 0.279029 171
13655.7 1883.24 1295.81 0.443963 171
13799.1 2182.69 1545 0.573388 171
13976 2825.2 1959.51 0.780159 171
14165.4 3237.95 2295.43 0.842005 171
13690.6 1894.77 1295.81 0.432378 172
13882.5 2226.97 1606.8 0.564951 172
14073.9 2907.94 2060 0.776607 172
14232 3295.94 2362.94 0.839517 172
13636.1 1858.82 1217.27 0.419888 173
13795.9 2160.27 1487.78 0.555872 173
14149.8 3176.84 2231.67 0.832143 173
13434.1 1580.36 902.698 0.235255 174
13699.6 1891.03 1275.24 0.417547 174
13877.9 2216.58 1575.3 0.555703 174
14087.6 2908.81 2060 0.771409 174
14241.9 3292.04 2362.94 0.835398 174
13618.6 1856.18 1164.35 0.406027 175
13794.8 2168.23 1460.73 0.549702 175
14018.4 2840.28 1959.51 0.767843 175
14149.8 3188.07 2231.67 0.832778 175
13732 1908.16 1275.24 0.402673 176
13927.1 2254.72 1606.8 0.549127 176
14345.6 3420.54 2510.63 0.836381 176
14816.9 4336.33 3347.5 0.90693 176
13431 1590.67 845.685 0.205207 177
13703.8 1910.21 1236 0.406038 177
13904.4 2256.98 1575.3 0.553528 177
14338.2 3439.04 2510.63 0.842104 177
14801.7 4353.95 3347.5 0.912748 177
13398.2 1562.25 803.401 0.18155 178
13664.3 1868.11 1181.47 0.38736 178
13865.3 2203.75 1515.85 0.537755 178
14248.9 3291.88 2362.94 0.829868 178
14649.5 4090.64 3090 0.900913 178
13643.6 1872.23 1147.72 0.389821 179
13824.7 2194.76 1460.73 0.5422 179
14197.3 3258.73 2295.43 0.835629 179
14640.2 4108.8 3090 0.906292 179
13663.7 1874.02 1147.72 0.377727 180
13865.2 2211.29 1487.78 0.533888 180
14305.7 3366.8 2434.55 0.832294 180
14729 4208.24 3213.6 0.90399 180
13639.3 1872.82 1100.55 0.37603 181
13833.5 2204.07 1434.64 0.536245 181
14253.3 3331.22 2362.94 0.838344 181
14635.7 4121.39 3090 0.910437 181
13707.6 1911.72 1147.72 0.376584 182
13922.5 2269.84 1515.85 0.539565 182
14361.6 3474.57 2510.63 0.845178 182
14898.6 4491.34 3493.05 0.916857 182
13676.4 1914.21 1071.2 0.370819 183
13888.1 2261.98 1434.64 0.538284 183
14277.4 3393.47 2362.94 0.849613 183
14392.2 4368.52 2975.56 1.01561 183
14725.1 4284.06 3213.6 0.921739 183
13726.8 1939.26 1100.55 0.366838 184
13929.6 2292.2 1460.73 0.537585 184
14390.8 3526.22 2510.63 0.851338 184
14912.9 4537.98 3493.05 0.923816 184
13688.2 1926.19 1030 0.35085 185
13888.8 2269.89 1385.17 0.528506 185
14354.8 3481.06 2434.55 0.848218 185
14409.1 4392.8 2975.56 1.01698 185
14833.1 4422.18 3347.5 0.921256 185
13726.1 1917.49 1057.11 0.332255 186
13942.6 2277.77 1434.64 0.514828 186
14942.6 4520.93 3493.05 0.913957 186
13697.7 1917.93 1016.96 0.331846 187
13929.4 2280.33 1409.48 0.51559 187
14421.1 3538.44 2510.63 0.84286 187
14941 4536.97 3493.05 0.916532 187
13923.3 2273.99 1385.17 0.508607 188
14430 3544.59 2510.63 0.840963 188
14565.3 4610.81 3213.6 1.01211 188
14948.4 4539.25 3493.05 0.915 188
13692.1 1921.29 979.757 0.317646 189
13912 2278.08 1361.7 0.509641 189
14377.8 3505.1 2434.55 0.844965 189
14559.9 4627.25 3213.6 1.01597 189
13907.4 2295.43 1339 0.516939 190
14378.3 3538.11 2434.55 0.854126 190
15087.8 3665.52 3090 0.710671 190
14476.4 4546.03 3090 1.02608 190
14933.9 4593.9 3493.05 0.927766 190
13946.8 2305.66 1361.7 0.50465 191
14042.2 2655.02 1639.59 0.658799 191
14234.8 3114.15 2060 0.773669 191
14449.1 3594.99 2510.63 0.847425 191
14566.8 4656.47 3213.6 1.02078 191
13924.9 2312.03 1317.05 0.511631 192
14205.4 3108.92 2008.5 0.782264 192
14400.1 3569.43 2434.55 0.85647 192
14558.7 4687.64 3213.6 1.02957 192
15209.2 3776.94 3213.6 0.710869 192
14948.4 4622.93 3493.05 0.930692 192
13935.9 2296.57 1317.05 0.497914 193
14039.1 2650.55 1606.8 0.656464 193
14411.1 3553.91 2434.55 0.849205 193
15225 3754.73 3213.6 0.70257 193
14963.8 4601.31 3493.05 0.923878 193
13930.6 2295.03 1295.81 0.493285 194
14052.4 2659.21 1606.8 0.652741 194
14424 3562.07 2434.55 0.846836 194
15239.9 3760.69 3213.6 0.699738 194
14977.6 4607 3493.05 0.921683 194
13951.7 2327.41 1275.24 0.495982 195
14059.3 2686.32 1575.3 0.659439 195
14443.2 3611.59 2434.55 0.855652 195
15165.7 3737.35 3090 0.707997 195
14984.4 4659.38 3493.05 0.930977 195
13938.9 2301.08 1236 0.478322 196
14058.3 2660.46 1545 0.644682 196
14422.6 3546.3 2362.94 0.844265 196
14554.7 4594.7 3090 1.02141 196
15296.7 3793.22 3213.6 0.69402 196
15022.6 4638.58 3493.05 0.919385 196
13934.5 2302.04 1217.27 0.47475 197
14066.3 2672.42 1545 0.644387 197
14422.4 3560.37 2362.94 0.847128 197
14545.6 4607.17 3090 1.02567 197
15202.7 3731.97 3090 0.6967 197
15015.3 4652.86 3493.05 0.92293 197
13950.9 2325.91 1217.27 0.479137 198
14053.5 2682.21 1515.85 0.651764 198
14423.4 3590.52 2362.94 0.855384 198
14604.8 4749.73 3213.6 1.0339 198
15204.3 3767.88 3090 0.704294 198
15005.9 4686.77 3493.05 0.931361 198
13919.8 2301.73 1164.35 0.466302 199
14047.4 2666.05 1487.78 0.64156 199
14394.5 3538.71 2295.43 0.848761 199
14555 4631.92 3090 1.02839 199
15227 3760.18 3090 0.695905 199
14935.2 4560.44 3347.5 0.925311 199
13931.5 2316.71 1164.35 0.465143 200
14055.6 2683 1487.78 0.642768 200
14397 3557.52 2295.43 0.851819 200
14142.2 4504.16 2678 1.12303 200
14551 4650.36 3090 1.03224 200
15024.6 4699.01 3493.05 0.928059 200
13942.7 2330.58 1147.72 0.464354 201
14053.9 2691.83 1460.73 0.646153 201
15243.2 3812.78 3090 0.703135 201
14548.9 4676.44 3090 1.03938 201
15024.6 4728.06 3493.05 0.934384 201
13933.1 2316.69 1131.55 0.457635 202
14059.2 2685.22 1460.73 0.640552 202
14412.8 3577.59 2295.43 0.853804 202
15162.3 3730.73 2975.56 0.699733 202
14556.2 4667.34 3090 1.03612 202
15032.8 4717.77 3493.05 0.930894 202
13933.7 2310.95 1100.55 0.446619 203
14064.6 2679.78 1434.64 0.633529 203
14393.3 3539.44 2231.67 0.850547 203
15191.5 3736.47 2975.56 0.694558 203
14123.7 4442.51 2591.62 1.12688 203
14514.7 4569.98 2975.56 1.03414 203
14965.9 4604.37 3347.5 0.928265 203
13918.6 2306.82 1057.11 0.438401 204
14045.1 2668.5 1385.17 0.630041 204
14208.6 3098.47 1785.34 0.766921 204
14408.6 3556.84 2231.67 0.849813 204
14130.5 4457.06 2591.62 1.12888 204
14523.5 4584.45 2975.56 1.03513 204
14893.2 4511.21 3213.6 0.929106 204
13928.6 2307.16 1043.38 0.428627 205
14063.3 2677.51 1385.17 0.625072 205
14420.3 3567.12 2231.67 0.849152 205
14134.4 4464.12 2591.62 1.13069 205
15144.2 3697.91 2869.29 0.691931 205
14528.8 4592.09 2975.56 1.03619 205
14985.1 4627.97 3347.5 0.928603 205
13931.6 2315.06 1030 0.427366 206
14056.6 2679.18 1361.7 0.626124 206
14386.7 3538.57 2171.35 0.852146 206
14135.9 4477.73 2591.62 1.13413 206
15153.6 3715.87 2869.29 0.69371 206
14531 4606.53 2975.56 1.03907 206
14988.1 4644.53 3347.5 0.931287 206
13906 2285.18 967.953 0.405036 207
14031.1 2640.31 1295.81 0.61128 207
14374.7 3491.12 2114.21 0.842423 207
14082.6 4312.55 2434.55 1.12857 207
15039.2 3587.25 2678 0.683487 207
14498.2 4497.6 2869.29 1.03183 207
14857.3 4421.96 3090 0.923414 207
13918.2 2298.9 945.178 0.401139 208
14057.6 2667.28 1295.81 0.612735 208
14278.1 3152.93 1785.34 0.760662 208
14386.7 3522.86 2114.21 0.84944 208
14115.5 4412.38 2510.63 1.13784 208
15128.1 3681.83 2770.35 0.688727 208
14553.3 4621.64 2975.56 1.04002 208
14934.7 4555.29 3213.6 0.930802 208
13945.4 2314.91 945.178 0.397148 209
14081 2685.62 1295.81 0.612068 209
14443.6 3585.14 2171.35 0.850627 209
14164.8 4510.01 2591.62 1.14074 209
15225.9 3765.12 2869.29 0.689357 209
14565.1 4641.87 2975.56 1.04307 209
15031.1 4684.24 3347.5 0.932605 209
13963.4 2317.21 934.187 0.383975 210
14087.7 2684.4 1275.24 0.60533 210
14462.9 3596.8 2171.35 0.84822 210
15249.5 3775.81 2869.29 0.686245 210
14177.4 4520.87 2591.62 1.14114 210
14580.1 4651.68 2975.56 1.04238 210
15048.8 4693.89 3347.5 0.931128 210
13960 2305.13 923.449 0.374492 211
14094.6 2676.99 1275.24 0.597865 211
14356 3204.41 1825.91 0.752467 211
14430.4 3547.85 2114.21 0.844544 211
14183.7 4514.1 2591.62 1.13815 211
15180.8 3704.36 2770.35 0.682079 211
14587.7 4643.54 2975.56 1.039 211
15057.8 4684.22 3347.5 0.927366 211
14104.5 2707.94 1255.31 0.604004 212
14376.3 3249.53 1825.91 0.76002 212
14446.3 3593.79 2114.21 0.852777 212
14149.9 4478.62 2510.63 1.14844 212
15197.6 3756.9 2770.35 0.689894 212
14590.8 4690.03 2975.56 1.04822 212
14979.6 4627.47 3213.6 0.936912 212
14092.5 2691.91 1217.27 0.592767 213
14465.4 3599.05 2114.21 0.846086 213
14165.8 4484.26 2510.63 1.14468 213
15222 3757.96 2770.35 0.682377 213
14609.4 4693.43 2975.56 1.04364 213
15000.8 4629.18 3213.6 0.93142 213
14099.5 2684.68 1217.27 0.585103 214
14435.7 3551.67 2060 0.841736 214
14173 4476.8 2510.63 1.14119 214
15232.8 3746.73 2770.35 0.676901 214
14618.6 4683.88 2975.56 1.03959 214
15011.1 4618.47 3213.6 0.926995 214
14097.8 2681.88 1199.11 0.576982 215
14303.5 3151.51 1673.75 0.740955 215
13855 4246.37 2114.21 1.22113 215
14445.4 3560.02 2060 0.838359 215
14176.6 4484.24 2510.63 1.14072 215
14624.2 4690.61 2975.56 1.0383 215
15173.4 3697.09 2678 0.673524 215
15019 4625.47 3213.6 0.925037 215
14090.5 2685.79 1181.47 0.575974 216
14283.1 3143.38 1639.59 0.741743 216
13851.1 4260.15 2114.21 1.22485 216
14448.1 3575.32 2060 0.839824 216
14173.1 4498.06 2510.63 1.14373 216
14564.2 4611.82 2869.29 1.04142 216
15017.7 4641.61 3213.6 0.927141 216
14078.2 2673.77 1147.72 0.566249 217
14271.9 3129.75 1606.8 0.736472 217
13832.9 4212.53 2060 1.22579 217
14424.5 3545.8 2008.5 0.836465 217
14143 4431.95 2434.55 1.1437 217
15195.4 3720.57 2678 0.669913 217
14571.3 4618.02 2869.29 1.03986 217
14951.2 4549.44 3090 0.925367 217
14087.6 2700.43 1131.55 0.564893 218
14264.1 3147.97 1575.3 0.740012 218
13828.7 4248.54 2060 1.23526 218
14434.9 3586.33 2008.5 0.841414 218
14138.7 4469.44 2434.55 1.15207 218
15209.7 3766.32 2678 0.67412 218
14567.8 4658.4 2869.29 1.04721 218
15027.4 4691.45 3213.6 0.931058 218
14079.8 2689.15 1100.55 0.55313 219
14259.2 3133.95 1545 0.731888 219
13839.9 4256.38 2060 1.2329 219
14418.3 3556.85 1959.51 0.835683 219
14152.3 4475.26 2434.55 1.14867 219
14584 4662.48 2869.29 1.04298 219
15232.5 3768.8 2678 0.667128 219
15046.5 4694.07 3213.6 0.926046 219
14077.7 2696.37 1085.68 0.551761 220
14245.4 3131.07 1515.85 0.73258 220
13820 4218.68 2008.5 1.23679 220
14424.2 3573.83 1959.51 0.837036 220
14151.9 4490.78 2434.55 1.15162 220
15170.6 3734.98 2591.62 0.668863 220
14584.4 4678.92 2869.29 1.04537 220
14971.9 4613.99 3090 0.928799 220
14084.8 2697.38 1071.2 0.542066 221
14239.5 3124.01 1487.78 0.728262 221
13824.9 4230.46 2008.5 1.23817 221
14437.9 3585.3 1959.51 0.834072 221
14158.5 4501.51 2434.55 1.15189 221
15189.2 3745.69 2591.62 0.665261 221
14593 4689.34 2869.29 1.04474 221
14983.5 4624.6 3090 0.927312 221
14092 2690.56 1071.2 0.533858 222
14225.4 3100.13 1460.73 0.722691 222
13829.6 4225.97 2008.5 1.23552 222
14444.9 3578.72 1959.51 0.829298 222
15199.3 3736.2 2591.62 0.660147 222
14164.8 4495.52 2434.55 1.14876 222
14601 4681.76 2869.29 1.04115 222
14992.8 4615.78 3090 0.92327 222
14098.4 2694.49 1057.11 0.526071 223
14241.6 3112.57 1460.73 0.71802 223
13835 4239.04 2008.5 1.23705 223
14458.2 3592.3 1959.51 0.827119 223
14171.1 4508.24 2434.55 1.14951 223
15217.1 3749.58 2591.62 0.657445 223
14609.1 4694.56 2869.29 1.04113 223
15080.3 4726.44 3213.6 0.921772 223
14099.3 2704.97 1043.38 0.525135 224
14231.4 3114.98 1434.64 0.719643 224
13836.3 4257.45 2008.5 1.24112 224
14465.2 3612.99 1959.51 0.829578 224
14171.9 4527.6 2434.55 1.15323 224
15295.6 3825.53 2678 0.659198 224
14610.1 4715.36 2869.29 1.04448 224
15082.4 4748.95 3213.6 0.924784 224
14133.8 2729.82 1057.11 0.522371 225
14248.5 3135.02 1434.64 0.720377 225
13859.5 4329.79 2060 1.24614 225
14478.5 3634.7 1959.51 0.832023 225
14209.8 4620.62 2510.63 1.15738 225
15311.4 3850.26 2678 0.661281 225
14671.2 4830.18 2975.56 1.0478 225
15089 4773.38 3213.6 0.928418 225
14146.2 2738.79 1057.11 0.51715 226
14280.1 3161.47 1460.73 0.716434 226
13867.3 4340.82 2060 1.24564 226
14523.1 3679.97 2008.5 0.829131 226
14218.4 4630.96 2510.63 1.1565 226
15400.3 3914.77 2770.35 0.657953 226
14680.8 4840.05 2975.56 1.04664 226
15182.6 4888.31 3347.5 0.926038 226
14164.7 2756.74 1071.2 0.517471 227
14304.8 3190.71 1487.78 0.717577 227
13867.2 4352.03 2060 1.24793 227
14525.1 3692.59 2008.5 0.83113 227
14253.1 4720.03 2591.62 1.15821 227
14740 4952.79 3090 1.04808 227
15181.7 4902.4 3347.5 0.928172 227
14185.7 2775.63 1085.68 0.517114 228
14312 3202.47 1487.78 0.71771 228
13873.8 4363.84 2060 1.24827 228
14567.9 3741.55 2060 0.830664 228
14259.5 4732.02 2591.62 1.15857 228
15490.7 4001.15 2869.29 0.659198 228
14746.1 4965.1 3090 1.04851 228
15277.6 5029.95 3493.05 0.927794 228
14198.2 2784.41 1100.55 0.518311 229
14331.6 3222.61 1515.85 0.719172 229
13892.6 4419.81 2114.21 1.24824 229
14566.4 3742.95 2060 0.831654 229
14258.5 4732.88 2591.62 1.15901 229
15575.9 4067.49 2975.56 0.659281 229
14744.3 4966.71 3090 1.04924 229
15275.4 5031.91 3493.05 0.928617 229
14194.5 2784.76 1100.55 0.518877 230
14328.2 3222.66 1515.85 0.719312 230
13889.8 4419.89 2114.21 1.24813 230
14562.8 3743.3 2060 0.831949 230
15572 4067.88 2975.56 0.659553 230
14255.5 4733.12 2591.62 1.15901 230
14741.2 4966.94 3090 1.04928 230
15271.8 5032.38 3493.05 0.928804 230
14188.2 2783.33 1100.55 0.51984 231
14345.8 3239.31 1545 0.718816 231
13887 4417.73 2114.21 1.24727 231
14558.4 3740.88 2060 0.83165 231
14252.7 4730.89 2591.62 1.15831 231
15565.4 4066.42 2975.56 0.660032 231
14738.3 4964.39 3090 1.04866 231
15268.5 5029.57 3493.05 0.928314 231
14181.9 2780.59 1100.55 0.520371 232
14339.7 3236.56 1545 0.719188 232
13882.3 4414.55 2114.21 1.24687 232
14553 3737.56 2060 0.831477 232
14248 4727.71 2591.62 1.15799 232
15560.7 4062.14 2975.56 0.659543 232
14733.9 4960.86 3090 1.04829 232
15263.8 5026.02 3493.05 0.928047 232
14177.6 2777.69 1100.55 0.519898 233
14334.9 3234.18 1545 0.719281 233
13878 4412.02 2114.21 1.2467 233
14548.6 3734.86 2060 0.83131 233
14243.8 4725.13 2591.62 1.15784 233
14729.6 4958.21 3090 1.04814 233
15259.7 5023.13 3493.05 0.927842 233
14170.6 2773.57 1100.55 0.519618 234
14327.5 3230.37 1545 0.719347 234
13851.2 4352.73 2060 1.24709 234
14541.6 3730.76 2060 0.831154 234
14236.7 4721.02 2591.62 1.15774 234
15462.3 3990.45 2869.29 0.659976 234
14722.6 4954.06 3090 1.04803 234
15252.7 5018.93 3493.05 0.927716 234
14167.5 2772.51 1100.55 0.519817 235
14302 3210.25 1515.85 0.719767 235
13867.8 4406.86 2114.21 1.24671 235
14538.5 3729.67 2060 0.831256 235
14233.6 4719.9 2591.62 1.15781 235
15545.5 4054.67 2975.56 0.659622 235
14719.6 4952.89 3090 1.04807 235
15249.7 5017.76 3493.05 0.927745 235
14151.6 2764.54 1085.68 0.520463 236
14300 3209.75 1515.85 0.720006 236
13846 4350.95 2060 1.24734 236
14536.6 3729.01 2060 0.831336 236
14231.6 4719.11 2591.62 1.15788 236
14717.4 4952.3 3090 1.0482 236
15247.5 5017.25 3493.05 0.927876 236
14151.9 2764.2 1085.68 0.520056 237
13865.3 4406.49 2114.21 1.24705 237
14536.8 3728.8 2060 0.831188 237
14231.2 4719.43 2591.62 1.15804 237
15543.9 4053.92 2975.56 0.659602 237
14717.4 4952.33 3090 1.04821 237
15247.7 5017.12 3493.05 0.927821 237
14150.7 2763.9 1085.68 0.519939 238
14299.7 3208.49 1515.85 0.719027 238
13863.1 4406.48 2114.21 1.24737 238
14535.5 3728.39 2060 0.831083 238
14229.3 4719.2 2591.62 1.1582 238
15457 3987.79 2869.29 0.659701 238
14715.7 4951.95 3090 1.04825 238
15246.1 5016.83 3493.05 0.927845 238
14168.4 2779.55 1100.55 0.522799 239
14323.1 3237.04 1545 0.722845 239
13858.4 4413.8 2114.21 1.25171 239
14534.5 3738.55 2060 0.835075 239
14224 4727.45 2591.62 1.16217 239
15457 4000.21 2869.29 0.662866 239
14710.4 4961.57 3090 1.05187 239
15241.8 5027.75 3493.05 0.931052 239
14348.4 2909.01 1317.05 0.53834 240
14543.5 3473.64 1868.37 0.739232 240
14015.5 5028.97 2678 1.26637 240
14865.1 4155.88 2591.62 0.848303 240
14561.9 5633.75 3493.05 1.17552 240
15246.6 6008.59 4228.43 1.06411 240
15937.9 6058.74 4725.89 0.942947 240
14629.4 3540.86 1959.51 0.73866 241
14109.8 5252.38 2869.29 1.26422 241
14663 5806.9 3651.82 1.17252 241
15403.5 6228.79 4463.34 1.06037 241
16152.6 6298.54 5021.26 0.938623 241
15178.8 4580.23 3090 0.86751 242
14407 3001.41 1409.48 0.57994 243
15041 4419.08 2869.29 0.870621 243
14781.3 6266.84 4017 1.1921 243
14360.5 3046.37 1409.48 0.622494 244
14693.3 3784.35 2171.35 0.806129 244
14970.4 4487.38 2869.29 0.904016 244
16586.8 5141.51 4463.34 0.711786 244
14685.3 6359.68 4017 1.21986 244
14386.9 3061.16 1434.64 0.625754 245
14702.4 3786.47 2171.35 0.808221 245
15124.7 4662.37 3090 0.903193 245
16605.7 5125.8 4463.34 0.708433 245
14195.4 2933.43 1199.11 0.64125 246
14385.1 3467.29 1709.36 0.820757 246
14676.7 4102.04 2362.94 0.911013 246
14371.9 5444.67 3090 1.2222 246
15026.3 5829.22 3825.72 1.10361 246
15621.2 5800.21 4228.43 0.978584 246
14241.3 3305.32 1487.78 0.824572 247
14533.1 3904.11 2114.21 0.912635 247
14230.6 5025.25 2678 1.22267 247
14816.8 5382.53 3347.5 1.10296 247
15310.1 5311.24 3651.82 0.97772 247
14034.9 2798.68 979.757 0.648168 248
14184.5 3227.06 1385.17 0.823918 248
14451.6 3776.88 1959.51 0.911487 248
14153.2 4767.96 2434.55 1.22165 248
14654.4 5028.11 2975.56 1.10203 248
15075 4935.87 3213.6 0.976667 248
14184.5 3207.92 1361.7 0.821732 249
14437.6 3738.05 1912.86 0.910504 249
14136 4692.83 2362.94 1.22292 249
14615.6 4926.12 2869.29 1.10228 249
15090.6 4931.91 3213.6 0.975529 249
14040.5 2778.84 934.187 0.64479 250
14187.9 3205.27 1339 0.827235 250
14424.9 3718.3 1868.37 0.916634 250
14142.5 4706.39 2362.94 1.22989 250
14574.2 4849.43 2770.35 1.10908 250
15026.7 4846.73 3090 0.981923 250
14048.8 2759.78 912.956 0.629962 251
14211.6 3200.95 1339 0.81858 251
14449.7 3712.96 1868.37 0.909684 251
14164.5 4704.44 2362.94 1.22671 251
14600.6 4843.02 2770.35 1.10413 251
15056.2 4836.99 3090 0.975811 251
14061.7 2752.06 873.262 0.621005 252
14205.3 3175.62 1275.24 0.819154 252
14431.5 3669.64 1785.34 0.912383 252
14159.6 4657.15 2295.43 1.23346 252
14624.9 4864.66 2770.35 1.10838 252
15018.6 4763.48 2975.56 0.978969 252
14104.8 2778.78 882.858 0.619942 253
14251.2 3213.33 1295.81 0.820905 253
14485.4 3725.9 1825.91 0.915258 253
14180.7 4681.31 2295.43 1.23842 253
15350 3950.97 2591.62 0.707017 253
14646.1 4890.25 2770.35 1.11279 253
15107.5 4885.94 3090 0.982304 253
14092.7 2751.2 854.682 0.603218 254
14245.7 3189.98 1275.24 0.811959 254
14468.5 3685.71 1785.34 0.909268 254
14185.1 4676.92 2295.43 1.23623 254
15367.3 3934.02 2591.62 0.697928 254
14655.5 4881.11 2770.35 1.1086 254
15120.7 4872.99 3090 0.976608 254
14088.1 2745.09 828.248 0.600409 255
14233.6 3172.47 1236 0.812367 255
14483.1 3696.12 1785.34 0.909493 255
14194.6 4688.3 2295.43 1.23845 255
15320.5 3893.26 2510.63 0.698131 255
14666.3 4892.04 2770.35 1.10999 255
15133.1 4883.93 3090 0.977416 255
14085.4 2741.49 803.401 0.597266 256
14236.4 3170.98 1217.27 0.812221 256
14472.4 3678.69 1746.52 0.910858 256
14202.8 4701.79 2295.43 1.24132 256
15277.6 3857.79 2434.55 0.698566 256
14631.8 4819.46 2678 1.1125 256
15078.3 4802.06 2975.56 0.979281 256
14082 2733.76 772.501 0.587944 257
14230.7 3157.33 1181.47 0.809042 257
14466.5 3662.25 1709.36 0.909831 257
14188.5 4650.4 2231.67 1.24424 257
15190.8 3780.64 2295.43 0.696697 257
14644.1 4832.39 2678 1.11339 257
15032.2 4726.05 2869.29 0.979587 257
14114.7 2754.61 787.648 0.58124 258
14258.4 3185.26 1199.11 0.808254 258
14478.7 3679.4 1709.36 0.911411 258
14194.8 4667.81 2231.67 1.24763 258
14651.3 4850.11 2678 1.11603 258
15316.2 3884.93 2434.55 0.695435 258
15102.5 4832.59 2975.56 0.981028 258
14100.8 2736.52 743.89 0.565658 259
14241.1 3158.81 1147.72 0.802833 259
14473.5 3662.18 1673.75 0.908463 259
14203.3 4681.49 2231.67 1.24931 259
15284.2 3846.2 2362.94 0.690397 259
14664.1 4861.01 2678 1.1156 259
15119.9 4841.09 2975.56 0.978757 259
14123.1 2752.33 750.842 0.560581 260
14265.7 3184.67 1164.35 0.802073 260
14506.6 3705.2 1709.36 0.909154 260
14208.1 4697.39 2231.67 1.25232 260
15353.6 3907.07 2434.55 0.690183 260
14669.8 4877.27 2678 1.11797 260
15127 4857.87 2975.56 0.980597 260
14094.8 2729.34 692.587 0.546387 261
14238.1 3152.18 1100.55 0.798367 261
14478 3664.21 1639.59 0.908058 261
14192.2 4650.87 2171.35 1.25571 261
15265.6 3830.03 2295.43 0.68711 261
14639 4810.66 2591.62 1.11929 261
15079.4 4782.23 2869.29 0.980475 261
14092 2721.53 663.968 0.529879 262
14245.8 3152.47 1085.68 0.791722 262
14473.4 3650.78 1606.8 0.905284 262
14181.4 4606.3 2114.21 1.25717 262
15288.6 3837.82 2295.43 0.68163 262
14652.1 4822.55 2591.62 1.11844 262
15095.9 4792.58 2869.29 0.978299 262
14086.9 2708.01 622.791 0.50372 263
14247.3 3148.35 1057.11 0.785606 263
14471.7 3643.94 1575.3 0.903559 263
14187.2 4627.09 2114.21 1.26139 263
15316.2 3851.58 2295.43 0.676428 263
14662.4 4841.24 2591.62 1.12012 263
15111.3 4809.94 2869.29 0.977956 263
14109.9 2730.82 627.657 0.501495 264
14253 3160.64 1043.38 0.786853 264
14485.6 3666.36 1575.3 0.905288 264
14194.7 4649.89 2114.21 1.26515 264
15280.1 3836.15 2231.67 0.678352 264
14670.7 4864.56 2591.62 1.12309 264
15121.3 4833.95 2869.29 0.980306 264
14252.1 3159.29 1016.96 0.783552 265
14483.3 3660.25 1545 0.903864 265
14185.9 4613.17 2060 1.26759 265
15253.1 3814.14 2171.35 0.675644 265
14645.8 4807.4 2510.63 1.12409 265
15080.3 4768.88 2770.35 0.98007 265
14266.6 3177.27 1016.96 0.78274 266
14495.7 3679.16 1545 0.904662 266
14210.6 4688.83 2114.21 1.27036 266
15317.5 3870.29 2231.67 0.674675 266
14691 4901.94 2591.62 1.12573 266
15146.4 4870.76 2869.29 0.981061 266
14489.1 3676.38 1515.85 0.906432 267
14198 4652.8 2060 1.27425 267
15283.2 3853.25 2171.35 0.675631 267
14660.4 4847.34 2510.63 1.12891 267
15098.1 4809.97 2770.35 0.983661 267
14248.2 3159.83 945.178 0.776346 268
14487.3 3670.57 1487.78 0.904625 268
14205.9 4671.09 2060 1.27664 268
15258.6 3831.35 2114.21 0.672204 268
14671.7 4863.86 2510.63 1.12941 268
15112.9 4825.39 2770.35 0.982745 268
14271.1 3182.93 956.43 0.774059 269
14499.2 3687.5 1487.78 0.905292 269
14211.9 4688.69 2060 1.27962 269
15320.1 3883.44 2171.35 0.671128 269
14678.8 4881.66 2510.63 1.13158 269
15121.8 4843.51 2770.35 0.98423 269
14263.6 3172.44 923.449 0.769322 270
14496.6 3679.87 1460.73 0.903658 270
14202.2 4650.94 2008.5 1.28222 270
15293.3 3859.17 2114.21 0.66807 270
14689.2 4895.51 2510.63 1.13199 270
15135.7 4856.08 2770.35 0.98323 270
14251.6 3155.43 902.698 0.765297 271
14483.3 3656.96 1434.64 0.901164 271
14203.7 4649.71 2008.5 1.28145 271
15255.2 3820.48 2060 0.664942 271
14658 4822.21 2434.55 1.13089 271
15087.5 4775.8 2678 0.98162 271
14255.2 3152.87 882.858 0.758085 272
14482.4 3650.41 1409.48 0.899037 272
15321.9 3863.42 2114.21 0.659641 272
14210.2 4665.13 2008.5 1.28403 272
14668.3 4835.7 2434.55 1.13136 272
15101.1 4788.51 2678 0.980764 272
14264.9 3151.89 845.685 0.746672 273
14500.1 3658.36 1385.17 0.894934 273
14214.2 4645.37 1959.51 1.28816 273
15365.4 3885.46 2114.21 0.65228 273
14693.5 4863.99 2434.55 1.13204 273
15185.5 4890.57 2770.35 0.9783 273
14268.3 3161.14 819.797 0.745757 274
14503.2 3669.45 1361.7 0.898005 274
14219.7 4675.41 1959.51 1.29546 274
14700.8 4895.07 2434.55 1.13765 274
15143.1 4847.07 2678 0.983246 274
14266.7 3153.3 795.447 0.73657 275
14502.5 3662.36 1339 0.894709 275
14211.1 4640.4 1912.86 1.29765 275
14710.6 4906.27 2434.55 1.13735 275
15156.3 4856.93 2678 0.981507 275
14268.8 3157.06 780.001 0.734326 276
14499.6 3661.04 1317.05 0.895571 276
14215.8 4656.56 1912.86 1.30094 276
14684.6 4856.38 2362.94 1.14015 276
15114.9 4802.55 2591.62 0.98361 276
14277 3148.5 757.925 0.715046 277
14506.3 3654.06 1295.81 0.88791 277
14210.6 4624.67 1868.37 1.30274 277
14699.4 4866.75 2362.94 1.13813 277
15135.4 4810.39 2591.62 0.97919 277
14278.8 3155.04 743.89 0.713701 278
14502.5 3655.84 1275.24 0.889818 278
14213.3 4642.41 1868.37 1.30684 278
14703.2 4885.08 2362.94 1.14121 278
15140.8 4829.77 2591.62 0.981691 278
14274.7 3156.74 723.785 0.71211 279
14512.5 3671.47 1275.24 0.889891 279
14217 4659.09 1868.37 1.30988 279
14678 4839.66 2295.43 1.14393 279
15147.8 4846.68 2591.62 0.982923 279
14271.1 3150.28 698.61 0.701265 280
14512.8 3668.01 1255.31 0.885941 280
14221.3 4673.91 1868.37 1.3119 280
14686.1 4852.69 2295.43 1.14382 280
15159.8 4858.36 2591.62 0.981183 280
14251.7 3136.95 658.525 0.695454 281
14497.4 3653.49 1217.27 0.88534 281
14211.3 4645.29 1825.91 1.31492 281
14662.8 4808.72 2231.67 1.14549 281
15120.7 4806.77 2510.63 0.981949 281
14236.2 3116.18 632.599 0.686888 282
14479.3 3622.25 1181.47 0.880672 282
14202.1 4601.07 1785.34 1.31376 282
14641.6 4748.83 2171.35 1.14312 282
15084.7 4738.41 2434.55 0.978718 282
14485 3617.76 1181.47 0.874734 283
14204.5 4599.21 1785.34 1.31236 283
14673.9 4800.09 2231.67 1.13964 283
15092.2 4732.59 2434.55 0.97491 283
14243.7 3134.71 608.637 0.677846 284
14475.8 3634.99 1147.72 0.883009 284
14202.9 4640.29 1785.34 1.32342 284
14646.1 4789.27 2171.35 1.14999 284
15094 4780.77 2434.55 0.983549 284
14475.6 3614.9 1131.55 0.872379 285
14196.4 4596.56 1746.52 1.32115 285
14656.1 4781.68 2171.35 1.1446 285
15066.6 4711.7 2362.94 0.977134 285
14488.1 3633.56 1131.55 0.871225 286
14201.3 4616.44 1746.52 1.3244 286
14662.9 4801.54 2171.35 1.14649 286
15117.3 4790.16 2434.55 0.977294 286
14479.7 3629.71 1100.55 0.871527 287
15254.9 3812.55 1709.36 0.611979 287
14207 4636.35 1746.52 1.32737 287
14670.6 4821.41 2171.35 1.14815 287
15085.5 4752.17 2362.94 0.978923 287
14493 3648.24 1100.55 0.86973 288
15271.8 3831.14 1709.36 0.609901 288
14212.8 4656.35 1746.52 1.33032 288
14678.3 4841.3 2171.35 1.14975 288
15137.1 4830.5 2434.55 0.978711 288
14495 3660.49 1071.2 0.867293 289
14209.2 4653.71 1709.36 1.33661 289
15269.3 3844.73 1673.75 0.606439 289
14664 4824.8 2114.21 1.15351 289
15111.2 4808.81 2362.94 0.980611 289
14492.4 3647.47 1043.38 0.857039 290
14206.3 4629.21 1673.75 1.33648 290
15264.3 3826.99 1639.59 0.595167 290
14676.7 4833.66 2114.21 1.14975 290
15089.5 4760.21 2295.43 0.975468 290
14482.3 3643.25 1016.96 0.856609 291
14205.7 4645.56 1673.75 1.34029 291
14654.6 4800.4 2060 1.15257 291
15093.9 4777.05 2295.43 0.976488 291
14491.2 3657.4 1016.96 0.854014 292
14206.4 4661.33 1673.75 1.34328 292
14657.6 4815.99 2060 1.15402 292
15099.2 4792.92 2295.43 0.976952 292
14479 3635.31 991.853 0.848978 293
14199.2 4624.68 1639.59 1.34263 293
14662.4 4812.61 2060 1.15134 293
15069 4736.23 2231.67 0.974026 293
14493.2 3664.42 991.853 0.84828 294
14921.4 3789.67 1339 0.682612 294
14202.6 4654.99 1639.59 1.34798 294
14667.7 4843.8 2060 1.1551 294
15114.6 4820.05 2295.43 0.975742 294
14481.3 3629.56 956.43 0.834358 295
14904 3749.15 1295.81 0.668046 295
14198 4618.27 1606.8 1.34595 295
14656.1 4789.16 2008.5 1.14964 295
15093.3 4757.19 2231.67 0.968019 295
14468.8 3620.25 923.449 0.832843 296
14866 3726.37 1236 0.666852 296
14192.4 4601.73 1575.3 1.34956 296
14639.9 4760.18 1959.51 1.15159 296
15065.8 4724.3 2171.35 0.968857 296
14480.2 3636.87 923.449 0.83047 297
14914.2 3767.18 1275.24 0.662598 297
14193.6 4619.95 1575.3 1.35397 297
14664.8 4823.41 2008.5 1.15352 297
15107.4 4792.39 2231.67 0.969619 297
14502.3 3679.35 912.956 0.827091 298
14930.3 3805.9 1255.31 0.65975 298
14204.5 4672.84 1575.3 1.36234 298
14679.6 4877.16 2008.5 1.15876 298
15127.2 4847.5 2231.67 0.972693 298
14485.9 3642.58 873.262 0.813391 299
14915.7 3769.9 1217.27 0.645227 299
14200.2 4639.32 1545 1.36075 299
14668.3 4825.81 1959.51 1.15372 299
15106.8 4788.66 2171.35 0.96538 299
14878.5 3736 1147.72 0.63726 300
14211.2 4624.04 1515.85 1.35816 300
14670.4 4794.88 1912.86 1.14922 300
15098.1 4751.47 2114.21 0.95955 300
14498.7 3665.01 836.876 0.808017 301
14913.4 3786.36 1164.35 0.6404 301
14209.7 4661.54 1515.85 1.37069 301
14670.4 4836.04 1912.86 1.15959 301
15101.4 4796.57 2114.21 0.968619 301
14509.2 3669.57 828.248 0.795576 302
14967.6 3815.91 1199.11 0.626955 302
14203.7 4649.5 1487.78 1.37466 302
14677.1 4850.7 1912.86 1.1591 302
15147.5 4855.85 2171.35 0.96482 302
14503.5 3666.23 795.447 0.782718 303
14944.9 3801.4 1147.72 0.615159 303
14212.6 4675.86 1487.78 1.37421 303
14692.2 4873.09 1912.86 1.15507 303
15133.3 4829.05 2114.21 0.959239 303
14906.5 3768.86 1085.68 0.605196 304
14206.2 4660.86 1460.73 1.3772 304
14679.6 4842.34 1868.37 1.15392 304
15113.2 4792.88 2060 0.955406 304
14201.5 4632.97 1434.64 1.37678 305
14666.3 4800.42 1825.91 1.15136 305
15090 4746.61 2008.5 0.951649 305
14482.6 3630 723.785 0.75389 306
14196.8 4622.17 1409.48 1.38043 306
14670.6 4815.21 1825.91 1.15228 306
15128.8 4802.33 2060 0.950301 306
14198.6 4639.26 1409.48 1.384 307
14675.3 4832.1 1825.91 1.15366 307
15104.9 4778.48 2008.5 0.951237 307
14195.1 4632.53 1385.17 1.38821 308
14662.3 4813.83 1785.34 1.15596 308
15082.6 4758.3 1959.51 0.952371 308
14194.1 4625.85 1361.7 1.39112 309
14655.9 4794.01 1746.52 1.15481 309
15070.4 4734.88 1912.86 0.948524 309
14464.6 3611.37 618.001 0.708674 310
14193.6 4619.63 1339 1.3937 310
14651.6 4774.74 1709.36 1.15254 310
15088.4 4747.44 1912.86 0.942638 310
14186.8 4624.45 1317.05 1.40399 311
14651.8 4804.85 1709.36 1.15974 311
15092.2 4780.36 1912.86 0.948289 311
14198 4644.27 1275.24 1.41417 312
14680.8 4866.88 1709.36 1.16171 312
15130.4 4842.41 1912.86 0.945995 312
14211.7 4638.22 1255.31 1.40839 313
14688.3 4844.57 1673.75 1.15357 313
15128.7 4812.98 1868.37 0.93651 313
14212.5 4569.53 1181.47 1.40386 314
14643.5 4705.8 1515.85 1.14528 314
15037.3 4659.52 1673.75 0.925828 314
14193.3 4553.71 1147.72 1.41823 315
14608.3 4681.01 1460.73 1.15766 315
14987.9 4636.94 1606.8 0.937025 315
14190.6 4485.5 1057.11 1.41474 316
14599.3 4639.63 1385.17 1.14749 316
14964.7 4593.11 1515.85 0.923394 316
14183.4 4460.2 1016.96 1.41874 317
14573.1 4597.16 1317.05 1.14919 317
14920.6 4550.52 1434.64 0.924072 317
14177.4 4450.64 991.853 1.42331 318
14556.4 4579.2 1275.24 1.15146 318
14894.9 4534.27 1385.17 0.925265 318
14188.2 4532.84 1057.11 1.4245 319
14617.3 4718.63 1409.48 1.14875 319
15025.5 4707.61 1575.3 0.91966 319
14193.8 4500.17 1030 1.41542 320
14611.6 4668.37 1361.7 1.13779 320
15006 4651.04 1515.85 0.907941 320
14194.6 4458.66 979.757 1.40823 321
14590.3 4601.53 1275.24 1.12727 321
14961 4578.29 1409.48 0.895773 321
14188.6 4437.61 945.178 1.40985 322
14567.8 4566.61 1217.27 1.12706 322
14906.5 4524.94 1317.05 0.895763 322
14194.4 4488.17 979.757 1.41034 323
14607.1 4655.8 1295.81 1.12376 323
14979.6 4620.55 1409.48 0.890207 323
14192.6 4486.66 967.953 1.40769 324
14602.6 4649.35 1275.24 1.1187 324
14973 4614.8 1385.17 0.884193 324
14183.7 4477.5 945.178 1.41085 325
14583.2 4631.58 1236 1.11981 325
14944 4598.85 1339 0.884907 325
14201.7 4470.34 945.178 1.39219 326
14611.9 4620.15 1236 1.09593 326
14965.3 4566.77 1317.05 0.859464 326
14206.4 4545.71 1004.25 1.39621 327
14658.5 4730.94 1339 1.096 327
15091.8 4724.2 1487.78 0.856225 327
14200.1 4563.27 1004.25 1.40068 328
14655.8 4750.18 1339 1.09736 328
15073.3 4723.91 1460.73 0.856973 328
14194.6 4570.65 991.853 1.40397 329
14660.1 4769.47 1339 1.09459 329
15104.8 4764.58 1487.78 0.850929 329
14192.9 4591.74 991.853 1.4066 330
14661.5 4790.8 1339 1.09459 330
15109.4 4786.29 1487.78 0.849707 330
14190.6 4601.4 979.757 1.40884 331
14665.3 4811.91 1339 1.09336 331
15116.4 4807.15 1487.78 0.847232 331
14186.7 4599.57 956.43 1.4115 332
14662.9 4811.88 1317.05 1.08959 332
15111.1 4803.71 1460.73 0.840943 332
14184.5 4588.42 945.178 1.41195 333
14656.2 4791.72 1295.81 1.08709 333
15098.6 4780.48 1434.64 0.837093 333
14179.9 4617.56 912.956 1.4188 334
14659.3 4832.74 1275.24 1.08313 334
15101.8 4819.11 1409.48 0.829858 334
14174.7 4605.5 882.858 1.4212 335
14658.1 4830.2 1255.31 1.07786 335
15117.2 4832.03 1409.48 0.821482 335
14174.3 4623.65 882.858 1.42381 336
14661 4847.9 1255.31 1.07729 336
15122.9 4849.56 1409.48 0.819754 336
14168.8 4630.26 854.682 1.43152 337
14663.2 4861.21 1236 1.07261 337
14167.9 4635.49 845.685 1.43447 338
14658.3 4857.26 1217.27 1.0715 338
14162.8 4629.29 819.797 1.44175 339
14657.4 4857.37 1199.11 1.0688 339
14165.2 4643.06 811.516 1.44581 340
14655.6 4862.86 1181.47 1.06893 340
14154 4629.96 795.447 1.45673 341
14664.6 4878.39 1199.11 1.0686 341
14155.4 4643.58 787.648 1.46169 342
14662.2 4882.15 1181.47 1.06862 342
14159.1 4664.96 750.842 1.47533 343
14668.5 4901.78 1147.72 1.06415 343
14151.5 4674.82 723.785 1.49551 344
14670.3 4916.76 1131.55 1.0644 344
14149 4691.9 723.785 1.50466 345
14681.7 4944.68 1147.72 1.06525 345
14138.6 4703.9 710.974 1.52554 346
14684 4961.78 1147.72 1.0685 346
14142 4707.36 692.587 1.53072 347
14686.6 4963.63 1131.55 1.06576 347
14674.7 4955.7 1100.55 1.06983 348
14672.9 4957.9 1085.68 1.07128 349
14683.6 4964.92 1085.68 1.06902 350
15238.2 5001.14 1339 0.754001 350
14700.1 5014.59 1115.83 1.07611 351
15278.7 5056.41 1385.17 0.756957 351
14714.3 5033.39 1115.83 1.07321 352
15294.4 5065.75 1385.17 0.74958 352
14671.9 5019.52 1085.68 1.10016 353
15249.3 5060.44 1361.7 0.767269 353
14694.7 5029.13 1057.11 1.09059 354
15288 5080.74 1361.7 0.752117 354
14689.1 5041.99 1043.38 1.10363 355
15271.6 5080.32 1339 0.756393 355
14699.6 5048.74 1030 1.10254 356
15291.1 5087.71 1339 0.748681 356
14700.7 5055.18 1016.96 1.10969 357
15281.9 5084.86 1317.05 0.750754 357
14716.3 5096.13 1043.38 1.12218 358
15323.3 5119.73 1361.7 0.751177 358
14660.7 5022.95 934.187 1.14781 359
15220.6 5052.98 1236 0.767114 359
14674.7 5039.15 934.187 1.14968 360
15236.2 5058.99 1236 0.762624 360
14691.6 5045.99 923.449 1.14698 361
15275.3 5075.07 1255.31 0.752058 361
14697.5 5143.35 979.757 1.19147 362
15315.1 5146.24 1317.05 0.770873 362
14706 5076.58 845.685 1.20129 363
15280.8 5080.85 1181.47 0.761105 363
14717.4 5106.69 854.682 1.21562 364
15305.8 5107.22 1199.11 0.766152 364
14725.4 5179.14 892.668 1.24727 365
15337.6 5151.25 1236 0.777081 365
15246.2 5056.38 1071.2 0.784133 366
15223.7 5042.28 1004.25 0.800857 367
15201.6 5044.87 991.853 0.817821 368
15212.3 5048.98 979.757 0.819723 369
15253.1 5065.74 956.43 0.822495 370
15299.9 5112.09 979.757 0.834373 371
15292.1 5137.14 991.853 0.856018 372
15333.7 5180.99 1030 0.862516 373
15393.6 5176.52 1030 0.836557 374
15400 5220.57 1043.38 0.867374 375
15265.7 5115.74 873.262 0.904234 376
15266.6 5109.56 863.872 0.908368 377
15283.2 5132.71 863.872 0.922634 378
15327.5 5185.63 902.698 0.932133 379
15308.2 5188.88 882.858 0.959531 380
15305.2 5188.68 863.872 0.972834 381
