# x y d a f
13141.7 1206.94 2869.29 -0.056733 1
13144.4 1209.66 2869.29 -0.0567894 2
13141.7 1200.03 2869.29 -0.0589278 3
13143.6 1208.45 2869.29 -0.0567819 4
13140.8 1198.84 2869.29 -0.0593423 5
13032.7 1204.16 2770.35 -0.0589984 6
13137.6 1196.91 2869.29 -0.059336 7
13139.4 1204.06 2869.29 -0.0571272 8
13141.8 1205.74 2869.29 -0.0568571 9
13144.7 1206.82 2869.29 -0.0569934 10
13142 1198.92 2869.29 -0.0593626 11
13140.1 1198.18 2869.29 -0.0594349 12
13143 1208.15 2869.29 -0.0563899 13
13143.9 1207.65 2869.29 -0.0567275 14
13145.7 1209.59 2869.29 -0.0562604 15
13142.3 1199.64 2869.29 -0.0593334 16
13145.3 1209.04 2869.29 -0.0566147 17
13145.2 1208.75 2869.29 -0.0567115 18
13144 1208.33 2869.29 -0.056842 19
13144.1 1208.66 2869.29 -0.0567345 20
13145.8 1210.59 2869.29 -0.056243 21
13146.1 1209.81 2869.29 -0.0566401 22
13041.9 1217.27 2770.35 -0.0562817 23
13147.3 1210.61 2869.29 -0.0566582 24
13147.6 1210.94 2869.29 -0.0566895 25
13144.1 1202.18 2869.29 -0.05936 26
13145.4 1210.4 2869.29 -0.0568205 27
13146.2 1211.1 2869.29 -0.0566995 28
12941.2 1218.87 2678 -0.0581407 29
12925.7 1198.01 2678 -0.0647291 30
15709.5 1736.76 5021.26 0.061875 30
12435.1 1483.84 2114.21 0.0410622 30
13043.2 1206.54 2770.35 -0.0565149 31
16516.8 1824.05 5738.58 0.0693538 31
13541.2 1467.38 3090 0.0316347 32
13092.7 1217.99 2770.35 -0.046932 32
16563.1 1849.33 5738.58 0.0758054 32
13549.7 1488.05 3090 0.0375436 33
13098.1 1231.13 2770.35 -0.0424713 33
16570.7 1867.62 5738.58 0.0785283 33
13523.9 1493.18 2975.56 0.0508616 34
13097.5 1234.8 2678 -0.0304512 34
13165 1250.63 2678 -0.0177473 35
13382.2 1241.16 2770.35 -0.00578908 36
13268.4 1274.87 2591.62 0.0134811 37
13431.8 1254.22 2678 0.0142628 38
12856.4 1077.72 1275.24 0.179597 66
12848.7 1064.96 1255.31 0.172842 67
12822 1058.43 1199.11 0.178001 68
12783.9 1036.28 1147.72 0.167693 69
12870.9 1047.45 1199.11 0.167261 70
13105.5 1244.85 1409.48 0.266397 70
12756.9 1020.82 1071.2 0.160039 71
12959.7 1194.74 1255.31 0.260121 71
12788.7 1030.71 1085.68 0.162856 72
13013.2 1216.66 1295.81 0.266107 72
13379.8 1511.58 1639.59 0.366993 72
12823.4 1012.22 1100.55 0.140598 73
13071.4 1209.12 1339 0.251111 73
12817.4 1006.11 1043.38 0.130113 74
13070.4 1202.52 1295.81 0.247005 74
12844.3 1010.88 1043.38 0.126219 75
13112.5 1216.73 1317.05 0.248198 75
12859.1 1037.61 1004.25 0.136855 76
13118.1 1244.41 1275.24 0.262536 76
12895 1062.5 979.757 0.130577 77
13173 1276.89 1275.24 0.262053 77
14659.8 2577.86 2869.29 0.534534 77
12890.7 1062.43 967.953 0.124482 78
13179 1279.87 1275.24 0.258861 78
14720.5 1917.71 2869.29 0.332814 78
14760.5 2633.86 2975.56 0.53269 78
12834.8 1066.95 892.668 0.11949 79
13118.4 1279.67 1199.11 0.260573 79
13377.9 1544.87 1487.78 0.379803 79
14453.8 1847.54 2591.62 0.336275 79
14465.8 2486.97 2678 0.538261 79
12822.2 1049.12 854.682 0.0910189 80
13105.8 1259.45 1164.35 0.242076 80
13368 1527.35 1460.73 0.369493 80
14646.8 2566.3 2869.29 0.530612 80
12818.7 1051.91 836.876 0.0873965 81
13118.3 1265.42 1164.35 0.240971 81
13378.2 1536.36 1460.73 0.371116 81
14649.6 2575.92 2869.29 0.53287 81
12793.2 1050.34 787.648 0.0810155 82
13076.5 1257.61 1100.55 0.240872 82
13345.7 1527.21 1409.48 0.373643 82
14561.1 2533.66 2770.35 0.5371 82
12842.2 1053.19 780.001 0.0602847 83
13142.4 1274.29 1115.83 0.234819 83
13464.2 1576.16 1487.78 0.375 83
14530.2 2850.03 2770.35 0.632061 83
14877.6 2731.83 3090 0.542211 83
12842.7 1056.12 737.065 0.043108 84
13140.4 1274.52 1071.2 0.227291 84
13452.6 1571.28 1434.64 0.372858 84
14560.6 2861.98 2770.35 0.632107 84
14909.9 2741.94 3090 0.541162 84
12841 1065.65 669.501 0.0223045 85
13149.4 1284.97 1016.96 0.222788 85
13485 1592.22 1409.48 0.375846 85
14596.2 2902.18 2770.35 0.640297 85
14845.6 2718.07 2975.56 0.54762 85
12841.8 1063.69 647.904 0.00724963 86
13145.8 1283.65 991.853 0.217908 86
13481.1 1591.27 1385.17 0.375347 86
14964.7 2786.61 3090 0.54731 86
13148.7 1292.08 934.187 0.214393 87
13470.7 1596.64 1317.05 0.380889 87
15003.4 2828.46 3090 0.554944 87
12831.9 1085.03 532.054 -0.0463283 88
13122 1298.02 863.872 0.203799 88
13434.6 1590.68 1236 0.376657 88
14719.8 1370.51 2434.55 0.102913 88
14453.4 2808.98 2510.63 0.650988 88
14753.3 2672.28 2770.35 0.552988 88
12812.1 1094.46 489.879 -0.0561549 89
13093.4 1297.56 811.516 0.200288 89
13388.6 1575.14 1164.35 0.375307 89
14282.9 2676.82 2295.43 0.651381 89
14538.3 2539.22 2510.63 0.552995 89
13113.7 1299.27 803.401 0.189899 90
13412.4 1583.87 1164.35 0.373448 90
14352.1 2729.02 2362.94 0.653529 90
14624.1 2592.75 2591.62 0.554381 90
13139.3 1301.26 803.401 0.180347 91
13466.1 1604.47 1199.11 0.372446 91
14486.8 2836.5 2510.63 0.656918 91
14793.7 2700.88 2770.35 0.556496 91
13131.2 1290.64 765.144 0.168231 92
13461.4 1591.43 1164.35 0.367419 92
14510.8 2834.74 2510.63 0.655344 92
14819 2697.97 2770.35 0.554227 92
13164.8 1291.36 772.501 0.162887 93
13516.1 1611.19 1199.11 0.370707 93
14741.3 3026.09 2770.35 0.662971 93
15113.4 2890.94 3090 0.559982 93
13181.6 1296.62 765.144 0.165551 94
13553.2 1633.69 1217.27 0.380389 94
14922.9 3199.61 2975.56 0.674144 94
15349.3 3070.11 3347.5 0.570092 94
13202.3 1297.63 757.925 0.162247 95
13581.3 1638.03 1217.27 0.379825 95
15051.1 3283.97 3090 0.673929 95
15508.6 3155.63 3493.05 0.569215 95
13195.3 1297.02 723.785 0.162608 96
13573.5 1636.49 1181.47 0.385646 96
14978.3 3236.4 2975.56 0.680507 96
15405.6 3097.75 3347.5 0.574139 96
13197.4 1295.57 698.61 0.159949 97
13600 1645.32 1181.47 0.388912 97
15207.8 3422.72 3213.6 0.684378 97
15702.1 3286.43 3651.82 0.576244 97
13187.8 1287.45 663.968 0.150223 98
13565.2 1622.9 1115.83 0.386791 98
15144.5 3345.78 3090 0.6821 98
16372.7 1621.47 3825.72 0.11287 98
15473.8 3114.7 3347.5 0.573388 98
13183.8 1285.46 632.599 0.147281 99
13563.8 1621.07 1085.68 0.390847 99
14986.9 3219.42 2869.29 0.686677 99
16223.3 1599.76 3651.82 0.111151 99
15385.8 3057.5 3213.6 0.576424 99
13193.4 1284.76 618.001 0.143441 100
13574.5 1623.35 1071.2 0.393897 100
15209.5 2087.48 2770.35 0.323482 100
15205.5 3390.73 3090 0.688411 100
16422 1607.92 3825.72 0.107249 100
15534.2 3145.74 3347.5 0.577199 100
13181.3 1286.95 561.819 0.140319 101
13578.8 1628.57 1030 0.401891 101
15165.1 2078.05 2678 0.326241 101
15153.2 3357.82 2975.56 0.69621 101
16288 1598.58 3651.82 0.106611 101
15580.7 3180.55 3347.5 0.582057 101
13180.9 1293 535.601 0.139937 102
14922.6 3169.97 2678 0.700354 102
16153.5 1593.54 3493.05 0.107206 102
15376 3053.51 3090 0.585716 102
13146.5 1291.96 461.725 0.123161 103
14801.8 1968.1 2231.67 0.328907 103
15673.8 1547.95 2975.56 0.104692 103
15043.1 2843.03 2678 0.590636 103
13151.5 1298.18 443.868 0.115639 104
14767.8 1955.28 2171.35 0.326443 104
15591.5 1539.3 2869.29 0.101396 104
14989.4 2800.84 2591.62 0.589588 104
14734.6 1947.39 2114.21 0.325299 105
14825.8 1377.17 2060 0.0572818 105
15618.6 1543.77 2869.29 0.0982338 105
14932.4 2767.55 2510.63 0.591424 105
14623.1 2922.67 2231.67 0.710665 106
14950.7 2775.24 2510.63 0.590209 106
15647.7 1541.31 2869.29 0.0924223 106
13498.8 1627.18 787.648 0.416669 107
14738.9 3055.18 2362.94 0.721163 107
14937.4 1401.27 2114.21 0.0526609 107
15105.8 2909.98 2678 0.598984 107
15780.6 1583.63 2975.56 0.0975347 107
13520.2 1641.62 787.648 0.416289 108
14884.4 3183.44 2510.63 0.722252 108
15209.2 2980.81 2770.35 0.598971 108
16046 1603.18 3213.6 0.091823 108
13542.9 1662.06 787.648 0.421274 109
14968.3 3275.57 2591.62 0.728117 109
15106 1427.39 2231.67 0.0477531 109
15313.6 3068.97 2869.29 0.603496 109
15191.5 1448.72 2295.43 0.0497705 110
15421.1 3170.29 2975.56 0.610846 110
13545.8 1684.66 743.89 0.43793 111
15214.8 1454.54 2295.43 0.0464654 111
15271 3070.38 2770.35 0.613178 111
13543.9 1689.42 698.61 0.443989 112
15126.1 1451.8 2171.35 0.0395001 112
15240.2 3038.4 2678 0.612745 112
13555.5 1702.56 686.668 0.45515 113
15092.9 1469.64 2114.21 0.0438971 113
16049 1671.01 3090 0.0939589 113
15254.2 3072.56 2678 0.62164 113
13564.1 1708.22 653.172 0.463059 114
15193.4 1475.84 2171.35 0.0389037 114
15294.5 3097.77 2678 0.624522 114
13575.4 1715.51 637.62 0.471235 115
15280.2 1479.02 2231.67 0.035717 115
15491.7 3235.97 2869.29 0.626251 115
15239.6 1481.45 2171.35 0.0354397 116
15223.7 1495.14 2114.21 0.0373128 117
15249 1506.12 2114.21 0.0386372 118
15159.8 1642.5 2060 0.104303 118
13643.2 1743.3 565.775 0.502089 119
15290.6 1513.43 2114.21 0.0349363 119
13660.4 1757.6 561.819 0.507618 120
15311.6 1532.28 2114.21 0.0376637 120
13689.6 1786.57 550.275 0.508453 121
15350.2 1563.97 2114.21 0.0366134 121
13825.2 1894.15 653.172 0.528066 123
16773.2 1734.93 3493.05 0.0590654 123
13858.6 1842.04 642.721 0.432925 124
13895.2 1858.2 653.172 0.421606 125
14273.8 1734.03 1004.25 0.16428 125
16347.9 1708.25 1959.51 0.008444 167
15177.4 1799.26 772.501 0.145036 168
15185 1715.7 795.447 0.0484341 168
16436.8 1698.62 2008.5 0.0212231 169
16472.7 1911.32 2008.5 0.120125 169
16887.5 2239.6 2362.94 0.226076 169
16523.6 1705.85 2060 0.0358373 170
16505.6 1921.09 2008.5 0.13634 170
16500.6 1693.71 2008.5 0.0398395 171
16537.2 1912.01 2008.5 0.140394 171
16617.9 1907.42 2060 0.142505 172
16476.5 1678.97 1959.51 0.0421082 172
16503.1 1657.1 1959.51 0.0407331 173
16592.7 1878.85 2008.5 0.141449 173
17015.6 2229.41 2362.94 0.250083 173
16525.8 1641.17 1959.51 0.0410831 174
17039.3 2212.39 2362.94 0.249782 174
16547.9 1632.14 1959.51 0.0439482 175
16587.1 1851.22 1959.51 0.146607 175
17059.8 2203.55 2362.94 0.252163 175
15780.8 1606.78 1181.47 0.0648257 176
16372 1636.1 1460.73 0.169447 196
16458.2 1657.8 1545 0.17342 197
16458.5 1654.84 1545 0.171699 198
16459.3 1652.09 1545 0.170047 199
16459.8 1649.14 1545 0.168305 200
16460.1 1650.72 1545 0.169181 201
16429.4 1647.9 1515.85 0.170595 202
16460.9 1647.74 1545 0.167392 203
16460.1 1652.33 1545 0.170104 204
16460.8 1649 1545 0.168134 205
16460 1652.75 1545 0.170354 206
16460 1653.2 1545 0.170617 207
16460 1653.38 1545 0.170715 208
16460 1653.34 1545 0.170699 209
16459.9 1653.31 1545 0.170682 210
16459.9 1653.35 1545 0.170706 211
16459.9 1653.38 1545 0.170718 212
16459.9 1653.26 1545 0.170655 213
16460 1653.49 1545 0.170783 214
16460 1653.51 1545 0.170795 215
16459.9 1653.39 1545 0.170728 216
16460 1653.51 1545 0.170792 217
16459.9 1653.26 1545 0.170656 218
16459.9 1653.28 1545 0.170667 219
16459.9 1653.37 1545 0.170714 220
16460 1653.46 1545 0.170767 221
16460 1653.47 1545 0.170769 222
16459.9 1653.4 1545 0.170735 223
16460 1653.42 1545 0.170743 224
16460 1653.57 1545 0.170824 225
16460.8 1648.1 1545 0.167611 226
16460.9 1647.98 1545 0.167535 227
16460.8 1648.34 1545 0.167745 228
16460.8 1648.27 1545 0.167706 229
16460.9 1648.01 1545 0.167553 230
16460 1653.31 1545 0.170677 231
16460.8 1648.55 1545 0.167872 232
16460 1653.34 1545 0.170694 233
16460 1653.51 1545 0.170794 234
16460 1653.51 1545 0.170794 235
16460 1653.52 1545 0.170798 236
16460 1653.52 1545 0.170798 237
16460 1653.52 1545 0.170798 238
16460 1653.52 1545 0.170798 239
16460 1653.52 1545 0.170798 240
