# x y d a f
13336.7 1508.63 6695.01 -0.196142 10
13170.8 1179.37 6695.01 -0.247582 10
13336.9 1508.99 6695.01 -0.196083 11
13171.1 1180.07 6695.01 -0.247468 11
13336.8 1508.37 6695.01 -0.196171 12
13170.1 1177.7 6695.01 -0.247834 12
13954.5 1381.85 7303.65 -0.196654 13
13773.5 1022.69 7303.65 -0.248135 13
13337.2 1509.41 6695.01 -0.196009 14
13170.7 1178.87 6695.01 -0.247647 14
13954.2 1381.21 7303.65 -0.19676 15
13169.5 1176.78 6695.01 -0.247998 15
13954.3 1382.3 7303.65 -0.196612 16
13170.2 1178.76 6695.01 -0.247692 16
13336.9 1509.24 6695.01 -0.196053 17
13169.9 1177.91 6695.01 -0.247817 17
13336.3 1507.99 6695.01 -0.196241 18
13170.4 1178.78 6695.01 -0.247675 18
13337.2 1509.67 6695.01 -0.195982 19
13170.6 1179.06 6695.01 -0.24763 19
13336.7 1508.64 6695.01 -0.196139 20
13169.6 1177.03 6695.01 -0.24795 20
13335.7 1506.56 6695.01 -0.196478 21
13169.1 1176.24 6695.01 -0.248094 21
13953.4 1380.72 7303.65 -0.19686 22
13169.2 1177.36 6695.01 -0.247941 22
13954 1382.4 7303.65 -0.196619 23
13170.3 1179.56 6695.01 -0.247589 23
13954 1382.03 7303.65 -0.19666 24
13170.3 1179.27 6695.01 -0.247623 24
13337 1509.5 6695.01 -0.196015 25
13170.2 1178.52 6695.01 -0.247724 25
13336.6 1508.66 6695.01 -0.19614 26
13169.1 1176.1 6695.01 -0.248102 26
13336.9 1508.97 6695.01 -0.196087 27
13169.8 1177.34 6695.01 -0.2479 27
13336.6 1508.3 6695.01 -0.196186 28
13170.1 1177.94 6695.01 -0.247802 28
13336.8 1508.62 6695.01 -0.196135 29
13170.5 1178.61 6695.01 -0.247692 29
13337.3 1509.35 6695.01 -0.196019 30
13169.7 1176.77 6695.01 -0.24798 30
13954.6 1382.14 7303.65 -0.196615 31
13170.3 1178.36 6695.01 -0.247732 31
13337.1 1509.27 6695.01 -0.196034 32
13170.2 1177.95 6695.01 -0.247798 32
13336.4 1508.12 6695.01 -0.196219 33
13170.3 1178.49 6695.01 -0.247719 33
13336 1508.27 6695.01 -0.196246 34
13169.8 1178.64 6695.01 -0.247748 34
13335.6 1507.61 6695.01 -0.196349 35
13169.2 1177.48 6695.01 -0.247932 35
13336.5 1509.27 6695.01 -0.196082 36
13169.9 1178.75 6695.01 -0.247719 36
13954.2 1381.8 7303.65 -0.196684 37
13170.3 1178.7 6695.01 -0.247702 37
13336.2 1507.53 6695.01 -0.19632 38
13169.4 1176.64 6695.01 -0.248022 38
13954.2 1381.43 7303.65 -0.19673 39
13169.7 1177.34 6695.01 -0.247912 39
13335.7 1506.57 6695.01 -0.196482 40
13169.7 1177.43 6695.01 -0.247911 40
13336 1508.06 6695.01 -0.196273 41
13169.6 1178.09 6695.01 -0.247829 41
13953.9 1382.31 7303.65 -0.196639 42
13170.4 1180.1 6695.01 -0.247512 42
13336.4 1509.31 6695.01 -0.196081 43
13170.3 1179.74 6695.01 -0.247569 43
13336.4 1508.34 6695.01 -0.196214 44
13169.2 1176.66 6695.01 -0.248038 44
13953.7 1380.73 7303.65 -0.196842 45
13169.4 1177.07 6695.01 -0.247969 45
13954.6 1382.86 7303.65 -0.196537 46
13170.6 1179.6 6695.01 -0.247563 46
13336.6 1508.21 6695.01 -0.196215 47
13773 1021.94 7303.65 -0.24826 47
13954.1 1381.01 7303.65 -0.196788 48
13170.1 1177.97 6695.01 -0.247811 48
13954.6 1382.57 7303.65 -0.19657 49
13170.3 1178.66 6695.01 -0.247702 49
13335.3 1505.93 6695.01 -0.196585 50
13169.1 1176.33 6695.01 -0.248089 50
13335.7 1507.07 6695.01 -0.196425 51
13168.6 1175.75 6695.01 -0.248198 51
13336 1508.29 6695.01 -0.19624 52
13170 1179.07 6695.01 -0.247676 52
13336.4 1508.57 6695.01 -0.196182 53
13170.2 1178.97 6695.01 -0.247677 53
13336.6 1508.85 6695.01 -0.196133 54
13170 1178.25 6695.01 -0.247785 54
13336.5 1508.28 6695.01 -0.196214 55
13169.7 1177.4 6695.01 -0.247912 55
13953.9 1380.97 7303.65 -0.196801 56
13170.1 1178.2 6695.01 -0.247781 56
13336.6 1508.47 6695.01 -0.19618 57
13170.3 1178.58 6695.01 -0.24772 57
13336.7 1509.02 6695.01 -0.196102 58
13170.5 1179.12 6695.01 -0.247641 58
13336.7 1508.59 6695.01 -0.19616 59
13170.5 1179.03 6695.01 -0.247647 59
13336.7 1508.69 6695.01 -0.196145 60
13170.4 1178.76 6695.01 -0.247692 60
13953.5 1379.66 7303.65 -0.196989 61
13772.4 1020.58 7303.65 -0.248468 61
13335.4 1505.66 6695.01 -0.196619 62
13168.8 1175.39 6695.01 -0.24823 62
13336.1 1507.94 6695.01 -0.196275 63
13170.3 1179.11 6695.01 -0.247651 63
13954 1381.84 7303.65 -0.19669 64
13170.3 1179.03 6695.01 -0.247663 64
13336.3 1507.92 6695.01 -0.196269 65
13170.2 1178.39 6695.01 -0.247756 65
13336.6 1508.8 6695.01 -0.196136 66
13170.1 1178.51 6695.01 -0.24774 66
13954.2 1381.35 7303.65 -0.196747 67
13170.2 1178.31 6695.01 -0.247765 67
13336.4 1508.26 6695.01 -0.196215 68
13170.1 1178.39 6695.01 -0.247753 68
13336.4 1507.88 6695.01 -0.19627 69
13169.7 1177.25 6695.01 -0.247928 69
13336.7 1508.82 6695.01 -0.196128 70
13170.3 1178.58 6695.01 -0.247724 70
13336.5 1508.75 6695.01 -0.196146 71
13170.1 1178.52 6695.01 -0.24774 71
13336.7 1509.15 6695.01 -0.19609 72
13170.2 1178.89 6695.01 -0.247686 72
13336.4 1508.67 6695.01 -0.196179 73
13169.4 1177.43 6695.01 -0.247933 73
13336 1508.05 6695.01 -0.196275 74
13169.5 1177.79 6695.01 -0.247876 74
13336.1 1508.56 6695.01 -0.196201 75
13169.8 1178.74 6695.01 -0.247731 75
13336.2 1508.04 6695.01 -0.196269 76
13169.5 1177.42 6695.01 -0.247927 76
13335.9 1507.38 6695.01 -0.196365 77
13168.9 1176.09 6695.01 -0.248132 77
13336.4 1508.24 6695.01 -0.196229 78
13168.9 1175.99 6695.01 -0.248144 78
13336.3 1507.96 6695.01 -0.196269 79
13170.3 1178.68 6695.01 -0.247715 79
13954.9 1383.14 7303.65 -0.196493 80
13170 1178.16 6695.01 -0.247786 80
13336.4 1507.62 6695.01 -0.196303 81
13170.1 1177.72 6695.01 -0.247849 81
13954 1380.64 7303.65 -0.196837 82
13170.5 1178.56 6695.01 -0.247713 82
13336.4 1508.43 6695.01 -0.196197 83
13170.3 1178.84 6695.01 -0.247689 83
13336.7 1509.1 6695.01 -0.196093 84
13170.3 1178.84 6695.01 -0.247689 84
13336.3 1508.13 6695.01 -0.196239 85
13169.8 1177.83 6695.01 -0.247845 85
13954.2 1381.73 7303.65 -0.196694 86
13170.3 1178.61 6695.01 -0.247717 86
13336.5 1508.75 6695.01 -0.196146 87
13169.9 1178.16 6695.01 -0.247796 87
13336.2 1507.8 6695.01 -0.196283 88
13170.6 1179.28 6695.01 -0.24761 88
13336.6 1508.77 6695.01 -0.196142 89
13170.1 1178.51 6695.01 -0.24774 89
13336.4 1507.96 6695.01 -0.196261 90
13169.9 1177.73 6695.01 -0.247858 90
13336.8 1509.06 6695.01 -0.196096 91
13170.5 1179.17 6695.01 -0.247634 91
13336.4 1508.2 6695.01 -0.196222 92
13169.6 1177.34 6695.01 -0.247918 92
13336.6 1508.51 6695.01 -0.19617 93
13170.7 1179.34 6695.01 -0.247597 93
13336.7 1508.51 6695.01 -0.196173 94
13170.2 1178.3 6695.01 -0.247764 94
13953.8 1381.22 7303.65 -0.196774 95
13170.2 1178.82 6695.01 -0.247693 95
13954.2 1381.79 7303.65 -0.196686 96
13170.4 1178.95 6695.01 -0.247663 96
13336.4 1507.75 6695.01 -0.196286 97
13170.1 1177.8 6695.01 -0.247838 97
13336.2 1507.44 6695.01 -0.196334 98
13170.3 1178.26 6695.01 -0.247765 98
13336.7 1509.05 6695.01 -0.196098 99
13170.4 1179.11 6695.01 -0.247645 99
13335.7 1507.28 6695.01 -0.196391 100
13169.4 1177.35 6695.01 -0.247943 100
13336.1 1508.86 6695.01 -0.196157 101
13170.2 1179.59 6695.01 -0.2476 101
13335.9 1508.25 6695.01 -0.196248 102
13170.3 1179.75 6695.01 -0.247571 102
13953.9 1381.66 7303.65 -0.196719 103
13170.3 1179.2 6695.01 -0.247641 103
13336.1 1507.63 6695.01 -0.196317 104
13169.8 1177.73 6695.01 -0.247862 104
13336.6 1508.61 6695.01 -0.196166 105
13169.8 1177.73 6695.01 -0.247862 105
13336.4 1508.74 6695.01 -0.196153 106
13170 1178.43 6695.01 -0.247758 106
13336.3 1507.96 6695.01 -0.196265 107
13170 1177.98 6695.01 -0.247821 107
13336.6 1508.55 6695.01 -0.196168 108
13169.9 1177.89 6695.01 -0.24783 108
13336.6 1508.2 6695.01 -0.196218 109
13170.4 1178.64 6695.01 -0.247708 109
13336.7 1509.08 6695.01 -0.196095 110
13170.5 1179.21 6695.01 -0.24763 110
13336.7 1508.79 6695.01 -0.196135 111
13170.1 1178.26 6695.01 -0.247777 111
13953.7 1380.33 7303.65 -0.196891 112
13169.9 1177.76 6695.01 -0.247852 112
13954.6 1382.39 7303.65 -0.196598 113
13170.1 1178.19 6695.01 -0.247781 113
13953.4 1379.68 7303.65 -0.196991 114
13168.6 1175.11 6695.01 -0.24828 114
13954.3 1382.13 7303.65 -0.196647 115
13170.3 1178.97 6695.01 -0.247672 115
13336.3 1507.98 6695.01 -0.196258 116
13170.4 1178.87 6695.01 -0.247679 116
13336.3 1507.98 6695.01 -0.196258 117
13170 1177.99 6695.01 -0.247816 117
13336.2 1507.82 6695.01 -0.196284 118
13170.4 1178.96 6695.01 -0.247664 118
13336.6 1508.48 6695.01 -0.196173 119
13170.8 1179.51 6695.01 -0.247568 119
13335.9 1506.66 6695.01 -0.196463 120
13169.3 1176.42 6695.01 -0.248066 120
13336.4 1508.77 6695.01 -0.196154 121
13170.3 1179.17 6695.01 -0.247649 121
13336.4 1508.36 6695.01 -0.196209 122
13170.5 1179.16 6695.01 -0.247642 122
13336.4 1508.26 6695.01 -0.19622 123
13170 1178.3 6695.01 -0.247773 123
13954.2 1381.36 7303.65 -0.196747 124
13170.1 1178.06 6695.01 -0.247806 124
13954.5 1382.68 7303.65 -0.196571 125
13170.4 1179.15 6695.01 -0.247644 125
13336.5 1508.26 6695.01 -0.196217 126
13169.5 1177 6695.01 -0.247976 126
13336 1507.29 6695.01 -0.196368 127
13170.4 1178.78 6695.01 -0.247695 127
13972.3 1375.69 7303.65 -0.196635 128
13188.3 1172.6 6695.01 -0.247648 128
13964.4 1378.21 7303.65 -0.196743 129
13181.2 1176.54 6695.01 -0.247543 129
13344.1 1507.08 6695.01 -0.196108 130
13177.8 1177.15 6695.01 -0.247651 130
13341.1 1506.91 6695.01 -0.196292 131
13175.5 1178.39 6695.01 -0.247619 131
13337.9 1508.4 6695.01 -0.196276 132
13171.7 1178.84 6695.01 -0.247767 132
13336.5 1508.3 6695.01 -0.196348 133
13170.5 1179.03 6695.01 -0.247794 133
13337 1509.25 6695.01 -0.1962 134
13170 1177.92 6695.01 -0.247969 134
13336.3 1509.3 6695.01 -0.196221 135
13170.6 1180.47 6695.01 -0.247595 135
13954.2 1384.02 7303.65 -0.196536 136
13169.5 1179.32 6695.01 -0.247789 136
13336.3 1509.94 6695.01 -0.196117 137
13773.1 1024.36 7303.65 -0.24807 137
13953.7 1382.35 7303.65 -0.196746 138
13168.6 1176.93 6695.01 -0.248139 138
13335.6 1508.41 6695.01 -0.196333 139
13170.3 1180.48 6695.01 -0.247566 139
13335.8 1508.38 6695.01 -0.196332 140
13168.7 1177.13 6695.01 -0.248091 140
13352.8 1493.74 6695.01 -0.197672 141
13186.3 1164.66 6695.01 -0.249124 141
13350.6 1504.59 6695.01 -0.196319 142
13184.6 1175.38 6695.01 -0.247756 142
13347.3 1506.91 6695.01 -0.196182 143
13181 1176.94 6695.01 -0.247734 143
13961.6 1380.58 7303.65 -0.196797 144
13178.6 1179.19 6695.01 -0.247558 144
13341.9 1509.04 6695.01 -0.196164 145
13175.8 1179.54 6695.01 -0.247643 145
13959.9 1382.92 7303.65 -0.19659 146
13175.4 1178.71 6695.01 -0.247773 146
13956.5 1383.67 7303.65 -0.196635 147
13172 1179.5 6695.01 -0.247818 147
13355.6 1504.04 6695.01 -0.196142 148
13188.7 1173.12 6695.01 -0.247844 148
13350.7 1505.64 6695.01 -0.196189 149
13184.4 1175.75 6695.01 -0.24773 149
13964 1379.5 7303.65 -0.196838 150
13180.2 1176.86 6695.01 -0.247805 150
13979.1 1375.53 7303.65 -0.196664 151
13194.8 1171.71 6695.01 -0.247795 151
13349.2 1506.66 6695.01 -0.196217 152
13183.8 1178.47 6695.01 -0.247491 152
13967.2 1380.57 7303.65 -0.196635 153
13182.7 1176.3 6695.01 -0.247833 153
13354.9 1503.77 6695.01 -0.196389 154
13189 1174.56 6695.01 -0.247829 154
13355.8 1505.45 6695.01 -0.196131 155
13189.4 1175.48 6695.01 -0.247681 155
13349.3 1506.94 6695.01 -0.196272 156
13183.2 1177.46 6695.01 -0.24775 156
13961.8 1381.26 7303.65 -0.196903 157
13177.6 1177.97 6695.01 -0.247979 157
13338.8 1516.72 6695.01 -0.195333 158
13172.8 1186.77 6695.01 -0.246862 158
13956.9 1402.11 7303.65 -0.194147 159
13173.2 1196.37 6695.01 -0.245271 159
13337.4 1526.08 6695.01 -0.193629 160
13171.5 1194.71 6695.01 -0.245337 160
13333.1 1508.15 6695.01 -0.196308 161
13166.9 1178.62 6695.01 -0.247796 161
13333.1 1509.05 6695.01 -0.196192 162
13167.4 1180.15 6695.01 -0.247576 162
13333.1 1507.72 6695.01 -0.196393 163
13166.6 1177.58 6695.01 -0.247979 163
12518.1 2015.53 5738.58 -0.140875 164
13333.1 1507.39 6695.01 -0.196436 164
13166.8 1177.49 6695.01 -0.247984 164
13334.5 1509.27 6695.01 -0.196122 165
13168.2 1179.3 6695.01 -0.247673 165
13334.7 1508.5 6695.01 -0.19621 166
13168.6 1179 6695.01 -0.24769 166
13335.3 1508.58 6695.01 -0.196173 167
13168.1 1176.96 6695.01 -0.247986 167
13335.1 1507.22 6695.01 -0.19636 168
13772 1021.92 7303.65 -0.248255 168
13953.9 1382.16 7303.65 -0.196614 169
13169.9 1178.98 6695.01 -0.247638 169
13336.2 1508.08 6695.01 -0.196211 170
13169.9 1178.2 6695.01 -0.24775 170
13336.4 1508.28 6695.01 -0.196173 171
13169.6 1177.33 6695.01 -0.24788 171
13954.1 1381.41 7303.65 -0.196695 172
13170.4 1178.75 6695.01 -0.247646 172
13336.4 1507.6 6695.01 -0.196274 173
13170.1 1177.71 6695.01 -0.247816 173
13336.6 1508.27 6695.01 -0.196177 174
13170 1177.7 6695.01 -0.247825 174
13336.4 1507.88 6695.01 -0.196237 175
13772.8 1021.51 7303.65 -0.248296 175
13336.5 1508 6695.01 -0.196217 176
13170.2 1178.1 6695.01 -0.247758 176
13337.1 1509.53 6695.01 -0.195991 177
13169.6 1177.16 6695.01 -0.247918 177
13336.5 1508.23 6695.01 -0.196187 178
13170.4 1178.63 6695.01 -0.247681 178
13338.9 1523.23 6695.01 -0.19383 179
13173.2 1192.57 6695.01 -0.245431 179
13948.6 1386.74 7303.65 -0.195869 180
13165.2 1183.59 6695.01 -0.246794 180
13333 1514.79 6695.01 -0.195009 181
13167.2 1184.97 6695.01 -0.246508 181
13335.6 1514.37 6695.01 -0.194952 182
13168.7 1182.2 6695.01 -0.246821 182
13337.5 1521.47 6695.01 -0.193681 183
13172.3 1191.79 6695.01 -0.245123 183
13334.6 1504.11 6695.01 -0.196295 184
13168.8 1175.26 6695.01 -0.247675 184
13335.1 1505.04 6695.01 -0.196152 185
13167.6 1172.83 6695.01 -0.248058 185
13333.7 1501.85 6695.01 -0.196693 186
13168.2 1173.62 6695.01 -0.247985 186
13353.1 1498.79 6695.01 -0.196214 187
13186.3 1167.82 6695.01 -0.247926 187
13366.6 1492.36 6695.01 -0.196505 188
13200.2 1162.51 6695.01 -0.248046 188
13359.8 1498.26 6695.01 -0.196164 189
13192.8 1166.96 6695.01 -0.247927 189
13361.4 1498.78 6695.01 -0.196238 190
13195 1168.45 6695.01 -0.247848 190
13353.5 1502.39 6695.01 -0.196241 191
13186.9 1171.75 6695.01 -0.247901 191
13365.2 1498.88 6695.01 -0.196222 192
13198.9 1168.99 6695.01 -0.247763 192
13355.8 1501.99 6695.01 -0.196365 193
13189.5 1172.09 6695.01 -0.247911 193
13962 1382.42 7303.65 -0.196596 194
13178 1179.27 6695.01 -0.247613 194
13340.3 1510.39 6695.01 -0.196125 195
13173.9 1180.19 6695.01 -0.247714 195
13957.6 1382.94 7303.65 -0.196743 196
13174.4 1181.23 6695.01 -0.24755 196
13337.4 1510.69 6695.01 -0.19623 197
13171.4 1181.4 6695.01 -0.247677 197
13335.5 1510.66 6695.01 -0.196312 198
13169.4 1181.11 6695.01 -0.247802 198
13970.2 1377.93 7303.65 -0.196777 199
13186.1 1174.51 6695.01 -0.247858 199
13348.2 1506.73 6695.01 -0.196223 200
13181.2 1175.47 6695.01 -0.247982 200
13961.5 1380.32 7303.65 -0.196903 201
13178.3 1178.78 6695.01 -0.247703 201
13958.3 1380.75 7303.65 -0.197 202
13173.8 1176.8 6695.01 -0.248193 202
13369 1498.61 6695.01 -0.196336 203
13203.4 1170.06 6695.01 -0.247669 203
13360.8 1503.16 6695.01 -0.196199 204
13194.1 1172.54 6695.01 -0.247855 204
13352.9 1504.34 6695.01 -0.196476 205
13186.7 1174.92 6695.01 -0.247951 205
13352.5 1503.7 6695.01 -0.196576 206
13186.1 1173.81 6695.01 -0.248125 206
13347.3 1507.97 6695.01 -0.196274 207
13181.3 1178.65 6695.01 -0.247727 207
13961.2 1383.81 7303.65 -0.19664 208
13176.6 1179.4 6695.01 -0.247861 208
13338.9 1509.1 6695.01 -0.196537 209
13173.4 1180.87 6695.01 -0.247824 209
13337.9 1513.02 6695.01 -0.196046 210
13171.5 1182.74 6695.01 -0.247644 210
13336.6 1513.07 6695.01 -0.196078 211
13169.9 1182.44 6695.01 -0.247733 211
13335.3 1512.34 6695.01 -0.196162 212
13168.3 1180.98 6695.01 -0.247933 212
13335.1 1512 6695.01 -0.196213 213
13169 1182.48 6695.01 -0.247697 213
13951 1391.55 7303.65 -0.195811 214
13166.8 1187.01 6695.01 -0.24695 214
13953.5 1401.3 7303.65 -0.194224 215
13170.6 1197.3 6695.01 -0.245081 215
13336.1 1524.96 6695.01 -0.193642 216
13171 1195.24 6695.01 -0.245088 216
13336.2 1522.48 6695.01 -0.193747 217
13171.2 1193.18 6695.01 -0.245132 217
13951.8 1378.38 7303.65 -0.196594 218
13167.5 1174.5 6695.01 -0.247726 218
13334.2 1504.18 6695.01 -0.196249 219
13168.3 1174.99 6695.01 -0.247681 219
13335 1505.19 6695.01 -0.196132 220
13168.9 1175.61 6695.01 -0.247621 220
13335 1504.76 6695.01 -0.196242 221
13169.1 1175.77 6695.01 -0.247641 221
13334.8 1504.41 6695.01 -0.19634 222
13169 1175.45 6695.01 -0.247737 222
13353 1498.42 6695.01 -0.196342 223
13186.7 1168.49 6695.01 -0.247893 223
13349.5 1501.23 6695.01 -0.196213 224
13786 1014.95 7303.65 -0.24826 224
13961 1378.39 7303.65 -0.196637 225
13176.9 1174.94 6695.01 -0.247707 225
13960.9 1378.08 7303.65 -0.196682 226
13177.1 1175.25 6695.01 -0.247658 226
13958.6 1379.56 7303.65 -0.196644 227
13174.8 1176.78 6695.01 -0.247608 227
13339.1 1507.55 6695.01 -0.196086 228
13172.8 1177.61 6695.01 -0.247632 228
13336.5 1507.7 6695.01 -0.196243 229
13170.5 1178.51 6695.01 -0.247673 229
13335.9 1508.45 6695.01 -0.196183 230
13170 1179.26 6695.01 -0.247614 230
13336.1 1509.74 6695.01 -0.196019 231
13169.6 1179.45 6695.01 -0.247617 231
13335.7 1508.71 6695.01 -0.196176 232
13169.3 1178.53 6695.01 -0.247762 232
13335.4 1508.04 6695.01 -0.196277 233
13169.3 1178.51 6695.01 -0.247763 233
13335.3 1507.46 6695.01 -0.196372 234
13169.1 1177.97 6695.01 -0.247855 234
13335.7 1509.06 6695.01 -0.196133 235
13169.4 1179.07 6695.01 -0.247687 235
13335.8 1508.43 6695.01 -0.19621 236
13170.2 1179.83 6695.01 -0.247546 236
13953.9 1382.08 7303.65 -0.19665 237
13169 1176.91 6695.01 -0.247992 237
13336.6 1509.13 6695.01 -0.196069 238
13170.2 1178.94 6695.01 -0.247655 238
13336.6 1508.34 6695.01 -0.196178 239
13170.4 1178.73 6695.01 -0.247673 239
13336.4 1507.98 6695.01 -0.196236 240
13170.1 1178.16 6695.01 -0.247767 240
13954.4 1381.92 7303.65 -0.196647 241
13170.1 1178.04 6695.01 -0.247786 241
13336.3 1508.15 6695.01 -0.196224 242
13169.8 1177.87 6695.01 -0.247827 242
13336.1 1507.94 6695.01 -0.196276 243
13169.1 1176.7 6695.01 -0.248032 243
13953.4 1380 7303.65 -0.196939 244
13169.8 1177.73 6695.01 -0.247859 244
13336.1 1507.47 6695.01 -0.196323 245
13170.1 1178.16 6695.01 -0.247776 245
13336.6 1508.44 6695.01 -0.19617 246
13170.3 1178.52 6695.01 -0.247715 246
13954.5 1382.38 7303.65 -0.196586 247
13170.3 1178.59 6695.01 -0.247704 247
13336.6 1508.24 6695.01 -0.196191 248
13169.8 1177.27 6695.01 -0.247901 248
13954.4 1381.74 7303.65 -0.196668 249
13170.2 1177.95 6695.01 -0.247794 249
13336.9 1508.86 6695.01 -0.196094 250
13169.7 1176.91 6695.01 -0.247957 250
13954.4 1382.03 7303.65 -0.196634 251
13170.3 1178.47 6695.01 -0.247719 251
13953.9 1380.87 7303.65 -0.196813 252
13168.8 1175.73 6695.01 -0.24817 252
13336.7 1509.39 6695.01 -0.196043 253
13169.5 1177.42 6695.01 -0.247908 253
13336 1507.94 6695.01 -0.196286 254
13169.5 1177.73 6695.01 -0.247879 254
13953.4 1380.85 7303.65 -0.196847 255
13169.3 1177.56 6695.01 -0.247916 255
13336.7 1510.09 6695.01 -0.195963 256
13169.9 1179.03 6695.01 -0.247684 256
13336.1 1507.84 6695.01 -0.196285 257
13169.5 1177.3 6695.01 -0.24793 257
13336.4 1508.39 6695.01 -0.196197 258
13169.9 1178.17 6695.01 -0.247791 258
13954.4 1382.25 7303.65 -0.196612 259
13170 1178.06 6695.01 -0.247794 259
13954.5 1381.92 7303.65 -0.196648 260
13170.2 1178.09 6695.01 -0.247777 260
13336 1507.19 6695.01 -0.196378 261
13169.7 1177.3 6695.01 -0.247924 261
13336.6 1509.21 6695.01 -0.196077 262
13169.8 1178.3 6695.01 -0.247776 262
13953.4 1380.22 7303.65 -0.196918 263
13168.6 1175.59 6695.01 -0.248207 263
13954 1381.98 7303.65 -0.196673 264
13169.2 1177.19 6695.01 -0.247959 264
13335.9 1508.17 6695.01 -0.196246 265
13169.6 1178.23 6695.01 -0.247797 265
13336.3 1508.82 6695.01 -0.196145 266
13169 1176.79 6695.01 -0.248023 266
13336.1 1508.08 6695.01 -0.196246 267
13170 1178.5 6695.01 -0.24774 267
13953.9 1381.6 7303.65 -0.196716 268
13170 1178.52 6695.01 -0.247736 268
13954.1 1382.12 7303.65 -0.196643 269
13170.2 1178.98 6695.01 -0.247663 269
13336.2 1507.81 6695.01 -0.19628 270
13772.9 1022.13 7303.65 -0.248235 270
13954.3 1382.11 7303.65 -0.196632 271
13170.6 1179.28 6695.01 -0.247602 271
13350.1 1503.23 6695.01 -0.196253 272
13184.2 1174.07 6695.01 -0.24768 272
13964.6 1378.84 7303.65 -0.196644 273
13180 1174.25 6695.01 -0.247895 273
13343.1 1505.29 6695.01 -0.196397 274
13176.6 1175.1 6695.01 -0.247991 274
13340.6 1506.79 6695.01 -0.196331 275
13777 1020.47 7303.65 -0.248377 275
13957 1382.03 7303.65 -0.196662 276
13172.7 1178.3 6695.01 -0.247778 276
13336.9 1507.2 6695.01 -0.196485 277
13171.2 1178.64 6695.01 -0.247824 277
13337.2 1510.42 6695.01 -0.196041 278
13170.3 1179.18 6695.01 -0.247789 278
13336.5 1510.05 6695.01 -0.196117 279
13169.7 1179.26 6695.01 -0.247799 279
13336.4 1510.41 6695.01 -0.196052 280
13169.4 1179.07 6695.01 -0.247816 280
13952.7 1380.94 7303.65 -0.196965 281
13168.5 1177.67 6695.01 -0.248046 281
13335.6 1509.13 6695.01 -0.196232 282
13168.8 1178.17 6695.01 -0.247942 282
13971.5 1375.86 7303.65 -0.196725 283
13187 1171.73 6695.01 -0.247911 283
13982 1372.54 7303.65 -0.196715 284
13197.4 1168.02 6695.01 -0.247962 284
13364.6 1499.74 6695.01 -0.196135 285
13198.1 1169.6 6695.01 -0.247715 285
13357.8 1503.03 6695.01 -0.196084 286
13191.2 1172.51 6695.01 -0.247721 286
13986.7 1370.86 7303.65 -0.196816 287
13203.1 1168.41 6695.01 -0.247747 287
13360 1501.02 6695.01 -0.196386 288
13193.6 1171.09 6695.01 -0.247939 288
13352.8 1505.25 6695.01 -0.196222 289
13186.2 1174.64 6695.01 -0.247878 289
13347.5 1508.93 6695.01 -0.196028 290
13181.1 1178.71 6695.01 -0.247617 290
13360.2 1502.33 6695.01 -0.196311 291
13796.8 1016.44 7303.65 -0.248296 291
13971.3 1379.64 7303.65 -0.196649 292
13186.7 1175.07 6695.01 -0.247896 292
13343.6 1510.42 6695.01 -0.196115 293
13177.5 1180.88 6695.01 -0.247599 293
13343.4 1510.04 6695.01 -0.196174 294
13177.4 1180.78 6695.01 -0.247614 294
13340.6 1512.14 6695.01 -0.196019 295
13174.1 1181.63 6695.01 -0.247653 295
13955.5 1384.54 7303.65 -0.196758 296
13171.8 1181.84 6695.01 -0.247722 296
13336.5 1511.51 6695.01 -0.196276 297
13169.4 1180.21 6695.01 -0.248042 297
13335.4 1511.82 6695.01 -0.196255 298
13168 1179.94 6695.01 -0.248113 298
13334.6 1511.1 6695.01 -0.196344 299
13169 1182.63 6695.01 -0.247664 299
13335.1 1511.81 6695.01 -0.196188 300
13168.6 1181.51 6695.01 -0.247794 300
13335.1 1510.95 6695.01 -0.196262 301
13168.9 1181.33 6695.01 -0.247762 301
13335.9 1511.09 6695.01 -0.19613 302
13170.5 1182.92 6695.01 -0.247399 302
13336.2 1511.71 6695.01 -0.196034 303
13169.8 1181.5 6695.01 -0.247623 303
13353.7 1502.24 6695.01 -0.196391 304
13188 1173.72 6695.01 -0.247719 304
13350.8 1505.46 6695.01 -0.196117 305
13184.2 1174.86 6695.01 -0.247768 305
13346.6 1505.38 6695.01 -0.196342 306
13181 1176.88 6695.01 -0.247667 306
13361.8 1500.66 6695.01 -0.196252 307
13194.8 1169.4 6695.01 -0.24801 307
13973.3 1376.96 7303.65 -0.196706 308
13189 1173.19 6695.01 -0.247834 308
13967.3 1378.16 7303.65 -0.196866 309
13182.8 1174.17 6695.01 -0.248049 309
13342.4 1509.56 6695.01 -0.196122 310
13175.4 1178.27 6695.01 -0.247882 310
13342.4 1509.51 6695.01 -0.196129 311
13175.9 1179.22 6695.01 -0.247731 311
13339.9 1510.46 6695.01 -0.196118 312
13173.8 1180.89 6695.01 -0.247606 312
13956.1 1384.54 7303.65 -0.196593 313
13171.8 1180.76 6695.01 -0.247709 313
13954.3 1383.34 7303.65 -0.196804 314
13170.7 1180.94 6695.01 -0.247727 314
13335.6 1509.23 6695.01 -0.196459 315
13169 1179.05 6695.01 -0.248053 315
13336 1511.65 6695.01 -0.196087 316
13169.7 1181.83 6695.01 -0.247615 316
13335.9 1511.65 6695.01 -0.196061 317
13169.6 1181.75 6695.01 -0.2476 317
13335.1 1509.46 6695.01 -0.196374 318
13168.5 1178.96 6695.01 -0.248016 318
13335.3 1509.77 6695.01 -0.196326 319
13168.6 1179.21 6695.01 -0.247975 319
13335.4 1510.27 6695.01 -0.196218 320
13169.6 1181.43 6695.01 -0.247594 320
13336.1 1510.85 6695.01 -0.196077 321
13169.7 1180.63 6695.01 -0.247667 321
13335.4 1508.13 6695.01 -0.196465 322
13169.5 1179.25 6695.01 -0.247853 322
13336.2 1510.03 6695.01 -0.196138 323
13170.2 1180.45 6695.01 -0.247627 323
13953.4 1381.69 7303.65 -0.196865 324
13169.9 1179.44 6695.01 -0.247771 324
13335.8 1507.39 6695.01 -0.196478 325
13169.9 1178.49 6695.01 -0.247869 325
13336.6 1509.21 6695.01 -0.196176 326
13170.3 1179.36 6695.01 -0.247711 326
13336.9 1509.91 6695.01 -0.196069 327
13169.9 1178.51 6695.01 -0.247844 327
13354.3 1501.33 6695.01 -0.196343 328
13185.7 1166.78 6695.01 -0.248627 328
12371.1 1685.14 5738.58 -0.19842 329
12665.6 1288.76 6180.01 -0.250265 329
13638.1 4116.06 6180.01 0.188937 341
12779.6 1273.04 5021.26 -0.236611 351
14174.5 2361.1 5738.58 -0.0112457 352
13489.1 1765.2 5356.01 -0.118049 352
13024.9 1546.57 5021.26 -0.170002 352
12882.9 1228.87 5021.26 -0.235404 352
12310.6 1640.35 4228.43 -0.16973 353
12751.4 1826.48 4463.34 -0.110478 354
13577.5 2339.9 5021.26 -0.00114925 354
12411.5 1628.83 4228.43 -0.163612 354
13653.9 2319.48 5021.26 0.00286202 355
13100.7 1757.96 4725.89 -0.109941 355
12491.6 1588.32 4228.43 -0.163551 355
12165.4 1354.1 4017 -0.232592 355
12885.5 1527.45 4463.34 -0.153638 356
12325.3 1327.85 4017 -0.22242 356
15116.9 2340.71 6180.01 0.0195237 357
13511.9 1429.34 5021.26 -0.150425 357
14363.5 1633.6 5738.58 -0.0956749 357
13084.4 1150.5 4725.89 -0.220779 357
15447.1 1575.28 6695.01 -0.0860302 358
14166.7 930.389 5738.58 -0.214755 358
14775.7 1273.99 6180.01 -0.141969 358
16009.8 1092.91 7303.65 -0.140232 359
14690.1 814.014 6180.01 -0.213236 359
15292.1 666.089 6695.01 -0.213013 360
17098.3 1032.21 8034.01 -0.120257 362
14993.5 803.778 6180.01 -0.195732 362
15621.2 702.047 6695.01 -0.189305 363
15420.7 1263.67 6180.01 -0.10649 364
14376.9 933.12 5356.01 -0.185827 364
13727.2 1414.54 4463.34 -0.105369 365
13332.9 1102.26 4228.43 -0.185585 365
14136.7 1692.79 4725.89 -0.0429465 365
13353.4 1671.92 3825.72 -0.0383999 366
13060.8 1434.19 3651.82 -0.102529 366
12624.9 1193.49 3347.5 -0.184134 366
13067.9 1658.04 3493.05 -0.0373191 367
12815 1434.99 3347.5 -0.102723 367
12322.6 1227.01 2975.56 -0.185927 367
13047.3 1413.73 3493.05 -0.0956815 368
13314.4 1646.31 3651.82 -0.0306192 368
12874.2 1948.99 2975.56 0.0728527 369
13482.2 1645.37 3651.82 -0.0153278 369
13066.9 1411.95 3347.5 -0.0831583 369
12692.8 1155.19 3090 -0.17298 369
13350.7 1057.55 3651.82 -0.164379 370
14039.7 968.824 4228.43 -0.154844 371
14654.3 879.146 4725.89 -0.150232 372
14920 896.346 4725.89 -0.130021 373
14277.7 1025.24 3651.82 -0.0899777 377
13716.1 1044.17 2975.56 -0.0806915 378
13913.3 1056.76 3090 -0.0657506 379
13440.1 1084.76 2591.62 -0.0585922 380
13593.9 1065.72 2678 -0.0533028 381
13654.2 1016.95 2678 -0.0581686 382
