# x y d a f
14014.8 1651.15 4725.89 -0.0384657 1
13629.4 1381.01 4463.34 -0.0993459 1
13284.5 1139.33 4228.43 -0.162245 1
14018.5 1654.44 4725.89 -0.0360614 2
13634 1383.73 4463.34 -0.0968627 2
13289.9 1141.5 4228.43 -0.15969 2
14019.9 1651.37 4725.89 -0.0360686 3
13635.1 1380.2 4463.34 -0.0969731 3
13291.4 1138.91 4228.43 -0.159585 3
14021.5 1648.4 4725.89 -0.0361412 4
13636.7 1377.35 4463.34 -0.0970254 4
13292.9 1135.73 4228.43 -0.159722 4
14022.2 1647.99 4725.89 -0.0360695 5
13637.7 1377.61 4463.34 -0.0968002 5
13293.7 1135.48 4228.43 -0.159597 5
14022.7 1647.71 4725.89 -0.0360148 6
13637.9 1376.34 4463.34 -0.0969576 6
13293.8 1134.17 4228.43 -0.159781 6
14023 1646.78 4725.89 -0.0360681 7
13638.2 1375.68 4463.34 -0.0969574 7
13294.3 1133.83 4228.43 -0.159702 7
14023.2 1647.07 4725.89 -0.0359727 8
13638.2 1375.42 4463.34 -0.0969727 8
13294.6 1134.56 4228.43 -0.159482 8
14022.9 1646.46 4725.89 -0.036068 9
13638.3 1375.64 4463.34 -0.0968945 9
13294.2 1133.51 4228.43 -0.159702 9
14022.9 1646.61 4725.89 -0.0360186 10
13638.3 1375.76 4463.34 -0.0968471 10
13294.2 1133.66 4228.43 -0.159642 10
14022.8 1646.79 4725.89 -0.035958 11
13637.8 1375.14 4463.34 -0.0969575 11
13293.8 1133.13 4228.43 -0.15974 11
14022.5 1646.24 4725.89 -0.0360607 12
13637.8 1375.31 4463.34 -0.09691 12
13293.9 1133.69 4228.43 -0.159596 12
14022.4 1646.17 4725.89 -0.0360682 13
13637.5 1374.88 4463.34 -0.0969983 13
13293.5 1132.79 4228.43 -0.159804 13
14022.1 1645.72 4725.89 -0.0361457 14
13637.4 1374.77 4463.34 -0.0970091 14
13293.4 1132.99 4228.43 -0.15974 14
14022.5 1647.08 4725.89 -0.0358655 15
13637.7 1375.85 4463.34 -0.0967636 15
13293.5 1133.38 4228.43 -0.159642 15
14021.9 1645.63 4725.89 -0.0361458 16
13637.4 1375.15 4463.34 -0.0969062 16
13293.3 1132.88 4228.43 -0.159748 16
14022.1 1646.06 4725.89 -0.0360609 17
13637.1 1374.23 4463.34 -0.0971089 17
13293.5 1133.54 4228.43 -0.159588 17
14017.9 1636.94 4725.89 -0.0384419 18
13632.4 1366.71 4463.34 -0.0993385 18
13288.1 1126.2 4228.43 -0.161959 18
14014.6 1638.2 4725.89 -0.0386678 19
13629.4 1368.51 4463.34 -0.0994668 19
13284.6 1127.16 4228.43 -0.1623 19
14011.3 1641.95 4725.89 -0.0386154 20
13625.9 1371.77 4463.34 -0.0995158 20
13281.1 1130.45 4228.43 -0.162347 20
14011.4 1642.17 4725.89 -0.0385697 21
13625.8 1371.74 4463.34 -0.0995232 21
13281.4 1131.08 4228.43 -0.162195 21
14010.3 1644.41 4725.89 -0.0385574 22
13624.6 1373.55 4463.34 -0.0996035 22
13280.2 1133.02 4228.43 -0.162252 22
14010.4 1644.62 4725.89 -0.038515 23
13624.9 1374.19 4463.34 -0.0994638 23
13280.5 1133.7 4228.43 -0.162089 23
14016.7 1656.26 4725.89 -0.0359937 24
13631.7 1384.42 4463.34 -0.0970383 24
13287.9 1142.82 4228.43 -0.15973 24
14021.6 1652.33 4725.89 -0.0361037 25
13637 1381.69 4463.34 -0.0968951 25
13293 1139.62 4228.43 -0.159688 25
14023 1650.91 4725.89 -0.0361481 26
13638.4 1380.26 4463.34 -0.0969456 26
13294.3 1138.05 4228.43 -0.159776 26
14024.8 1650.17 4725.89 -0.0359657 27
13639.8 1378.57 4463.34 -0.0969549 27
13296 1137.01 4228.43 -0.15963 27
14024.9 1649.02 4725.89 -0.0360089 28
13640 1377.67 4463.34 -0.0969481 28
13296.2 1136.07 4228.43 -0.159631 28
14024.6 1648.45 4725.89 -0.0360575 29
13639.6 1376.68 4463.34 -0.0970942 29
13295.7 1135.07 4228.43 -0.159794 29
14024.4 1648.37 4725.89 -0.0360229 30
13639.7 1377.45 4463.34 -0.0968669 30
13295.6 1135.26 4228.43 -0.159687 30
14023.8 1647.3 4725.89 -0.0361965 31
13639.2 1376.58 4463.34 -0.0970143 31
13295.3 1134.84 4228.43 -0.159738 31
14024.3 1648.69 4725.89 -0.0359163 32
13639.4 1377.08 4463.34 -0.0969035 32
13295.5 1135.46 4228.43 -0.15959 32
14023.7 1648.36 4725.89 -0.0359169 33
13638.8 1376.75 4463.34 -0.0969042 33
13294.9 1135.14 4228.43 -0.159586 33
14023.2 1647.48 4725.89 -0.0360666 34
13638.3 1375.94 4463.34 -0.0970522 34
13294.5 1134.56 4228.43 -0.159693 34
14023 1647.44 4725.89 -0.0360483 35
13638 1375.81 4463.34 -0.097052 35
13294.1 1133.97 4228.43 -0.159803 35
14023 1647.97 4725.89 -0.0359179 36
13638 1376.01 4463.34 -0.0969799 36
13294.3 1134.95 4228.43 -0.159538 36
14022.6 1647.1 4725.89 -0.0360675 37
13637.9 1376.02 4463.34 -0.0969528 37
13293.8 1133.96 4228.43 -0.159747 37
14022.5 1647.05 4725.89 -0.0360412 38
13637.3 1374.82 4463.34 -0.0971754 38
13293.6 1133.71 4228.43 -0.159762 38
14022.5 1647.65 4725.89 -0.0359027 39
13637.7 1376.26 4463.34 -0.0968398 39
13294 1135.04 4228.43 -0.159424 39
14022.3 1646.77 4725.89 -0.0360583 40
13637.5 1375.59 4463.34 -0.0969626 40
13294 1134.85 4228.43 -0.159442 40
14022.2 1646.47 4725.89 -0.0360998 41
13637.3 1375.12 4463.34 -0.0970458 41
13293.5 1133.67 4228.43 -0.159702 41
14022.3 1646.82 4725.89 -0.0360117 42
13637.3 1375 4463.34 -0.0970534 42
13293.6 1133.81 4228.43 -0.159649 42
14022.3 1646.82 4725.89 -0.0360113 43
13637.4 1375.37 4463.34 -0.096973 43
13293.7 1134.06 4228.43 -0.159588 43
14022.1 1646.23 4725.89 -0.0361143 44
13637.6 1375.81 4463.34 -0.0968586 44
13293.3 1133.15 4228.43 -0.159789 44
14022.2 1646.67 4725.89 -0.0360014 45
13637.4 1375.56 4463.34 -0.0968867 45
13293.4 1133.34 4228.43 -0.159714 45
14021.8 1645.36 4725.89 -0.0362462 46
13637.5 1375.57 4463.34 -0.0968631 46
13293.4 1133.33 4228.43 -0.159692 46
14021.9 1645.75 4725.89 -0.0361569 47
13637.3 1375.03 4463.34 -0.0969697 47
13293.5 1133.46 4228.43 -0.15965 47
14022.4 1647.27 4725.89 -0.035842 48
13637.5 1375.74 4463.34 -0.096804 48
13293.4 1133.5 4228.43 -0.159629 48
14022.2 1646.41 4725.89 -0.036005 49
13637.2 1374.56 4463.34 -0.0970517 49
13293.3 1133.01 4228.43 -0.159733 49
14022 1645.86 4725.89 -0.0361001 50
13637 1374.05 4463.34 -0.0971492 50
13293.3 1132.93 4228.43 -0.159736 50
14021.9 1645.58 4725.89 -0.0361497 51
13637.2 1374.65 4463.34 -0.0970093 51
13293.3 1133.03 4228.43 -0.159703 51
14022.2 1646.81 4725.89 -0.0359174 52
13637.2 1375.05 4463.34 -0.0969378 52
13293.6 1133.9 4228.43 -0.159514 52
14022.1 1646.42 4725.89 -0.0359915 53
13637.2 1374.79 4463.34 -0.0969915 53
13293.3 1133.05 4228.43 -0.159711 53
14022.1 1646.22 4725.89 -0.0360239 54
13637.5 1375.52 4463.34 -0.0968203 54
13293.4 1133.31 4228.43 -0.159639 54
14021.6 1645.17 4725.89 -0.0362318 55
13637.5 1375.69 4463.34 -0.0967806 55
13293.6 1133.76 4228.43 -0.15953 55
14022.3 1646.57 4725.89 -0.0359514 56
13637.5 1375.2 4463.34 -0.0968869 56
13293.3 1132.98 4228.43 -0.159716 56
14022.1 1646.01 4725.89 -0.0360588 57
13637.3 1375.03 4463.34 -0.0969193 57
13293.2 1132.67 4228.43 -0.159782 57
14021.9 1645.72 4725.89 -0.0361112 58
13637.5 1375.48 4463.34 -0.0968148 58
13293.5 1133.46 4228.43 -0.159588 58
14022.2 1646.4 4725.89 -0.0359656 59
13637.3 1374.82 4463.34 -0.0969506 59
13293.5 1133.38 4228.43 -0.159597 59
14021.9 1645.8 4725.89 -0.0360861 60
13637.4 1375.32 4463.34 -0.0968399 60
13293.5 1133.7 4228.43 -0.159521 60
14022 1646.23 4725.89 -0.0359991 61
13637.3 1375.16 4463.34 -0.0968737 61
13293.3 1133.07 4228.43 -0.159671 61
14021.6 1644.94 4725.89 -0.0362491 62
13637.3 1374.76 4463.34 -0.0969539 62
13293.2 1132.52 4228.43 -0.159793 62
14021.7 1645.12 4725.89 -0.0362104 63
13637.4 1375.16 4463.34 -0.0968629 63
13293.5 1133.32 4228.43 -0.159597 63
14020.5 1655.06 4725.89 -0.0348902 64
13636.1 1383.5 4463.34 -0.0957833 64
13292.4 1141.02 4228.43 -0.158583 64
14021.2 1649.63 4725.89 -0.0358757 65
13636.2 1377.73 4463.34 -0.0969213 65
13292.3 1135.98 4228.43 -0.159639 65
14020.7 1648.45 4725.89 -0.0361129 66
13636.2 1377.78 4463.34 -0.0969099 66
13292.1 1135.54 4228.43 -0.159745 66
14021.8 1648.12 4725.89 -0.0360248 67
13637.1 1377.25 4463.34 -0.0968568 67
13293.1 1135.19 4228.43 -0.159644 67
14022.1 1647.1 4725.89 -0.0361156 68
13637.3 1375.84 4463.34 -0.0970433 68
13293.2 1133.59 4228.43 -0.159893 68
14022.7 1648.63 4725.89 -0.0357654 69
13638.1 1377.67 4463.34 -0.0965962 69
13293.9 1135.05 4228.43 -0.159495 69
14022.6 1647.85 4725.89 -0.0358853 70
13637.9 1376.43 4463.34 -0.0968314 70
13293.9 1134.3 4228.43 -0.159631 70
14022.7 1647.04 4725.89 -0.0360196 71
13637.7 1375.25 4463.34 -0.0970549 71
13294.1 1134.31 4228.43 -0.15959 71
14023 1648.21 4725.89 -0.0357619 72
13638.2 1376.93 4463.34 -0.0966627 72
13294.2 1134.7 4228.43 -0.159475 72
14021.2 1649.03 4725.89 -0.0361366 73
13636.7 1378.32 4463.34 -0.0969466 73
13292.7 1136.29 4228.43 -0.159734 73
14020.2 1656.77 4725.89 -0.0351642 74
13635.9 1385.69 4463.34 -0.0959716 74
13292.1 1143.35 4228.43 -0.158755 74
14020.5 1654.07 4725.89 -0.0359486 75
13635.9 1382.89 4463.34 -0.0968468 75
13292.1 1141.19 4228.43 -0.159546 75
14022.3 1651.31 4725.89 -0.0361137 76
13637.6 1380.27 4463.34 -0.0969933 76
13293.6 1138.41 4228.43 -0.159743 76
14021.6 1662.58 4725.89 -0.0343788 77
13637.5 1391.26 4463.34 -0.0951729 77
13293.8 1148.45 4228.43 -0.158001 77
14022.2 1653.32 4725.89 -0.0360013 78
13637.2 1381.7 4463.34 -0.0969978 78
13293.3 1139.91 4228.43 -0.159733 78
14021.6 1662.17 4725.89 -0.034556 79
13637.6 1391.03 4463.34 -0.095328 79
13294 1148.46 4228.43 -0.158111 79
14022.8 1651.52 4725.89 -0.036247 80
13638.5 1381.52 4463.34 -0.0969118 80
13294.4 1139.3 4228.43 -0.159742 80
14022.9 1651.79 4725.89 -0.0361935 81
13638.3 1381.19 4463.34 -0.0969847 81
13294.2 1138.89 4228.43 -0.15984 81
14023.7 1652.15 4725.89 -0.0359588 82
13639 1381.17 4463.34 -0.0968105 82
13295 1139.16 4228.43 -0.159582 82
14023.7 1650.83 4725.89 -0.0360881 83
13638.9 1379.72 4463.34 -0.0969806 83
13295 1137.89 4228.43 -0.159724 83
14024.4 1651.91 4725.89 -0.0356537 84
13639.4 1379.7 4463.34 -0.0967499 84
13295.5 1137.8 4228.43 -0.15949 84
14022.4 1657.55 4725.89 -0.0351087 85
13637.9 1386.1 4463.34 -0.0959939 85
13294.2 1143.91 4228.43 -0.158741 85
14022.4 1657.57 4725.89 -0.0351053 86
13638.2 1386.88 4463.34 -0.0958219 86
13294.4 1144.32 4228.43 -0.158642 86
14021.6 1664.43 4725.89 -0.0342338 87
13637.1 1391.9 4463.34 -0.0952816 87
13293.4 1149.28 4228.43 -0.158073 87
14021.7 1653.94 4725.89 -0.0360888 88
13637.3 1383.63 4463.34 -0.0968051 88
13293.1 1141.19 4228.43 -0.159679 88
14023.3 1653.02 4725.89 -0.0358926 89
13638.3 1381.32 4463.34 -0.0968962 89
13294.4 1139.34 4228.43 -0.159667 89
14022 1660 4725.89 -0.0350091 90
13637.3 1387.77 4463.34 -0.0960568 90
13293.7 1145.84 4228.43 -0.158749 90
14022.1 1660.17 4725.89 -0.0349744 91
13637.7 1388.8 4463.34 -0.0958293 91
13293.9 1146.42 4228.43 -0.158609 91
14023 1652.84 4725.89 -0.0360263 92
13638.1 1381.18 4463.34 -0.0970354 92
13294.2 1139.57 4228.43 -0.159731 92
14023.5 1652.05 4725.89 -0.0360166 93
13638.8 1381.12 4463.34 -0.0968637 93
13294.8 1139.06 4228.43 -0.159651 93
14022.6 1654.12 4725.89 -0.0359013 94
13638.1 1383.17 4463.34 -0.0967451 94
13294.2 1141.2 4228.43 -0.1595 94
14021.9 1664.01 4725.89 -0.0344117 95
13637.7 1392.46 4463.34 -0.0952589 95
13294.2 1150.25 4228.43 -0.15795 95
14022.3 1654.62 4725.89 -0.0360334 96
13637.7 1383.76 4463.34 -0.0968672 96
13293.6 1141.44 4228.43 -0.159719 96
14022.6 1652.18 4725.89 -0.0363071 97
13638.3 1382.28 4463.34 -0.0969552 97
13294.3 1140.26 4228.43 -0.159742 97
14023.5 1652.82 4725.89 -0.0359954 98
13638.8 1381.66 4463.34 -0.0968917 98
13294.7 1139.44 4228.43 -0.159719 98
14024.1 1651.32 4725.89 -0.0359951 99
13639.3 1380.16 4463.34 -0.0968917 99
13295.4 1138.4 4228.43 -0.159609 99
14024 1650.26 4725.89 -0.0360923 100
13639.1 1378.88 4463.34 -0.097046 100
13295.3 1137.26 4228.43 -0.159743 100
14024.2 1650.62 4725.89 -0.0359214 101
13639.2 1378.71 4463.34 -0.0969749 101
13295.2 1136.76 4228.43 -0.159746 101
14023.7 1649.86 4725.89 -0.0359923 102
13639.1 1378.89 4463.34 -0.0968464 102
13295.4 1137.27 4228.43 -0.159529 102
14022.5 1660.05 4725.89 -0.0345493 103
13638.2 1388.55 4463.34 -0.0953986 103
13294.6 1146.03 4228.43 -0.158174 103
14022.6 1650.52 4725.89 -0.0361598 104
13638 1379.89 4463.34 -0.0969534 104
13293.9 1137.63 4228.43 -0.159797 104
14022.7 1650.8 4725.89 -0.0361031 105
13638 1379.92 4463.34 -0.0969466 105
13294.1 1138.07 4228.43 -0.15969 105
14022.9 1649.44 4725.89 -0.0361531 106
13638.3 1378.75 4463.34 -0.0969585 106
13294.2 1136.55 4228.43 -0.15979 106
14023 1648.95 4725.89 -0.0361589 107
13638.6 1378.81 4463.34 -0.0968454 107
13294.4 1136.29 4228.43 -0.159742 107
14020.9 1661.91 4725.89 -0.0346579 108
13636.1 1389.34 4463.34 -0.0957504 108
13292.6 1147.26 4228.43 -0.158452 108
14021.4 1654.23 4725.89 -0.0359583 109
13636.7 1383.05 4463.34 -0.0968549 109
13292.8 1141.47 4228.43 -0.159527 109
14022.1 1653.07 4725.89 -0.0359915 110
13637.3 1381.7 4463.34 -0.0969318 110
13293.3 1139.62 4228.43 -0.15973 110
14021.7 1663.64 4725.89 -0.0343698 111
13637.1 1391.15 4463.34 -0.0954174 111
13293.5 1148.66 4228.43 -0.15819 111
14021.7 1653.26 4725.89 -0.0361954 112
13637.3 1383.05 4463.34 -0.0969011 112
13293.2 1140.76 4228.43 -0.159747 112
14021.8 1654.93 4725.89 -0.0360456 113
13637.8 1385.39 4463.34 -0.0965915 113
13293.8 1143.03 4228.43 -0.159427 113
14022.9 1654.05 4725.89 -0.0359882 114
13638.4 1383.37 4463.34 -0.0967794 114
13294.4 1141 4228.43 -0.159635 114
14023.7 1653.16 4725.89 -0.0359873 115
13638.9 1381.84 4463.34 -0.0969178 115
13295.1 1140.42 4228.43 -0.159557 115
14022.3 1660.89 4725.89 -0.0349431 116
13638.1 1389.72 4463.34 -0.0957539 116
13294.5 1147.55 4228.43 -0.158477 116
14023.3 1655.51 4725.89 -0.0357963 117
13638.5 1384.05 4463.34 -0.0967393 117
13294.5 1141.98 4228.43 -0.159518 117
14023.3 1652.84 4725.89 -0.0361291 118
13638.6 1381.91 4463.34 -0.0969876 118
13294.7 1140.11 4228.43 -0.159723 118
14022.6 1662.19 4725.89 -0.0347529 119
13638.2 1390.8 4463.34 -0.0955931 119
13294.5 1148.31 4228.43 -0.158379 119
14022.7 1654.14 4725.89 -0.0361158 120
13638 1383.02 4463.34 -0.0970124 120
13294 1141.01 4228.43 -0.159802 120
14023.5 1653.93 4725.89 -0.0359514 121
13638.9 1383.18 4463.34 -0.0967515 121
13294.8 1140.74 4228.43 -0.159619 121
14022.4 1664.03 4725.89 -0.0344228 122
13638.1 1392.27 4463.34 -0.0953178 122
13294.5 1149.75 4228.43 -0.15809 122
14022.1 1662.24 4725.89 -0.0349768 123
13637.6 1390.74 4463.34 -0.0958607 123
13293.8 1148.32 4228.43 -0.158652 123
14022.4 1655.23 4725.89 -0.036103 124
13637.7 1384.06 4463.34 -0.0970126 124
13293.8 1142.48 4228.43 -0.159697 124
14021.5 1661.84 4725.89 -0.0352088 125
13637.2 1390.76 4463.34 -0.0960246 125
13293.6 1148.64 4228.43 -0.158756 125
14022.6 1656.32 4725.89 -0.0360145 126
13637.8 1384.96 4463.34 -0.0969575 126
13294.1 1143.61 4228.43 -0.159583 126
14022.8 1653.53 4725.89 -0.0363216 127
13638.5 1383.58 4463.34 -0.0969807 127
13294.5 1141.48 4228.43 -0.159788 127
14022.9 1666.21 4725.89 -0.0342352 128
13638.4 1394.02 4463.34 -0.0952074 128
13294.8 1151.4 4228.43 -0.157991 128
14022.6 1658.19 4725.89 -0.0358718 129
13638.2 1387.59 4463.34 -0.0966348 129
13294 1144.88 4228.43 -0.159561 129
14023.8 1656.5 4725.89 -0.035923 130
13638.8 1384.69 4463.34 -0.0969546 130
13295 1143.1 4228.43 -0.159638 130
14023.3 1662.11 4725.89 -0.0350166 131
13638.8 1390.55 4463.34 -0.0959177 131
13295 1148.03 4228.43 -0.158738 131
14023.5 1659.14 4725.89 -0.0356789 132
13638.5 1387 4463.34 -0.0967612 132
13294.5 1145.07 4228.43 -0.159511 132
14023.4 1655.04 4725.89 -0.0362256 133
13639 1384.8 4463.34 -0.0969402 133
13295.1 1142.99 4228.43 -0.159674 133
14022.7 1663.63 4725.89 -0.0349382 134
13638.6 1392.92 4463.34 -0.0956458 134
13295.1 1151.09 4228.43 -0.158278 134
14022.3 1662.84 4725.89 -0.0352049 135
13638 1391.75 4463.34 -0.096021 135
13294.4 1149.85 4228.43 -0.1587 135
14022.2 1662.57 4725.89 -0.0352584 136
13638.2 1392.45 4463.34 -0.0958666 136
13294.5 1150.06 4228.43 -0.15865 136
14023.4 1657.92 4725.89 -0.0358704 137
13638.7 1386.74 4463.34 -0.0967619 137
13294.7 1144.65 4228.43 -0.159549 137
14022.6 1667 4725.89 -0.0344573 138
13638.4 1395.64 4463.34 -0.0952695 138
13294.9 1153.32 4228.43 -0.157987 138
14022.7 1667.2 4725.89 -0.0344187 139
13638.8 1396.55 4463.34 -0.095068 139
13295 1153.51 4228.43 -0.157942 139
14024.1 1656.49 4725.89 -0.0359407 140
13639.3 1385.03 4463.34 -0.0968995 140
13295.6 1143.45 4228.43 -0.159577 140
14024.2 1653.98 4725.89 -0.0362254 141
13639.9 1384.01 4463.34 -0.096881 141
13295.9 1142.03 4228.43 -0.159652 141
14023.6 1665.19 4725.89 -0.0342763 142
13639.2 1392.96 4463.34 -0.0952635 142
13295.8 1150.77 4228.43 -0.157951 142
14022 1664.91 4725.89 -0.0347489 143
13638.3 1394.59 4463.34 -0.095357 143
13294.6 1152.06 4228.43 -0.158134 143
14021.4 1666.95 4725.89 -0.0347015 144
13637.3 1395.97 4463.34 -0.0954505 144
13293.6 1153.34 4228.43 -0.158257 144
14022.5 1658.93 4725.89 -0.035946 145
13637.8 1387.7 4463.34 -0.0968509 145
13293.9 1145.9 4228.43 -0.159575 145
14023.3 1657.14 4725.89 -0.0359959 146
13638.7 1386.18 4463.34 -0.0968506 146
13294.8 1144.27 4228.43 -0.159601 146
14022.8 1666.3 4725.89 -0.0345663 147
13638.8 1395.49 4463.34 -0.0952648 147
13294.9 1152.48 4228.43 -0.158147 147
14023.6 1658.52 4725.89 -0.0357948 148
13638.7 1386.75 4463.34 -0.0968063 148
13294.9 1144.93 4228.43 -0.159534 148
14024 1655.69 4725.89 -0.0360885 149
13639.3 1384.76 4463.34 -0.0969409 149
13295.2 1142.34 4228.43 -0.159823 149
14024.5 1654.72 4725.89 -0.0360482 150
13640.1 1384.67 4463.34 -0.0967041 150
13295.8 1141.77 4228.43 -0.159678 150
14022.5 1667.03 4725.89 -0.034302 151
13638.1 1394.99 4463.34 -0.095249 151
13294.8 1153.09 4228.43 -0.157864 151
14021.5 1665.25 4725.89 -0.0350162 152
13637.1 1393.86 4463.34 -0.0958782 152
13293.5 1151.96 4228.43 -0.158547 152
14022.6 1659.4 4725.89 -0.0358272 153
13637.9 1388.06 4463.34 -0.0967493 153
13293.8 1145.68 4228.43 -0.159605 153
14022 1671.02 4725.89 -0.034177 154
13637.3 1398.33 4463.34 -0.0952523 154
13293.9 1156.17 4228.43 -0.157933 154
14021.6 1670.1 4725.89 -0.0343613 155
13637.3 1398.35 4463.34 -0.0952482 155
13293.7 1155.72 4228.43 -0.158039 155
14022.3 1670.2 4725.89 -0.0344723 156
13638.2 1398.87 4463.34 -0.0952773 156
13294.7 1156.56 4228.43 -0.157995 156
14022 1671.5 4725.89 -0.034459 157
13637.8 1399.96 4463.34 -0.0953097 157
13294.2 1157.37 4228.43 -0.158098 157
14022.1 1673.3 4725.89 -0.0343131 158
13637.7 1401.07 4463.34 -0.0953015 158
13294.2 1158.69 4228.43 -0.158037 158
14021.8 1671.64 4725.89 -0.0348294 159
13637.7 1400.66 4463.34 -0.0955879 159
13294.1 1158.6 4228.43 -0.158272 159
14023.4 1663.49 4725.89 -0.0359524 160
13638.8 1392.48 4463.34 -0.0968144 160
13294.9 1150.69 4228.43 -0.159534 160
14024 1670.05 4725.89 -0.0345173 161
13639.6 1398.09 4463.34 -0.0954677 161
13296.4 1156.39 4228.43 -0.158055 161
14025.1 1661.02 4725.89 -0.0359102 162
13640.3 1389.59 4463.34 -0.0968553 162
13296.2 1147.51 4228.43 -0.159647 162
14026.1 1660.92 4725.89 -0.0355857 163
13641.4 1389.66 4463.34 -0.0964679 163
13297.4 1147.23 4228.43 -0.159312 163
14024.7 1667.76 4725.89 -0.0345923 164
13640.5 1396.32 4463.34 -0.0954319 164
13296.6 1153.29 4228.43 -0.158335 164
14024.4 1660.74 4725.89 -0.0359254 165
13639.7 1389.58 4463.34 -0.096816 165
13295.7 1147.25 4228.43 -0.159664 165
14025.6 1658.44 4725.89 -0.0357676 166
13641 1387.14 4463.34 -0.0966762 166
13297.3 1145.69 4228.43 -0.159302 166
14024.7 1658 4725.89 -0.0359685 167
13639.9 1386.62 4463.34 -0.0969099 167
13295.8 1144.34 4228.43 -0.159754 167
14024.4 1657.12 4725.89 -0.0361452 168
13640.1 1387.25 4463.34 -0.0967701 168
13296.1 1145.21 4228.43 -0.159545 168
14023.4 1664.29 4725.89 -0.035113 169
13638.9 1392.81 4463.34 -0.0960056 169
13295.2 1150.41 4228.43 -0.158806 169
14023.1 1665 4725.89 -0.0350367 170
13638.9 1394.23 4463.34 -0.0957638 170
13294.9 1151.17 4228.43 -0.158701 170
14021.7 1671.16 4725.89 -0.0344173 171
13637.6 1399.64 4463.34 -0.0952585 171
13293.8 1156.59 4228.43 -0.158152 171
14020.9 1672.19 4725.89 -0.0346529 172
13637.2 1401.82 4463.34 -0.0952644 172
13293.6 1159.21 4228.43 -0.158052 172
14021.3 1670.99 4725.89 -0.0350596 173
13637.1 1399.89 4463.34 -0.095864 173
13293.3 1157.47 4228.43 -0.158654 173
14021.8 1675.42 4725.89 -0.0344551 174
13637.7 1404.3 4463.34 -0.0952142 174
13294 1161.41 4228.43 -0.158064 174
14022.2 1676.48 4725.89 -0.0343556 175
13637.7 1404.17 4463.34 -0.0953645 175
13294.2 1161.83 4228.43 -0.158098 175
14022.3 1676.51 4725.89 -0.0344477 176
13638.1 1404.91 4463.34 -0.0953096 176
13294.8 1162.92 4228.43 -0.157955 176
14022.8 1677.36 4725.89 -0.0343639 177
13638.7 1406.05 4463.34 -0.0951557 177
13294.9 1162.93 4228.43 -0.158057 177
14022.9 1677.58 4725.89 -0.0343992 178
13638.7 1405.97 4463.34 -0.0952597 178
13295 1163.11 4228.43 -0.158107 178
14023.1 1677.49 4725.89 -0.0345529 179
13639.1 1406.37 4463.34 -0.0953195 179
13295.5 1163.8 4228.43 -0.158104 179
14025.2 1668.23 4725.89 -0.0358373 180
13640.5 1396.79 4463.34 -0.0967816 180
13296.8 1155.31 4228.43 -0.159424 180
14025.2 1668.32 4725.89 -0.0358185 181
13640.3 1396.36 4463.34 -0.0968772 181
13296.5 1154.71 4228.43 -0.159568 181
14025.3 1676.34 4725.89 -0.0343654 182
13640.9 1404.3 4463.34 -0.0953176 182
13297.3 1161.92 4228.43 -0.158055 182
14024.3 1677.05 4725.89 -0.0344637 183
13640.1 1405.29 4463.34 -0.0953619 183
13296.5 1162.66 4228.43 -0.158164 183
14025.9 1668.37 4725.89 -0.0356259 184
13641.1 1396.63 4463.34 -0.0966184 184
13297.4 1155.08 4228.43 -0.159263 184
14025.2 1675.18 4725.89 -0.0344519 185
13641 1403.6 4463.34 -0.0953088 185
13297.6 1161.41 4228.43 -0.158001 185
14025.8 1664.71 4725.89 -0.0360203 186
13641.5 1394.46 4463.34 -0.0967215 186
13297.7 1152.51 4228.43 -0.159473 186
14025.1 1672.72 4725.89 -0.0346564 187
13641.3 1402.14 4463.34 -0.0953142 187
13297.6 1159.36 4228.43 -0.158147 187
14024 1675.55 4725.89 -0.0344562 188
13639.9 1404.25 4463.34 -0.0952548 188
13296.2 1161.42 4228.43 -0.158095 188
14024.4 1673.24 4725.89 -0.0346092 189
13640.4 1402.43 4463.34 -0.0953126 189
13296.8 1159.79 4228.43 -0.158111 189
13747.4 1685.49 4463.34 -0.0342387 190
13639.6 1402.17 4463.34 -0.0955688 190
13296.4 1160.78 4228.43 -0.158091 190
14026.3 1663.76 4725.89 -0.0357314 191
13641.3 1391.59 4463.34 -0.0968249 191
13297.3 1149.5 4228.43 -0.159619 191
14026.2 1663.44 4725.89 -0.0357959 192
13641.5 1392.19 4463.34 -0.0966932 192
13297.6 1150.33 4228.43 -0.159418 192
14025.4 1669.97 4725.89 -0.0344657 193
13641 1397.95 4463.34 -0.0954219 193
13297.8 1156.26 4228.43 -0.158004 193
14025.9 1661.41 4725.89 -0.0357989 194
13641.1 1389.72 4463.34 -0.0967954 194
13297.4 1148.32 4228.43 -0.159421 194
14024.4 1669.15 4725.89 -0.0346066 195
13640.3 1398.07 4463.34 -0.0953701 195
13296.8 1155.68 4228.43 -0.158113 195
14023.5 1671.35 4725.89 -0.0344619 196
13639.3 1399.63 4463.34 -0.095353 196
13295.8 1157.48 4228.43 -0.158037 196
14022.4 1673.91 4725.89 -0.0344107 197
13638.3 1402.4 4463.34 -0.0952518 197
13294.5 1159.3 4228.43 -0.158157 197
14023.5 1663.71 4725.89 -0.0359423 198
13639.3 1393.41 4463.34 -0.0966457 198
13295.3 1151.3 4228.43 -0.159429 198
14023.5 1672.68 4725.89 -0.0344021 199
13639.3 1401.06 4463.34 -0.0952644 199
13295.7 1158.43 4228.43 -0.158058 199
14022.8 1673.18 4725.89 -0.0345139 200
13638.5 1401.24 4463.34 -0.0954584 200
13295.2 1159.51 4228.43 -0.158054 200
14023 1675.35 4725.89 -0.0342609 201
13638.4 1402.62 4463.34 -0.0953545 201
13294.8 1160.18 4228.43 -0.158111 201
14022.3 1675.3 4725.89 -0.0345601 202
13638.3 1404.26 4463.34 -0.0953118 202
13294.5 1161.19 4228.43 -0.158214 202
14022.9 1677.59 4725.89 -0.0343158 203
13638.5 1405.56 4463.34 -0.0952606 203
13295.1 1163.33 4228.43 -0.157957 203
14022.6 1676.85 4725.89 -0.0345491 204
13638.5 1405.52 4463.34 -0.0953638 204
13295.2 1163.52 4228.43 -0.158014 204
14024.3 1666.19 4725.89 -0.0361563 205
13640 1395.97 4463.34 -0.0968621 205
13296.1 1154.06 4228.43 -0.159613 205
14026.3 1665.36 4725.89 -0.0358017 206
13641.3 1393.52 4463.34 -0.0968309 206
13297.6 1152.01 4228.43 -0.159485 206
14024.8 1674.46 4725.89 -0.0344174 207
13640.9 1403.54 4463.34 -0.0951268 207
13297.1 1160.51 4228.43 -0.158004 207
13747.6 1686.44 4463.34 -0.0340856 208
13640.1 1403.82 4463.34 -0.0952588 208
13296.5 1161.37 4228.43 -0.158008 208
14025.2 1665.13 4725.89 -0.0359301 209
13640.7 1394.43 4463.34 -0.0967201 209
13296.7 1152.24 4228.43 -0.159528 209
14024.6 1673.16 4725.89 -0.0345555 210
13640.7 1402.49 4463.34 -0.0952247 210
13297.2 1160.11 4228.43 -0.157952 210
14023.8 1675.94 4725.89 -0.0343575 211
13639.6 1404.41 4463.34 -0.0951965 211
13295.8 1161.29 4228.43 -0.1581 211
14023.8 1675.88 4725.89 -0.0343684 212
13639.7 1404.5 4463.34 -0.0951751 212
13296 1161.67 4228.43 -0.158009 212
14024.8 1665.67 4725.89 -0.0358733 213
13640.3 1394.91 4463.34 -0.0966719 213
13296.3 1152.5 4228.43 -0.159528 213
14023.8 1674.74 4725.89 -0.0344644 214
13639.4 1402.52 4463.34 -0.0954666 214
13296 1160.63 4228.43 -0.158101 214
14022.7 1675.04 4725.89 -0.0346984 215
13639 1404.65 4463.34 -0.0953195 215
13295.4 1162.04 4228.43 -0.158112 215
14022.4 1675.61 4725.89 -0.0347984 216
13638.8 1405.53 4463.34 -0.0953603 216
13295.1 1162.68 4228.43 -0.158215 216
14023.3 1678.33 4725.89 -0.0344085 217
13638.7 1405.82 4463.34 -0.0954669 217
13295.1 1163.25 4228.43 -0.158264 217
14024.6 1675.34 4725.89 -0.0345999 218
13640.3 1403.58 4463.34 -0.0955133 218
13296.9 1161.45 4228.43 -0.158208 218
14024.2 1676.19 4725.89 -0.0345538 219
13640 1404.41 4463.34 -0.0954675 219
13296.4 1161.82 4228.43 -0.158269 219
14023.8 1676.2 4725.89 -0.03466 220
13639.9 1405.39 4463.34 -0.095371 220
13296.3 1162.81 4228.43 -0.158161 220
14023.3 1676.66 4725.89 -0.0347452 221
13639.4 1405.83 4463.34 -0.0954676 221
13295.7 1163.05 4228.43 -0.158314 221
14024.8 1675.16 4725.89 -0.0346062 222
13640.5 1403.36 4463.34 -0.0955282 222
13297 1161.23 4228.43 -0.158223 222
14023.9 1676.41 4725.89 -0.0346063 223
13639.6 1404.64 4463.34 -0.0955222 223
13296.3 1162.68 4228.43 -0.158177 223
14023.7 1675.93 4725.89 -0.0347017 224
13639.7 1404.86 4463.34 -0.095474 224
13296.2 1162.52 4228.43 -0.158215 224
14024.9 1666.49 4725.89 -0.0360201 225
13640.8 1396.44 4463.34 -0.0966778 225
13296.9 1154.24 4228.43 -0.159484 225
14025.2 1671.89 4725.89 -0.0347072 226
13641.1 1400.46 4463.34 -0.0955583 226
13297.6 1158.12 4228.43 -0.158307 226
14025.2 1671.75 4725.89 -0.0347354 227
13641.4 1401.14 4463.34 -0.0954077 227
13297.7 1158.51 4228.43 -0.158213 227
14026.1 1663.79 4725.89 -0.0358702 228
13641.7 1393.21 4463.34 -0.0966292 228
13297.7 1150.68 4228.43 -0.159512 228
14024.1 1672.71 4725.89 -0.0346084 229
13640 1401.4 4463.34 -0.0954242 229
13296.3 1158.67 4228.43 -0.158254 229
14023.5 1673.99 4725.89 -0.0345555 230
13639.2 1402.19 4463.34 -0.0954727 230
13295.7 1159.89 4228.43 -0.158205 230
14024.4 1664.03 4725.89 -0.0360307 231
13640 1393.22 4463.34 -0.0968559 231
13296.1 1151.33 4228.43 -0.159604 231
14022.9 1672.43 4725.89 -0.0348048 232
13639.5 1402.81 4463.34 -0.0952678 232
13295.7 1159.69 4228.43 -0.158177 232
14023 1672.66 4725.89 -0.034759 233
13639.2 1402.16 4463.34 -0.095411 233
13296 1160.39 4228.43 -0.158009 233
14024.3 1664.17 4725.89 -0.0359608 234
13640 1393.84 4463.34 -0.0966758 234
13296 1151.51 4228.43 -0.159512 234
14025.9 1662.79 4725.89 -0.035796 235
13641.1 1391.09 4463.34 -0.0967937 235
13297.2 1149.17 4228.43 -0.159543 235
14025.8 1662.52 4725.89 -0.0358489 236
13641.1 1391.09 4463.34 -0.0967943 236
13297.4 1149.6 4228.43 -0.15944 236
14024.9 1668.21 4725.89 -0.0347001 237
13640.9 1397.21 4463.34 -0.0954554 237
13297.3 1154.81 4228.43 -0.15821 237
14023.8 1670.24 4725.89 -0.0346035 238
13639.8 1399.19 4463.34 -0.0953603 238
13296.2 1156.59 4228.43 -0.158155 238
14024.9 1661.97 4725.89 -0.0358302 239
13640.1 1390.42 4463.34 -0.0967997 239
13296.5 1149.15 4228.43 -0.159394 239
14025.1 1658.66 4725.89 -0.0361331 240
13641.1 1389.16 4463.34 -0.0966796 240
13297.1 1146.69 4228.43 -0.159551 240
14024 1667.47 4725.89 -0.0347508 241
13640.2 1397.11 4463.34 -0.0953686 241
13296.8 1154.95 4228.43 -0.158059 241
14022.9 1669.31 4725.89 -0.0346994 242
13639.2 1398.92 4463.34 -0.0953206 242
13295.4 1155.93 4228.43 -0.158204 242
14021.9 1672.25 4725.89 -0.0346093 243
13637.9 1401.26 4463.34 -0.0953549 243
13294.3 1158.59 4228.43 -0.158165 243
14021.7 1673.47 4725.89 -0.0345602 244
13637.6 1402.19 4463.34 -0.0953628 244
13294.1 1159.76 4228.43 -0.158115 244
14021.4 1673.81 4725.89 -0.0346556 245
13637.5 1403.01 4463.34 -0.0953633 245
13294 1160.65 4228.43 -0.1581 245
14021.8 1675.21 4725.89 -0.0345138 246
13637.7 1403.92 4463.34 -0.0953152 246
13294.1 1161.32 4228.43 -0.158104 246
14022.2 1676.54 4725.89 -0.0343649 247
13637.8 1404.51 4463.34 -0.0953152 247
13294.3 1161.95 4228.43 -0.158096 247
14022 1675.91 4725.89 -0.0344918 248
13637.6 1403.79 4463.34 -0.0954741 248
13294.2 1161.71 4228.43 -0.158153 248
14022.6 1677.45 4725.89 -0.0342838 249
13638.2 1405.48 4463.34 -0.0952126 249
13294.4 1162.37 4228.43 -0.158115 249
14022.6 1677.28 4725.89 -0.0344068 250
13638.3 1405.49 4463.34 -0.0953078 250
13294.8 1163.1 4228.43 -0.158047 250
14022.3 1676.47 4725.89 -0.0346485 251
13638.4 1405.41 4463.34 -0.095411 251
13294.8 1162.84 4228.43 -0.158202 251
14023.3 1678.07 4725.89 -0.0345147 252
13639.4 1407.46 4463.34 -0.0951649 252
13295.5 1163.99 4228.43 -0.15815 252
14023.1 1677.39 4725.89 -0.034749 253
13639.4 1407.01 4463.34 -0.0953719 253
13295.8 1164.24 4228.43 -0.158208 253
14023.9 1679.22 4725.89 -0.0344625 254
13639.7 1407.45 4463.34 -0.0953643 254
13296.2 1165.07 4228.43 -0.158106 254
14024 1679.4 4725.89 -0.0344626 255
13639.9 1407.87 4463.34 -0.0953135 255
13296.1 1164.8 4228.43 -0.158216 255
13747.5 1690.89 4463.34 -0.0340889 256
13639.7 1407.51 4463.34 -0.095428 256
13296.5 1165.8 4228.43 -0.158015 256
14024 1679.26 4725.89 -0.0345549 257
13639.9 1407.95 4463.34 -0.0953646 257
13296.2 1165.11 4228.43 -0.158216 257
14024.1 1679.61 4725.89 -0.0345124 258
13640.2 1408.56 4463.34 -0.0952617 258
13296.5 1165.9 4228.43 -0.15806 258
14024.2 1679.7 4725.89 -0.0345195 259
13640 1408.21 4463.34 -0.0953652 259
13296.4 1165.61 4228.43 -0.158159 259
14023.9 1678.92 4725.89 -0.0347001 260
13640 1408.08 4463.34 -0.0954202 260
13296.4 1165.49 4228.43 -0.158216 260
14024.1 1679.48 4725.89 -0.0346081 261
13640.1 1408.47 4463.34 -0.0953574 261
13296.8 1166.46 4228.43 -0.158008 261
14024.2 1679.89 4725.89 -0.0345623 262
13640.2 1408.61 4463.34 -0.0953654 262
13296.7 1166.27 4228.43 -0.158098 262
14024.1 1679.51 4725.89 -0.0346539 263
13639.9 1407.96 4463.34 -0.0955272 263
13296.6 1166.09 4228.43 -0.158159 263
14024.1 1679.43 4725.89 -0.0346964 264
13640.2 1408.86 4463.34 -0.0953574 264
13296.6 1166.01 4228.43 -0.158213 264
14024.5 1680.64 4725.89 -0.0344665 265
13640.4 1409.35 4463.34 -0.0952618 265
13296.7 1166.44 4228.43 -0.158122 265
14024.3 1679.99 4725.89 -0.0346153 266
13640.3 1408.95 4463.34 -0.0953728 266
13296.9 1166.84 4228.43 -0.158049 266
14024.3 1680.13 4725.89 -0.0346047 267
13640.4 1409.3 4463.34 -0.0953139 267
13296.7 1166.5 4228.43 -0.158151 267
14024.3 1680.13 4725.89 -0.0346119 268
13640.2 1408.85 4463.34 -0.0954209 268
13296.8 1166.69 4228.43 -0.158113 268
14024.2 1679.93 4725.89 -0.0346577 269
13640.3 1408.91 4463.34 -0.0954129 269
13296.7 1166.5 4228.43 -0.158167 269
14024.3 1680.22 4725.89 -0.0346043 270
13640.3 1408.94 4463.34 -0.095413 270
13296.9 1166.81 4228.43 -0.158098 270
14024.5 1680.75 4725.89 -0.0345088 271
13640.4 1409.22 4463.34 -0.0953614 271
13296.8 1166.8 4228.43 -0.158113 271
14024.3 1680.03 4725.89 -0.0346577 272
13640.4 1409.23 4463.34 -0.0953648 272
13296.7 1166.41 4228.43 -0.158213 272
14024.4 1680.27 4725.89 -0.0346119 273
13640.6 1409.71 4463.34 -0.0952619 273
13296.8 1166.65 4228.43 -0.15816 273
14024.8 1681.3 4725.89 -0.0344089 274
13640.4 1409.26 4463.34 -0.0953653 274
13296.8 1166.63 4228.43 -0.158167 274
14024.9 1681.72 4725.89 -0.0343285 275
13640.3 1409.04 4463.34 -0.0954169 275
13296.9 1166.93 4228.43 -0.158098 275
14023.9 1679.16 4725.89 -0.0348453 276
13640.1 1408.59 4463.34 -0.0955193 276
13296.8 1166.66 4228.43 -0.158167 276
14024.9 1681.55 4725.89 -0.034371 277
13640.5 1409.55 4463.34 -0.0953133 277
13297.1 1167.56 4228.43 -0.157958 277
14024.5 1680.65 4725.89 -0.0345547 278
13640.6 1409.77 4463.34 -0.0952692 278
13296.6 1166.28 4228.43 -0.15827 278
14024.6 1680.87 4725.89 -0.0345126 279
13640.3 1409.1 4463.34 -0.0954203 279
13297 1167.17 4228.43 -0.158057 279
14024.6 1680.88 4725.89 -0.0345126 280
13640.4 1409.35 4463.34 -0.0953653 280
13296.8 1166.76 4228.43 -0.158159 280
14024.4 1680.39 4725.89 -0.0346119 281
13640.6 1409.79 4463.34 -0.0952698 281
13296.9 1166.95 4228.43 -0.158114 281
14024.6 1680.9 4725.89 -0.0345127 282
13640.4 1409.36 4463.34 -0.0953688 282
13297.1 1167.37 4228.43 -0.158015 282
14024.7 1681.11 4725.89 -0.0344701 283
13640.4 1409.31 4463.34 -0.0953801 283
13296.8 1166.7 4228.43 -0.158179 283
14024.7 1681.17 4725.89 -0.0344592 284
13640.9 1410.5 4463.34 -0.0951192 284
13297.1 1167.4 4228.43 -0.158011 284
14024.4 1680.46 4725.89 -0.0346043 285
13640.5 1409.64 4463.34 -0.0953099 285
13296.9 1167.05 4228.43 -0.158098 285
14024.7 1681.13 4725.89 -0.0344701 286
13640.4 1409.4 4463.34 -0.0953653 286
13296.9 1166.85 4228.43 -0.158147 286
14024.5 1680.68 4725.89 -0.0345618 287
13640.4 1409.4 4463.34 -0.0953654 287
13296.9 1167.05 4228.43 -0.158098 287
14024.7 1681.19 4725.89 -0.0344592 288
13640.5 1409.67 4463.34 -0.0953059 288
13296.9 1166.84 4228.43 -0.158151 288
14024.4 1680.26 4725.89 -0.0346468 289
13640.3 1409.15 4463.34 -0.0954203 289
13297 1167.18 4228.43 -0.158069 289
14024.5 1680.65 4725.89 -0.0345694 290
13640.5 1409.59 4463.34 -0.0953246 290
13296.8 1166.57 4228.43 -0.158216 290
14024.6 1680.92 4725.89 -0.0345159 291
13640.4 1409.41 4463.34 -0.0953654 291
13297.1 1167.41 4228.43 -0.158015 291
14024.5 1680.71 4725.89 -0.0345584 292
13640.6 1409.91 4463.34 -0.0952544 292
13297.1 1167.41 4228.43 -0.158015 292
14024.6 1680.97 4725.89 -0.0345051 293
13640.4 1409.38 4463.34 -0.0953727 293
13296.9 1167.05 4228.43 -0.158102 293
14024.3 1680.22 4725.89 -0.0346577 294
13640.5 1409.68 4463.34 -0.0953059 294
13296.9 1166.82 4228.43 -0.158159 294
14024.6 1680.96 4725.89 -0.0345088 295
13640.5 1409.45 4463.34 -0.0953575 295
13297.1 1167.48 4228.43 -0.158 295
14024.3 1680.22 4725.89 -0.0346577 296
13640.3 1409.17 4463.34 -0.0954203 296
13296.9 1167.06 4228.43 -0.158102 296
14024.3 1680.01 4725.89 -0.0347002 297
13640.4 1409.31 4463.34 -0.095388 297
13297.1 1167.42 4228.43 -0.158015 297
14024.6 1681 4725.89 -0.034501 298
13640.3 1408.99 4463.34 -0.0954605 298
13296.8 1166.6 4228.43 -0.158213 298
14024.4 1680.45 4725.89 -0.0346119 299
13640.5 1409.45 4463.34 -0.0953575 299
13297.1 1167.45 4228.43 -0.158007 299
14024.6 1680.94 4725.89 -0.0345126 300
13640.7 1410.12 4463.34 -0.0952103 300
13296.9 1166.82 4228.43 -0.15816 300
14024.4 1680.29 4725.89 -0.0346428 301
13640.3 1409.17 4463.34 -0.0954203 301
13296.9 1166.82 4228.43 -0.158159 301
14024.4 1680.39 4725.89 -0.0346229 302
13640.6 1409.82 4463.34 -0.0952771 302
13296.9 1166.84 4228.43 -0.158155 302
14025.1 1682.13 4725.89 -0.034275 303
13640.6 1409.85 4463.34 -0.0952697 303
13297.1 1167.46 4228.43 -0.158007 303
14024.4 1680.43 4725.89 -0.0346153 304
13640.4 1409.42 4463.34 -0.0953654 304
13297 1167.23 4228.43 -0.15806 304
14024.5 1680.7 4725.89 -0.0345618 305
13640.3 1408.96 4463.34 -0.0954678 305
13296.7 1166.4 4228.43 -0.158262 305
14025.1 1682.26 4725.89 -0.034249 306
13640.5 1409.46 4463.34 -0.0953574 306
13296.9 1166.83 4228.43 -0.158159 306
14024.1 1679.5 4725.89 -0.0348033 307
13640.6 1409.71 4463.34 -0.0953019 307
13296.9 1166.82 4228.43 -0.15816 307
13640.6 1409.89 4463.34 -0.0952619 308
13297 1167.32 4228.43 -0.158041 308
14024.9 1681.62 4725.89 -0.0343782 308
14024.7 1681.16 4725.89 -0.0344701 309
13640.5 1409.46 4463.34 -0.0953574 309
13296.8 1166.79 4228.43 -0.158167 309
14024.6 1680.93 4725.89 -0.0345159 310
13640.6 1409.87 4463.34 -0.0952658 310
13297 1167.25 4228.43 -0.158057 310
13496.3 1691.15 4228.43 -0.0362915 311
13177.2 1446.95 4017 -0.0969685 311
12888.1 1224.85 3825.72 -0.159949 311
13749.8 1681.78 4463.34 -0.0343536 312
13402.4 1423.31 4228.43 -0.0954052 312
13301.7 1153.79 4228.43 -0.159131 312
16438.7 628.568 7303.65 -0.160898 313
15928.4 886.282 6180.01 -0.119769 319
13439.8 1449.83 3651.82 -0.0496229 320
12979.3 1228.21 3347.5 -0.116748 320
12639.8 1240.85 2975.56 -0.116374 321
12397.5 1454.73 2591.62 -0.041016 322
12234.4 1266.76 2362.94 -0.0848567 323
13020.8 1606.51 2869.29 0.0487198 324
12540.5 1189.6 2591.62 -0.0934388 324
13017.6 1383.9 2869.29 -0.00982483 325
13354 1622.36 3090 0.0596037 325
12820.8 1165.06 2770.35 -0.0845762 325
13384.2 1119.37 3213.6 -0.0765462 326
12788.7 990.918 1030 0.0840517 343
13054.2 1015.03 1199.11 0.0800252 344
13396.6 1259.24 1545 0.213241 344
13760.5 1543.16 1912.86 0.311093 344
14074.8 1864.64 2231.67 0.396545 344
13157.8 1031.86 1217.27 0.0824272 345
13761.6 1373.71 1825.91 0.23442 345
13201.3 1046.11 1043.38 0.0914729 346
13734.4 1373.82 1575.3 0.25733 346
13260.9 1059.22 1016.96 0.103225 347
13853.3 1419.53 1606.8 0.276453 347
13280.5 1060.35 945.178 0.111603 348
13948.4 1447.45 1606.8 0.291142 348
13226.4 1065.32 795.447 0.139482 349
13955.7 1495.47 1515.85 0.335128 349
13067 1054.94 569.788 0.16967 350
