# x y d a f
16133 5316.41 11477.2 0.412616 261
14673.3 3004 5738.58 -0.412508 358
12265.2 4487.61 2231.67 -0.383821 365
13060.5 3089.58 2975.56 -0.701542 372
12817.1 2893.57 2869.29 -0.803371 372
14798 3407.29 4228.43 -0.378744 373
13070 3137.79 2869.29 -0.684351 373
12840.5 2939.48 2770.35 -0.786885 373
12043.4 4435.64 8034.01 0.101102 580
14705.8 1402.9 10042.5 -0.19853 595
12847 1698.06 8034.01 -0.206675 596
12839.2 1667.31 8034.01 -0.210593 597
14509.7 928.048 8926.68 -0.248541 605
14571.3 1269.31 8926.68 -0.21001 605
17093.5 355.047 11477.2 -0.242363 606
14789.6 1348.14 8034.01 -0.185197 614
14666.4 1001.93 8034.01 -0.229835 614
14138.9 1086.57 7303.65 -0.228609 616
14382.6 1398.67 7303.65 -0.177809 617
14259.6 1073.7 7303.65 -0.223841 617
15130.8 1312.26 8034.01 -0.172064 618
14275.2 1114.65 7303.65 -0.218003 618
14516.9 1430.35 7303.65 -0.16765 619
14386 1093.52 7303.65 -0.215223 619
14493.4 1001.88 7303.65 -0.220803 620
14761.9 1307.17 7303.65 -0.17019 621
14019.5 1103.91 6695.01 -0.217824 621
14129 1040.39 6695.01 -0.219596 622
14877.5 1248.06 7303.65 -0.171134 622
14296.7 1437.37 6695.01 -0.158515 623
14160.1 1114.01 6695.01 -0.208151 623
14548.4 1313.4 6695.01 -0.160965 624
14405 986.6 6695.01 -0.211176 624
16044.9 2419.17 7303.65 0.0153002 626
14334.3 1366.67 6180.01 -0.143599 626
14190 1048.18 6180.01 -0.196126 626
16065.4 2464.5 7303.65 0.0208229 627
14346.5 1393.54 6180.01 -0.139235 627
14202.7 1076.05 6180.01 -0.191473 627
14524.5 1331.74 6180.01 -0.136265 628
13929.5 1096.27 5738.58 -0.188953 628
14537.2 1359.17 6180.01 -0.131834 629
13939.5 1117.9 5738.58 -0.18508 629
14801.1 1692.39 6180.01 -0.0723784 630
14181.4 1407.77 5738.58 -0.126491 630
13648.7 1170.33 5356.01 -0.180708 630
14417.2 1660.62 5738.58 -0.0756517 631
13867.1 1393.34 5356.01 -0.12991 631
13388.8 1165.56 5021.26 -0.184823 631
13967.8 1380.52 5356.01 -0.123643 632
13486.6 1146.2 5021.26 -0.179256 632
14210.7 1668.44 5356.01 -0.0636586 633
14066.5 1361.78 5356.01 -0.11903 633
13584.9 1124.3 5021.26 -0.174825 633
12969.4 1945.78 4017 -0.0104761 634
13499.8 1406.54 4725.89 -0.116719 634
13720.2 1670.78 4725.89 -0.054332 635
13588.5 1384.45 4725.89 -0.112652 635
13192.6 1151.62 4463.34 -0.171774 635
13409 1415.58 4463.34 -0.103317 636
13813.1 1675.27 4725.89 -0.0448664 636
13288.7 1147.05 4463.34 -0.163238 636
13143.2 1165.67 4228.43 -0.158793 637
13590.1 1376.04 4463.34 -0.0952595 638
13994.5 1650.82 4725.89 -0.0343724 638
13228.9 1131.57 4228.43 -0.158221 638
13113 1159.48 4017 -0.150627 639
13809.9 1664.64 4463.34 -0.0256549 639
13442.3 1397 4228.43 -0.0873297 639
13911.3 1660.95 4463.34 -0.0178737 640
13544.2 1385.78 4228.43 -0.0806374 640
13020.1 1169.79 3825.72 -0.145152 640
14013.3 1656.2 4463.34 -0.0107211 641
13427.1 1394.56 4017 -0.0735286 641
13124.4 1154.54 3825.72 -0.139096 641
13747.3 1362.95 4228.43 -0.0697761 642
13222.4 1133.78 3825.72 -0.13625 642
13624 1375.26 4017 -0.0634277 643
13960.7 1653.13 4228.43 0.001534 643
13319.2 1123.37 3825.72 -0.131267 643
13635 1403.12 4017 -0.0567716 644
13327.5 1144.43 3825.72 -0.125774 644
14228.6 1692.32 4463.34 0.00949954 644
13351.4 1162.58 3651.82 -0.109777 645
13633.5 1132.89 3825.72 -0.103758 646
14184.8 1412.47 4017 -0.0149473 647
14800 1752.69 4463.34 0.0553812 647
13682.1 1135.45 3651.82 -0.0886918 647
14007 1482.95 3825.72 0.00131187 648
13538.1 1203.13 3493.05 -0.0739653 648
14341.5 1807.41 4017 0.073093 648
13771.6 1168.82 3493.05 -0.0627848 649
13693 1424.05 3213.6 0.0174721 650
13577.5 1148.68 3213.6 -0.0617032 650
13546.2 1147.95 3090 -0.052476 651
13797.5 1424.95 3213.6 0.0283933 651
13366.8 1131.93 2770.35 -0.0407387 652
13827.1 1396.7 3090 0.0408482 652
13428.4 1131.45 2770.35 -0.0331179 653
13763.3 1397.18 2975.56 0.0493757 653
13542 1108.97 2770.35 -0.0254056 654
13547.4 1121.55 2770.35 -0.021229 655
13563.3 1158.68 2770.35 -0.00898153 656
13582.4 1141.81 2678 0.000890899 657
13565.9 1146.45 2591.62 0.0115414 658
13022.8 1061.07 1606.8 0.0940332 675
12968.5 1049.25 1545 0.0940306 676
12927 1016.63 1515.85 0.077193 677
12978.4 1028.4 1545 0.0857567 678
12988.6 1035.69 1515.85 0.0956303 679
12984 1019.75 1515.85 0.0864189 680
12992.2 1050.22 1487.78 0.108331 681
12801.4 1010.81 1275.24 0.0996393 682
12798.5 1017.79 1236 0.106815 683
12846.6 1000.16 1255.31 0.0901965 684
13060 1193.83 1434.64 0.199847 684
12804.7 990.338 1199.11 0.084477 685
12997 1173.22 1361.7 0.195346 685
12752.2 994.115 1131.55 0.0902498 686
12702.4 965.851 1085.68 0.0698152 687
12789.7 964.451 1147.72 0.0625489 688
12997.8 1148.89 1339 0.181625 688
12756.8 982.832 1057.11 0.0739076 689
12705 953.805 979.757 0.0438937 690
12823.3 975.399 1043.38 0.0446064 691
12826.2 989.763 1016.96 0.0488129 692
13016.7 1173.46 1217.27 0.185576 692
12796.8 1002.41 934.187 0.0411011 693
12995.3 1181.95 1147.72 0.183951 693
13171 1365.49 1339 0.288801 693
13330.8 1565.73 1515.85 0.37856 693
12856.5 976.628 967.953 0.00301244 694
13088.2 1166.98 1217.27 0.153063 694
12836.5 1002.33 892.668 0.0046742 695
13051.4 1187.24 1131.55 0.160985 695
13546.8 2069.42 1746.52 0.572822 695
12922.8 987.517 923.449 -0.035249 696
13150.5 1187.53 1181.47 0.134363 696
13396.8 1404.82 1460.73 0.254939 696
13608.2 1644.48 1709.36 0.354898 696
13723.6 1913.95 1868.37 0.461226 696
13768.9 2190.31 1959.51 0.565745 696
12884.2 972.514 882.858 -0.0523638 697
13136.4 1168.2 1164.35 0.120146 697
13374.5 1380.28 1434.64 0.242756 697
13772.6 2168.82 1959.51 0.55648 697
12889.8 994.502 854.682 -0.0462209 698
13133.5 1191.35 1131.55 0.130371 698
13351 1401.2 1385.17 0.255771 698
13564 1637.58 1639.59 0.358016 698
13736.3 2181.48 1912.86 0.572198 698
12916.9 995.94 811.516 -0.079769 699
13183 1198.97 1115.83 0.112104 699
13433.5 1422.8 1409.48 0.24571 699
13648.7 1669.55 1673.75 0.353494 699
13858.6 2259.4 2008.5 0.574513 699
13957.2 2561.91 2171.35 0.656447 699
12938.9 1022.58 765.144 -0.0915891 700
13203.1 1227.25 1071.2 0.111358 700
13446.4 1450.69 1361.7 0.249987 700
13670 1701.29 1639.59 0.360493 700
13830.5 2001.17 1868.37 0.474496 700
13898 2307.6 2008.5 0.585493 700
13989.8 2610.47 2171.35 0.668432 700
13221.3 1199.27 1057.11 0.0747523 701
13500.7 1431.6 1385.17 0.22217 701
13732.7 1690.63 1673.75 0.338918 701
13900.8 1999.91 1912.86 0.456753 701
14020.4 2347.08 2114.21 0.570492 701
14125.3 2670.08 2295.43 0.654891 701
13221.8 1212.74 1030 0.0758062 702
13502.7 1446.23 1361.7 0.226183 702
13754.6 1712.56 1673.75 0.343886 702
13918.7 2024.6 1912.86 0.463195 702
14033.8 2373.95 2114.21 0.578107 702
13259.1 1218.79 1004.25 0.0556839 703
13561.3 1462.57 1361.7 0.216636 703
13807.8 1736.27 1673.75 0.34107 703
14008.7 2074.14 1959.51 0.464246 703
14125.1 2438.74 2171.35 0.582159 703
14227.9 2777.31 2362.94 0.66897 703
13257.5 1236.69 945.178 0.0487325 704
13551.9 1476.4 1295.81 0.216367 704
13827.1 1756.38 1639.59 0.343437 704
14012.9 2089.08 1912.86 0.469464 704
14116.6 2446.01 2114.21 0.589614 704
14207.8 2774.02 2295.43 0.677347 704
13259.5 1242.71 923.449 0.0467048 705
13533.6 1480.18 1255.31 0.218997 705
13815 1760.63 1606.8 0.347559 705
13988.2 2086.92 1868.37 0.475097 705
14128.8 2465.63 2114.21 0.595791 705
14217 2794.94 2295.43 0.684061 705
13271.4 1219.23 912.956 0.0170093 706
13576 1463.65 1275.24 0.197723 706
13837.9 1742.74 1606.8 0.332178 706
14011.7 2071.5 1868.37 0.463153 706
14153.5 2451.79 2114.21 0.586002 706
14242.9 2782.2 2295.43 0.675516 706
13268.3 1218.45 892.668 0.0100955 707
13553.4 1459.87 1236 0.195758 707
13823.1 1738.09 1575.3 0.331778 707
14025.6 2077.8 1868.37 0.463398 707
14253.7 2791.26 2295.43 0.67737 707
14165.6 2460.09 2114.21 0.587431 707
13571.3 1465.59 1236 0.194483 708
13839.3 1746.21 1575.3 0.332426 708
14039.9 2088.21 1868.37 0.465448 708
14178 2472 2114.21 0.590262 708
14264.4 2804.35 2295.43 0.680717 708
13299.2 1235.9 873.262 0.00656362 709
13598.5 1487.88 1236 0.200987 709
13861.9 1774.29 1575.3 0.341764 709
14057.1 2120.76 1868.37 0.476515 709
14189.2 2508.17 2114.21 0.602587 709
14270.6 2842.55 2295.43 0.693612 709
13316.4 1235.21 873.262 -0.00423019 710
13614.8 1490.02 1236 0.194827 710
13877.6 1778.08 1575.3 0.337893 710
14072.3 2126.1 1868.37 0.474149 710
14203.8 2515.15 2114.21 0.601355 710
13576 1493.3 1181.47 0.194198 711
13835.9 1772.85 1515.85 0.337849 711
14010.6 2103.54 1785.34 0.475082 711
14124.8 2469.45 2008.5 0.602823 711
13525.3 1492.19 1115.83 0.192157 712
13772 1759.12 1434.64 0.337454 712
13921 2066.52 1673.75 0.475972 712
14013.9 2401.39 1868.37 0.604133 712
14109.5 2718.94 2060 0.695714 712
13473.9 1476.25 1043.38 0.176844 713
13699.3 1726.58 1339 0.326298 713
13846.8 2019.86 1575.3 0.467445 713
13920.3 2327.75 1746.52 0.597888 713
13995.9 2614.69 1912.86 0.691061 713
13464.7 1485.14 1016.96 0.17443 714
13672.6 1728.63 1295.81 0.326402 714
13803.8 2010.4 1515.85 0.469507 714
13895.6 2322.55 1709.36 0.60035 714
13928.1 2572.9 1825.91 0.694968 714
13455.5 1490.1 991.853 0.169478 715
13667.1 1732.3 1275.24 0.323249 715
13789.9 2009.02 1487.78 0.468214 715
13873.9 2313.4 1673.75 0.60033 715
13935 2582.73 1825.91 0.695022 715
13616.6 1703.27 1199.11 0.305514 716
13740.1 1967.79 1409.48 0.452942 716
13809.3 2249.76 1575.3 0.58746 716
13888.7 2519.79 1746.52 0.683246 716
13497.5 1491.33 991.853 0.140495 717
13703.7 1737.69 1275.24 0.303025 717
13846.2 2027.81 1515.85 0.452954 717
13929.3 2339.24 1709.36 0.588979 717
13989.7 2614.7 1868.37 0.686418 717
13468.2 1492.7 945.178 0.132104 718
13835.8 2024.86 1487.78 0.448483 718
13911.8 2328.76 1673.75 0.586055 718
13619.1 1716.34 1131.55 0.286422 719
13824.6 2270.28 1545 0.583652 719
13888.5 2530.23 1709.36 0.683545 719
13628.8 1740.08 1131.55 0.298844 720
13827.4 2296.53 1545 0.596074 720
13888.1 2557.25 1709.36 0.695967 720
13775.1 1760.12 1255.31 0.276845 721
13947.3 2075.36 1545 0.438202 721
14051.4 2419.53 1785.34 0.58295 721
14147.3 2740.72 2008.5 0.684591 721
13581.8 1491.64 945.178 0.0769569 722
13838 1768.85 1295.81 0.265793 722
14023.1 2102.56 1606.8 0.431568 722
14137.8 2469.25 1868.37 0.579445 722
14245.4 2814 2114.21 0.682743 722
13576 1494.93 923.449 0.0723312 723
13833.3 1770.93 1275.24 0.263892 723
14007.8 2099.18 1575.3 0.43166 723
14113.1 2457.1 1825.91 0.580805 723
14211.7 2790.78 2060 0.684678 723
13829.4 1780.35 1255.31 0.26642 724
13992.4 2104.14 1545 0.436175 724
14122.1 2475.38 1825.91 0.58573 724
14217.5 2810.43 2060 0.690433 724
13808.3 1773.43 1217.27 0.260904 725
13982.2 2095.4 1515.85 0.431742 725
14103.9 2457.08 1785.34 0.582444 725
14192.4 2781.3 2008.5 0.687738 725
13758.1 1758.81 1147.72 0.254947 726
13947.6 2078.23 1460.73 0.428714 726
14051.6 2424.01 1709.36 0.58251 726
14162.9 2758.7 1959.51 0.688691 726
13792.9 1762.02 1147.72 0.240431 727
13979 2085.53 1460.73 0.419837 727
14079.9 2434.48 1709.36 0.577417 727
14189.1 2770.31 1959.51 0.685511 727
13777.9 1766.39 1115.83 0.240562 728
13969.2 2089.32 1434.64 0.421857 728
14060.8 2431.22 1673.75 0.580971 728
14160.4 2757.5 1912.86 0.689858 728
13764.1 1764.77 1085.68 0.236147 729
13938.6 2076.99 1385.17 0.419941 729
14074.9 2438.49 1673.75 0.579173 729
14173.5 2765.46 1912.86 0.68898 729
13925.4 2069.25 1339 0.413151 730
14044 2416.24 1606.8 0.576382 730
14161.7 2751.54 1868.37 0.687529 730
13802.6 1768.46 1071.2 0.213932 731
13963.7 2082.52 1361.7 0.407673 731
14087 2440.18 1639.59 0.573329 731
14210.7 2787.33 1912.86 0.685859 731
13778.5 1768.09 1030 0.210693 732
13958.2 2084.41 1339 0.406828 732
14072.2 2435.34 1606.8 0.574475 732
14186.2 2773.18 1868.37 0.688214 732
13947.1 2095.84 1317.05 0.414254 733
14076.3 2457.75 1606.8 0.58324 733
14185.5 2797.85 1868.37 0.69814 733
13799.4 1784.1 1016.96 0.205994 734
13986.4 2108.8 1339 0.407622 734
14093.7 2464.38 1606.8 0.579475 734
14202.3 2805.05 1868.37 0.695387 734
13962.3 2096.69 1295.81 0.402919 735
14082.7 2452.72 1575.3 0.575964 735
14218 2809.8 1868.37 0.692047 735
13975.1 2114.56 1295.81 0.407268 736
14090.3 2473.66 1575.3 0.582736 736
14221.1 2832.69 1868.37 0.699944 736
13924.7 2076.06 1217.27 0.391363 737
14038.7 2420.64 1487.78 0.571022 737
14179.2 2773.37 1785.34 0.689948 737
13985.2 2112.46 1255.31 0.391802 738
14083 2460.5 1515.85 0.574277 738
14227.7 2826.32 1825.91 0.694774 738
13987.7 2102.62 1236 0.37998 739
14101 2461.42 1515.85 0.566976 739
14244.4 2828.67 1825.91 0.689876 739
13916.3 2082.31 1131.55 0.377474 740
14032.8 2426.78 1409.48 0.56861 740
14170.8 2778.31 1709.36 0.6937 740
14063.5 2455.47 1434.64 0.571909 741
14175.4 2796.6 1709.36 0.69955 741
13932 2099.47 1115.83 0.375456 742
14056 2454.58 1409.48 0.57195 742
14159.3 2787.63 1673.75 0.701096 742
13978.6 2117.47 1147.72 0.370231 743
14090.4 2477.41 1434.64 0.570389 743
14198.1 2821.07 1709.36 0.700944 743
13966.4 2105.21 1115.83 0.35919 744
14067.2 2451.74 1385.17 0.562008 744
14190.6 2798.33 1673.75 0.693229 744
13940 2099.6 1071.2 0.356535 745
14061.8 2450.49 1361.7 0.560818 745
14176.7 2788.8 1639.59 0.693515 745
13928.3 2104.52 1030 0.35343 746
14044.1 2451.75 1317.05 0.563994 746
14165.6 2795.28 1606.8 0.6995 746
13972 2118.98 1057.11 0.346187 747
14076.7 2471.75 1339 0.561185 747
14202.7 2826.22 1639.59 0.698687 747
13950.9 2110.86 1016.96 0.338763 748
14056.9 2456.23 1295.81 0.556345 748
14194.4 2812.14 1606.8 0.694577 748
14029 2455.01 1255.31 0.564002 749
14148 2795.08 1545 0.704019 749
13938.1 2111.53 956.43 0.32391 750
14044.7 2451.54 1236 0.549909 750
14156.4 2784.59 1515.85 0.693855 750
14076.6 2471.91 1255.31 0.547047 751
14191.8 2815.01 1545 0.693161 751
14056.1 2464.09 1217.27 0.546961 752
14179.2 2809.21 1515.85 0.694373 752
14041.2 2456.44 1181.47 0.544096 753
14168.1 2804.92 1487.78 0.695492 753
14030.8 2440.62 1147.72 0.533645 754
14146.6 2772.82 1434.64 0.686936 754
14115.2 2741.81 1361.7 0.681262 755
13902.5 2108.56 795.447 0.271624 756
13993.2 2425.1 1057.11 0.526313 756
14073.4 2717.27 1295.81 0.684651 756
14116.7 3939.51 2060 1.0882 756
14072.9 2473 1131.55 0.523193 757
14173 2799.91 1409.48 0.683601 757
14271.7 4242.16 2362.94 1.09092 757
14159.4 2781.68 1361.7 0.676583 758
14253.4 4179.03 2295.43 1.08841 758
14044.9 2463.37 1057.11 0.515718 759
14147.9 2785.53 1339 0.681728 759
14277.4 4260.92 2362.94 1.09616 759
14034.7 2464.44 1016.96 0.511284 760
14150.2 2795.94 1317.05 0.682316 760
14312 4355.42 2434.55 1.10326 760
14044 2475.64 1016.96 0.511284 761
14159.5 2807.14 1317.05 0.682316 761
14321.2 4366.62 2434.55 1.10326 761
14044.7 2482.74 1004.25 0.511124 762
14167.9 2822.38 1317.05 0.684643 762
14315.5 4383.94 2434.55 1.10933 762
14081.9 2486.21 1016.96 0.490953 763
14190.9 2823.18 1317.05 0.671733 763
14375.9 4459.25 2510.63 1.1034 763
14060.7 2481.07 979.757 0.490079 764
14183.9 2824.01 1295.81 0.672799 764
14374.7 4474.36 2510.63 1.10749 764
14052.3 2482.43 956.43 0.48877 765
14177 2825.64 1275.24 0.674206 765
14334 4417.11 2434.55 1.11277 765
14161.8 2809.62 1236 0.668812 766
14349.7 4424.77 2434.55 1.11014 766
14035.8 2475.23 902.698 0.475376 767
14160.3 2810.87 1217.27 0.66689 767
14311.8 3091.29 1515.85 0.747866 767
14319.9 4369.36 2362.94 1.11238 767
14202.4 2838.33 1236 0.657606 768
14381.8 3147.61 1575.3 0.74084 768
14371.2 4457.02 2434.55 1.112 768
14183.8 2828.64 1199.11 0.657174 769
14368.2 3141.38 1545 0.741899 769
14374.3 4469.81 2434.55 1.11425 769
14181.2 2830.26 1181.47 0.655967 770
14356.2 3135.4 1515.85 0.742386 770
14104.5 4306.82 2114.21 1.18647 770
14341.8 4415.2 2362.94 1.11746 770
14058.9 2492.75 845.685 0.442899 771
14181.9 2831.45 1164.35 0.652375 771
14370.4 3146.74 1515.85 0.739433 771
14114.2 4319.27 2114.21 1.18664 771
14352.3 4427.03 2362.94 1.11715 771
14063.3 2501.57 836.876 0.441205 772
14191.5 2845.87 1164.35 0.653292 772
14356.9 3143.74 1487.78 0.741868 772
14112.3 4334.76 2114.21 1.19153 772
14350.6 4443.11 2362.94 1.12163 772
14114.6 2529.19 873.262 0.435197 773
14232 2881.38 1199.11 0.651995 773
14113.8 4351.78 2114.21 1.19556 773
14386.8 4528.59 2434.55 1.12462 773
14220.7 2866.31 1164.35 0.643947 774
14129.2 4359.07 2114.21 1.19245 774
14404 4534.01 2434.55 1.12084 774
14220.7 2869.09 1147.72 0.641291 775
14376.1 3161.05 1460.73 0.734753 775
14114.1 4317.81 2060 1.19386 775
14378 4479.27 2362.94 1.12195 775
14195.1 2851.44 1100.55 0.638075 776
14101.6 4276.5 2008.5 1.1941 776
14388.3 4488.95 2362.94 1.12109 776
14184.9 2843.99 1071.2 0.633671 777
14344.2 3132.38 1385.17 0.730005 777
14108.9 4287.95 2008.5 1.19474 777
14364.4 4435.41 2295.43 1.12155 777
14210.9 2865.65 1085.68 0.630381 778
14393.6 3179.26 1434.64 0.728622 778
14109.2 4304.1 2008.5 1.19921 778
14397.4 4515.66 2362.94 1.12475 778
14210.9 2869.39 1071.2 0.628375 779
14384.6 3176.08 1409.48 0.72854 779
14109.6 4318.62 2008.5 1.20309 779
14398.3 4530.12 2362.94 1.12791 779
14201.8 2865.98 1043.38 0.625207 780
14115.6 4333.51 2008.5 1.20497 780
14373.3 4480.43 2295.43 1.12968 780
14191.8 2862.7 1016.96 0.62306 781
14117.6 4347.33 2008.5 1.20806 781
14375.8 4494.32 2295.43 1.13222 781
14186.8 2855.57 991.853 0.61497 782
14353 3149.91 1317.05 0.72073 782
14111 4307.77 1959.51 1.20628 782
14360.9 4442.16 2231.67 1.12977 782
14180.6 2855.01 967.953 0.61167 783
14332.8 3137.31 1275.24 0.720108 783
14114.4 4323.65 1959.51 1.20932 783
14365.3 4457.61 2231.67 1.13201 783
14224.6 2887.26 1004.25 0.60712 784
14131.2 4389.5 2008.5 1.21436 784
14392.6 4534.69 2295.43 1.13625 784
14213.8 2873.53 967.953 0.595631 785
14120.3 4352.27 1959.51 1.21502 785
14403.5 4545.18 2295.43 1.1352 785
14190.8 2856.31 923.449 0.587994 786
14114.4 4315.3 1912.86 1.21332 786
14388.2 4493.44 2231.67 1.13289 786
14186.6 2855.99 902.698 0.583383 787
14117.6 4329.45 1912.86 1.21596 787
14364.6 4450.15 2171.35 1.13522 787
14174.2 2851.14 873.262 0.579362 788
14101.3 4299.05 1868.37 1.21995 788
14366.7 4464.35 2171.35 1.13791 788
14216.7 2878.44 902.698 0.571111 789
14121.2 4360.55 1912.86 1.22303 789
14397.8 4537.67 2231.67 1.14006 789
14212.2 2879.76 882.858 0.567456 790
14123.8 4375.32 1912.86 1.22596 790
14401.2 4552.24 2231.67 1.14226 790
14127.4 4391.45 1912.86 1.22881 791
14378.2 4511.2 2171.35 1.14495 791
14371.7 3188.67 1181.47 0.696529 792
14112.5 4360.86 1868.37 1.23228 792
14381.1 4525.5 2171.35 1.1473 792
14124.8 4371.67 1868.37 1.23016 793
14369.5 4480.6 2114.21 1.14479 793
14107 4344.76 1825.91 1.23568 794
14368.7 4496.66 2114.21 1.14892 794
14110.2 4359.27 1825.91 1.23844 795
14374.7 4509.52 2114.21 1.14983 795
14121.8 4385.51 1825.91 1.24041 796
14387.1 4535.48 2114.21 1.15111 796
14179.4 2867.07 710.974 0.502853 797
14111.5 4356.97 1785.34 1.24231 797
14370.1 4495.33 2060 1.15157 797
14101.5 4334.15 1746.52 1.24528 798
14376 4510.86 2060 1.15296 798
14357.4 3166.27 1004.25 0.644032 799
14113.1 4357.06 1746.52 1.24639 799
14390.4 4531.9 2060 1.15227 799
14349.1 3166.59 979.757 0.642066 800
14115.4 4374.04 1746.52 1.24987 800
14393.8 4548.6 2060 1.15476 800
14351.6 3171.37 967.953 0.637934 801
14118.6 4388.6 1746.52 1.25229 801
14375.3 4514.56 2008.5 1.15695 801
14345.6 3171.84 945.178 0.634381 802
14108.2 4367.97 1709.36 1.25593 802
14379.3 4531.11 2008.5 1.1592 802
14363.1 3186.12 934.187 0.622657 803
14111.1 4396.07 1709.36 1.26221 803
14384.8 4558.42 2008.5 1.1633 803
14345 3176.99 882.858 0.611861 804
14105.5 4387.26 1673.75 1.26676 804
14373.4 4538.21 1959.51 1.16578 804
14348.2 3178.17 854.682 0.596127 805
14108.7 4377.36 1639.59 1.26658 805
14371.1 4517.09 1912.86 1.164 805
14337.8 3178.4 828.248 0.593006 806
14099.3 4361.81 1606.8 1.2709 806
14374.2 4534.36 1912.86 1.16667 806
14353.3 3189.71 828.248 0.584812 807
14102 4377.15 1606.8 1.27372 807
14378.4 4549.25 1912.86 1.16828 807
14331.8 3183.62 772.501 0.572819 808
14096.4 4376.66 1575.3 1.28027 808
14366.7 4538.59 1868.37 1.17284 808
14328.8 3179.22 750.842 0.56044 809
14097.1 4358.57 1545 1.27854 809
14361.5 4509.71 1825.91 1.17013 809
14093.5 4343.4 1515.85 1.27984 810
14353.8 4484.11 1785.34 1.16917 810
14096.5 4357.61 1515.85 1.28218 811
14375.8 4535.59 1825.91 1.16959 811
14098.9 4372.38 1515.85 1.28494 812
14362.2 4512.54 1785.34 1.17191 812
14091.9 4361.73 1487.78 1.28906 813
14365.8 4529.95 1785.34 1.17422 813
14085.8 4349.07 1460.73 1.29215 814
14353.2 4508.22 1746.52 1.17635 814
14089.1 4365.5 1460.73 1.29479 815
14342.5 4489.8 1709.36 1.17834 815
14100.1 4377.48 1460.73 1.29186 816
14371.3 4534.66 1746.52 1.17354 816
14595.6 3455.66 979.757 0.575578 817
14094.6 4367.97 1434.64 1.29531 817
14375.6 4551.13 1746.52 1.17517 817
14091.6 4384.06 1434.64 1.30146 818
14358.1 4533.38 1709.36 1.18057 818
14085.7 4373.61 1409.48 1.30485 819
14346.7 4515.01 1673.75 1.18285 819
14085.5 4364.92 1385.17 1.30529 820
14355.9 4529.65 1673.75 1.1814 820
14092.3 4379.52 1385.17 1.30525 821
14367 4542.17 1673.75 1.17846 821
14097.1 4390.84 1385.17 1.30525 822
14371.8 4553.48 1673.75 1.17846 822
14088.7 4357.47 1339 1.30634 823
14367.5 4532.76 1639.59 1.17626 823
14086.9 4350.01 1317.05 1.30771 824
14360.6 4516.27 1606.8 1.17631 824
14085 4357.89 1295.81 1.31333 825
14355.4 4515.78 1575.3 1.17904 825
14086.7 4373.05 1295.81 1.31632 826
14372.1 4559.72 1606.8 1.17972 826
14090.4 4367.49 1275.24 1.31442 827
14371.2 4544.17 1575.3 1.17647 827
14087.2 4362.41 1255.31 1.31717 828
14363 4530.9 1545 1.17783 828
14084.9 4359.92 1236 1.32002 829
14356.3 4520.49 1515.85 1.17901 829
14094.1 4373.36 1236 1.31733 830
14356.2 4506.64 1487.78 1.17542 830
14090.2 4372.45 1217.27 1.32153 831
14359.7 4524.18 1487.78 1.1773 831
14089.3 4388.92 1217.27 1.32658 832
14372 4566.78 1515.85 1.18006 832
14086.2 4386.23 1199.11 1.32973 833
14364.4 4556.1 1487.78 1.18154 833
14090.9 4384.2 1181.47 1.32741 834
14365.9 4545.02 1460.73 1.17744 834
14088.1 4382.23 1164.35 1.33048 835
14359.4 4535.82 1434.64 1.17853 835
14083.6 4365.48 1131.55 1.33229 836
14358.3 4526.99 1409.48 1.17626 836
14085.2 4381.06 1131.55 1.33534 837
14372.4 4565.38 1434.64 1.17677 837
14087.5 4381.92 1115.83 1.33507 838
14371.5 4557.52 1409.48 1.17448 838
14077.4 4386.36 1085.68 1.34676 839
14352.8 4549.42 1361.7 1.18252 839
14072 4373.75 1057.11 1.35015 840
14348 4544.15 1339 1.18334 840
14069.1 4375.95 1043.38 1.35433 841
14332.9 4520.65 1295.81 1.18616 841
14077.3 4390.54 1043.38 1.3514 842
14353.4 4552.69 1317.05 1.18006 842
14066.9 4369.03 1004.25 1.35776 843
14349.5 4549.9 1295.81 1.18073 843
14067.7 4371.87 991.853 1.35876 844
14347.4 4545.57 1275.24 1.17972 844
14074.3 4375.99 979.757 1.35493 845
14352.2 4541.41 1255.31 1.17369 845
14078.5 4378.75 967.953 1.35284 846
14354.3 4536.78 1236 1.16949 846
14071.5 4374.07 945.178 1.36112 847
14355.3 4555.56 1236 1.174 847
14075.3 4384.72 923.449 1.36504 848
14355.2 4552.66 1199.11 1.17235 848
14075.5 4389.72 912.956 1.36844 849
14352.7 4551.82 1181.47 1.17343 849
14077.9 4394.63 902.698 1.36952 850
14360.5 4565.83 1181.47 1.17142 850
14081.2 4401.34 892.668 1.37171 851
14361.6 4566.25 1164.35 1.17113 851
14082.8 4401.22 863.872 1.37696 852
14370.6 4576.86 1147.72 1.1681 852
14083 4408.32 854.682 1.38206 853
14376.2 4592.07 1147.72 1.16894 853
14080.7 4409.4 836.876 1.38911 854
14370.4 4579.55 1115.83 1.16954 854
14081.2 4408.54 819.797 1.39261 855
14371.5 4580.34 1100.55 1.16904 855
14077.6 4392.52 787.648 1.39773 856
14372.8 4581.23 1085.68 1.1685 856
14079.3 4395.09 772.501 1.40145 857
14375.5 4584.04 1071.2 1.16744 857
14081.1 4404.14 765.144 1.40578 858
14377.7 4585.42 1057.11 1.16623 858
14081.6 4407.58 750.842 1.41125 859
14372 4578.21 1030 1.16862 859
14079.9 4410.45 737.065 1.41868 860
14371.9 4581.61 1016.96 1.17009 860
14082.3 4414.57 723.785 1.42224 861
14374.5 4586.38 1004.25 1.16971 861
14377.4 4589.38 991.853 1.16841 862
14073.3 4383 658.525 1.43947 863
14370.6 4572.04 956.43 1.16795 863
14368.4 4568.8 934.187 1.16907 864
14371.1 4573.49 923.449 1.16903 865
14081.1 4406.4 622.791 1.45874 866
14374.1 4578.4 902.698 1.16935 866
14377.4 4584 892.668 1.16916 867
14374.3 4573.67 863.872 1.16865 868
14373.6 4571.76 845.685 1.16921 869
14377.9 4580.08 836.876 1.16915 870
14377.9 4579.09 819.797 1.16937 871
14375.4 4573.43 795.447 1.17029 872
14376.2 4573.82 780.001 1.17033 873
14376.4 4577.36 765.144 1.17261 874
14378.1 4578.59 750.842 1.17268 875
14381 4580.1 737.065 1.17254 876
14381.5 4578.1 717.322 1.17362 877
14377.4 4570.55 692.587 1.1773 878
14380.8 4576.13 680.848 1.17917 879
14384.2 4580.47 669.501 1.18008 880
14386.2 4580.61 653.172 1.18072 881
14387.3 4580.83 637.62 1.18258 882
14383.5 4566.73 590.736 1.18953 883
14386.2 4569.63 577.986 1.19346 884
14394 4584.51 565.775 1.20304 885
14402.1 4592.63 557.917 1.20432 886
14391.3 4568.42 515.001 1.21527 887
14394.5 4573.05 502.126 1.22319 888
14398 4576.34 489.879 1.22926 889
