# x y
1073.59 44.3129
6436.17 1548.6
2729.89 1130.28
6436.15 1551.87
2729.89 1130.08
6436.16 1549.08
2729.89 1130.07
2729.89 1130.3
6436.16 1549.25
2729.89 1130.49
2729.89 1129.98
6436.17 1550.13
2729.89 1130.39
6436.16 1549.23
2729.89 1130.19
6436.16 1550.31
1073.59 43.2632
2729.89 1130.45
6436.16 1548.78
2729.89 1130.44
2729.89 1130.23
6436.16 1549.01
2729.89 1130.59
6436.16 1549.96
12997.1 1161.11
11031.2 916.319
12997 1160.97
16508.5 -96.8235
12994.3 1160.18
16506 -97.3091
12994.7 1160.94
16507.7 -93.907
12993.8 1160.63
16505.3 -97.3263
11488.3 755.668
12993.5 1160.79
16504.6 -97.8717
12993.1 1160.65
16504.2 -98.0802
12995.3 1164.39
12996.6 1163.82
16509.1 -90.7926
12995.6 1160.38
16506.3 -99.1895
12995.5 1160.18
11184.3 862.39
16510.7 -88.7211
12998 1163.68
16511.7 -88.5365
12998 1163.62
12998.8 1163.62
16511.1 -91.1884
12999.3 1163.67
16512.6 -89.2744
12997.6 1160.55
16508.7 -98.199
11019.1 921.209
12996.1 1160.46
16507.3 -98.1071
12996.1 1160.45
16508.7 -95.166
12997.2 1163.86
16510.1 -89.8439
12998.2 1164.39
16511.4 -88.6514
12998.7 1164.19
16511.5 -89.7452
12998.6 1163.94
16511.5 -89.7452
12999.3 1164.49
16512.4 -88.8758
12999.5 1164.25
16512 -90.1963
11494.8 756.55
11034.2 916.832
12999.8 1164.52
16513 -88.5809
12999.8 1164.42
16512.8 -89.0675
13000 1164.74
16513.3 -88.33
13000 1164.56
16513.4 -88.0874
13000.2 1165.06
16513.5 -87.9509
13000.1 1164.87
16512.9 -89.1434
13000.3 1165.15
16513 -88.917
11034.6 917.515
13000.3 1165.3
16513.1 -88.5505
13000 1164.89
16513.1 -88.4302
13000.3 1165.5
16513.7 -87.1021
11034.7 917.991
13000.1 1165.21
16513.4 -87.7432
13000.3 1165.62
16514 -86.4341
11495.8 758.765
13000.2 1165.65
16513.4 -87.5315
13000.3 1165.76
16514.1 -86.0843
11469.5 766.389
13000.1 1165.47
16513.3 -87.6963
13000.4 1166.15
13000.2 1165.77
16513.3 -87.5765
11034.7 918.338
13000.3 1165.87
16512.7 -88.9499
13000.2 1165.75
17047.8 -206.161
11034.6 918.203
13000.3 1165.83
16512.8 -88.6198
12998 1162.18
11022.1 924.258
12998.9 1166.19
11022 924.182
12998.7 1165.82
16511.9 -87.3617
12999.1 1165.93
12999.5 1166.03
12997.5 1162.17
16509 -95.6428
12997.4 1161.97
16509.6 -94.4315
11517.9 748.564
11018.9 922.673
12996.2 1162.4
16507.3 -96.2342
12997.3 1165.62
16509.3 -89.8387
12996.1 1162.39
16506.9 -96.8683
12995.9 1162
16508.1 -94.4481
11031.6 917.877
12997.4 1165.83
12998.1 1165.24
12998.2 1165.52
16512 -86.4456
12998.7 1164.95
11034.3 918.509
12999.6 1165.49
16511.3 -90.5892
11185.2 862.51
12998.2 1162.24
11019.5 921.696
12996.6 1161.09
16508 -97.0578
12996.9 1161.61
16508.4 -96.274
12996.3 1162.08
16506.7 -97.6781
12995.2 1161.52
16505.8 -98.0817
12995.4 1161.78
16504.6 -100.539
12994.9 1161.6
16506.6 -96.0978
11542.1 1082.89
11450.9 1085.28
16533.3 -100.05
11267.5 1204.23
12142.2 975.824
17081.9 -253.073
16539.9 -204.772
13388.4 1338.89
16541.9 -226.798
11328.3 1237.39
13369.1 1297.67
11354.5 1244.64
13390.9 1337.84
16542.7 -237.13
11381 1252.48
13415.6 1381.1
12894.9 1167.75
13441.2 1383.56
12894.1 1166.04
13440.4 1381.82
13362.8 1380.68
12921.6 1165.24
11456.6 1234.39
13397.3 1386.23
16673.5 -154.068
11333.5 1144.38
12912.6 1160.02
13426.4 1377.19
12910.6 1155.31
13423.6 1370.49
13194.7 804.478
11328.6 1134.32
12867.2 1151.42
13352.2 1361.9
11512.9 1208.44
13378 1366.99
12856.7 1152.5
13405.7 1365.98
16315.2 -114.366
11568.8 1188.32
11355.9 1108.59
13428.3 1349.76
13421.7 1332.86
13359.1 1350.42
13386.1 1351.49
13418 1373.16
13332.6 1366.82
13363.1 1360.21
13386 1333.02
13406.9 1334.47
13432.7 1367.07
12875.8 1150.04
13377.5 1363.68
12904.3 1153.12
13404.1 1369.05
11406.8 765.571
11821.6 1141.87
13424.9 1358.33
11820.8 1138.94
13422.4 1350.01
11833 1136.63
13442.4 1354.34
12867.8 1135.75
13384.8 1348.81
12889.2 1141.78
13402 1356.9
12840.2 1127.8
13397.6 1340.13
12821.6 1137.47
13349.3 1348.71
13818.3 1692.29
16683.2 -241.589
12847.5 1145.39
13837.6 1708.44
13372.8 1361.63
12834.3 1146.45
13398.6 1365.82
13770.3 1697.19
12856.1 1139.12
13352.9 1349.76
13703.2 1669.71
12874.3 1134.26
13368.7 1345.05
13716 1665.06
12872.4 1125.79
13366.5 1335.03
13713.3 1652.42
12852.3 1138.67
13383 1354.74
13725.7 1676.58
12869.6 1146.91
13398.3 1366.1
13738.7 1691.41
12842 1116.72
13754.1 1650.54
13410.5 1330.07
12856.6 1123.16
13361.1 1332.14
13762.7 1660.61
12854.6 1113.29
13358.7 1319.99
13760 1646.58
12830.6 1113.29
13369.3 1322.16
13768.6 1649.87
12841.6 1119.31
13320.6 1324.16
13775.8 1661.4
16157.6 -148.488
12851.8 1118.27
13329.8 1324
13783.7 1662.54
12815.9 1110.05
13328.2 1315.19
13703.6 1634.8
16884.1 -363.258
12818.6 1099.56
13330.3 1302.38
13705.3 1620.59
12796 1106.51
13283 1307.16
13708.9 1634.38
12794.4 1097.11
13281.3 1296.89
13706.9 1622.38
12777.8 1101.73
13241.9 1299.57
13716 1634.56
12766.4 1101.01
13258.7 1300.74
13656.4 1621.43
12758.8 1098.76
13278 1301.73
13672 1623.96
12798 1099.91
13264.8 1299.74
13703.4 1630.04
12785.5 1085.33
13278.5 1283.41
13714.4 1611.65
15425.9 -933.597
12755.1 1057.59
13227.6 1243.41
13641.5 1554.64
14062.4 1955.81
13528.1 584.375
13154.6 1232.62
13524 1525.38
13892 1894.97
13170.4 1238.92
13532.3 1534.35
13890.8 1904.07
12698.3 1065.83
13150.3 1248.81
13487.3 1539.29
13891.7 1924.09
12682.8 1075.29
13134.8 1260.99
13502.9 1560.48
13822.9 1922.13
12682.4 1054.06
13134.3 1235.17
13558.5 1542.92
13896.7 1913.7
12691.7 1054.2
13160.6 1239.37
13523 1537.38
13910.1 1922.08
12684.1 1065.43
13151.6 1254.41
13544.2 1563.06
13923.1 1952.48
12656.9 1055.42
13108.5 1236.75
13514.5 1540.99
13869.8 1915.34
12656.3 1051.02
13107 1229.77
13443.2 1515.61
13757.4 1863.79
12618 1046.65
13024.8 1214.62
13343.6 1483.59
13662.6 1818.94
12680.3 1020.48
13144.5 1195.82
13573.4 1499.03
13916.9 1865.46
12689.9 1050.03
13178.8 1242.33
13596.6 1560.28
13998.6 1964.2
12702 1069.8
13184.7 1270.84
13576.7 1590.81
13947.3 1990.45
12661.8 1057.03
13127.5 1251.93
13530.8 1568.86
13948.4 1981.34
13207.2 1264.79
13561.9 1576.05
13952.8 1978.42
12681.2 1056.23
13170.5 1254.16
13559.8 1567.1
13926.5 1959.53
15464.5 414.002
12662.8 1037.44
13125.1 1223.67
13483.8 1519.52
13871.4 1905.29
12679.6 1033.45
13146.6 1220.29
13487.8 1510.21
13852 1882.44
12696.5 1037.91
13144.3 1224.41
13524.1 1523.68
13881 1899.07
12677.8 1043.37
13120.7 1227.35
13453.4 1511.87
13802.6 1875.57
12691.3 1044.72
13154.6 1234.3
13515 1531.79
13825.1 1890.28
12690.4 1048.19
13149.1 1238.75
13509.9 1536.97
13847 1906.95
12668.4 1028.56
13483.9 1506.06
13805.5 1863.48
12696.6 1043.87
13506.8 1529.82
13849.4 1900.41
12711.8 1031.89
13171 1223.32
13530.7 1521.27
13871.3 1891.31
13143.8 1227.43
13489.8 1519.89
13794.6 1872.91
13537.9 1540.27
13851.4 1908.72
13162.1 1224.96
13530.2 1532.65
13869.6 1911.13
13188 1223.64
13552.5 1538.55
13933.4 1939.24
13162.3 1227.23
13525.2 1540.46
13909.7 1943.64
13165.4 1220.86
13553 1540.55
13936.7 1946.6
13151.3 1221.79
13534.8 1538.22
13922.8 1943.74
13164.2 1220.62
13544.1 1538.92
13912.8 1938.09
13164.9 1216.92
13552.5 1536.24
13943.1 1943.83
13184.5 1220.6
13545.5 1537.14
13937.8 1943.63
13170 1219.47
13536 1531.8
13895.2 1920.59
13175.2 1217.28
13526.4 1526.61
13921.6 1927.49
13172.3 1213.38
13536.2 1522.06
13881.4 1901.26
13545.1 1516.99
13906.2 1901.32
13517.6 1513.7
13863.9 1887.54
13538.6 1522.6
13910.7 1912.89
13548.3 1533.43
13930.6 1934.63
13558.9 1534.2
13924.4 1929.99
13550.5 1524.87
13916.6 1916.78
13525.2 1511.01
13891.3 1899.2
13531.4 1513.47
13882.1 1896.58
13531.1 1520.17
13878.7 1902.08
13525.6 1511.57
13874 1887.52
13640 2492.05
13516.8 1505.05
13841.2 1866.25
13610.6 2451.24
13555.4 1506.58
13901.3 1882.6
13658.8 2488.73
13540.4 1509.58
13882.3 1883.33
13655.6 2495.8
13557.1 1531.45
13680.5 2565.56
13928 1930.76
13559.7 1527.98
13929.2 1930.06
13656.9 2549.6
13550.9 1527.51
13906.4 1923.61
13657.7 2555.53
13558.2 1525.34
13915.3 1920.44
13668.7 2555.18
13558.8 1524.2
13915.6 1919.94
13668.6 2555.51
13558.7 1532.69
13913.3 1930.34
13662.8 2564.63
13558.4 1533.29
13913.2 1930.6
13662.8 2564.58
13558.2 1535.98
13913.1 1933.02
13663.1 2566.34
13556.7 1537.43
13911.6 1934.43
13661.5 2567.71
13554.8 1538.05
13909.6 1935.21
13659.5 2568.37
13554.7 1538.1
13909.6 1935.24
13659.5 2568.4
13552.6 1538.55
13907.4 1935.61
13657.3 2568.76
13550.5 1538.66
13905.4 1935.73
13655.3 2568.87
13548.5 1538.92
13903.3 1936.11
13653 2569.31
13548.4 1539.05
13903.3 1936.03
13653 2569.42
13546.7 1539.18
13901.5 1936.31
13651.3 2569.36
13545.2 1539.34
13900.1 1936.38
13649.9 2569.55
13545.2 1539.25
13900 1936.41
13649.9 2569.61
13543.9 1539.66
13898.7 1936.83
13648.4 2570.06
13542.9 1540.05
13897.8 1937.07
13647.5 2570.27
13542.1 1540.37
13897 1937.39
13646.7 2570.64
13541.6 1540.54
13896.4 1937.7
13646.1 2570.92
13541.6 1540.5
13896.4 1937.69
13646.1 2570.97
13541.3 1540.66
13896.1 1937.79
13645.9 2571.01
13548.9 1544.77
13904 1941.45
13654.3 2574.07
13559.6 1550.07
13655.2 2572.29
13928.3 1952.99
13574.5 1561.78
13929.4 1963.04
13654.9 2577.76
13598.5 1566.15
13657.7 2571.94
13955.1 1970.98
13609.7 1573.13
13658.6 2570.16
13953.9 1973.42
13610.3 1571.13
13129 2021.97
13970.6 1975.53
13621.7 1574.35
13955.8 1969.24
13623.1 1580.67
13260.2 2220.43
13943.2 1969.49
13591.7 1568.62
13241.7 2184.93
13903.2 1942.25
13607.6 1569.32
13249.3 2169.55
13908.1 1932.18
13583.7 1553.48
13249.6 2157.09
13887.2 1907.81
13584.9 1555.37
13239.3 2154.6
13856.7 1899.15
13598.8 1574.04
13220.6 2162.86
13901.5 1940.12
13688.4 1600.12
13328.5 2257.03
14029.8 1993.83
12945.6 1984.41
13682.9 1613.52
13297.6 2257.94
14017.4 2011.61
12935.1 1987.68
14010.9 2017.31
12952.1 1997.3
13675.9 1627.45
14046.2 2039.99
12934.7 1986.72
13681.5 1626.08
14008.1 2022.74
12910.9 1980.66
13626.5 1606.06
14016.1 2025.93
13234.5 1261.62
12897.2 1970.45
13587.8 1585.05
13980.6 2000.7
13253.8 1274.34
12917 1986.92
13634.5 1606.06
13977.8 2005.73
13244.1 1267.96
12888 1966.14
13627.3 1601.2
13989.1 2011.35
13212.8 1258.9
12883.5 1966.99
13571.7 1581.05
13961.7 1996.48
13235.7 1269.7
12894.3 1975.94
13622.3 1602.76
13959.2 2001.1
13180.8 1245
12873.1 1960.23
13571.5 1571.98
13912.1 1965.99
13187.3 1244.78
12866.8 1959.47
13550.5 1566.67
13938.3 1979.9
13184.2 1250.55
12878.6 1969.81
13548.2 1570.92
13936.7 1982.92
13170.4 1247.15
12878.5 1972.71
13563.2 1574.97
13923.1 1978.57
13182.9 1250.2
12874.9 1971.02
13531.9 1568.44
13919 1981.19
13169.3 1246
12877.3 1966.75
13533.4 1565.36
13920.7 1977.94
13169 1246.52
12889.2 1978.76
13533.3 1565.56
13920.7 1977.89
13165.7 1237.8
12889.1 1971.35
13531.4 1555.23
13920.5 1966.11
13164.6 1235.84
12887.9 1969.83
13530.3 1553.34
13919.4 1964.24
13165.6 1235.51
12888.7 1969.68
13531.2 1553.16
13920.3 1964.01
13165.5 1235.7
12888.8 1969.54
13531.1 1553.33
13920.2 1964.09
13167.6 1236.2
12890.9 1970.04
13533.3 1553.66
13922.4 1964.58
13170.6 1236.96
12893.4 1971.31
13536 1554.78
13925.1 1965.7
13170.6 1236.89
12881.5 1959.31
13536.1 1554.61
13925.1 1965.65
13173.6 1238.92
12896.8 1972.39
13539.2 1556.45
13928.2 1967.45
13190.6 1242.99
12899.9 1973.24
13541.7 1558.24
13931 1968.68
13192.5 1244.22
12902.3 1973.67
13543.6 1559.54
13933.2 1969.49
13191.9 1246.14
12902.9 1973.3
13571.7 1569.24
13933.1 1970.35
13205.7 1250.26
12903.4 1972.34
13570.9 1570.8
13932.2 1972.07
13222.6 1262.34
12905.5 1974.63
13601.2 1589.76
13980.5 2004.82
13264.7 1281.5
12931.4 1997.83
13626.7 1608.41
13976.9 2011.45
13269.2 1281.65
12930 1984.91
13649.1 1611
14022 2023.88
13331 1305.4
12936.1 1995.64
13670.9 1632.42
14063.7 2059.68
13307.3 1295.41
12953.2 2002.19
13651.6 1616.51
14048.9 2038.61
13340.8 1313.4
12968.5 2014.56
13681 1636.2
14045.4 2045.31
13318.2 1314.02
12966.2 2017.28
13659.5 1634.45
14024 2042.83
13329 1308.04
12961.4 2009.92
13667.2 1628.18
14056.1 2047.72
12794.1 1081.55
13336.3 1305.62
12948.9 2004.52
13669.2 1626.71
14083 2059.32
12788.4 1092.6
13309 1310.67
12965.7 2019.7
13665.6 1633.59
14020.2 2037.48
12794.2 1088.04
13320.3 1309.5
12956.7 2016.52
13672.2 1632.58
14050 2049.31
12768 1088.04
12934.5 2005.47
13294 1309.86
13646 1632.33
14023.4 2048.87
12753.3 1086.55
13295.3 1310.67
13624.8 1626.04
14003.4 2041.14
13315.7 1324.06
13661.2 1646.85
14063.2 2077.33
13289.4 1308.58
13638 1627.5
14043.4 2054.69
13662.1 1646.95
14025 2059.62
13607.6 1627.96
14012.8 2054.83
13645.6 1649.97
14009.6 2061.08
12545.4 1152.27
13674.3 1653.84
14064 2078.46
13613.4 1622.15
13982.6 2028.05
13641.1 1630.78
14034.3 2052.03
13596.7 1617.11
13966.8 2021.78
13585.7 1610.19
13956.3 2014.45
13586.2 1609.13
13956.7 2013.48
13951 2006.27
13541.6 1590.27
13889.2 1981.04
12476.6 1109.34
13511.3 1561.01
13898.9 1966.33
13479.7 1545.05
13845.1 1936.68
13489.5 1544.65
13854.1 1937.5
13473.4 1551.47
13814 1934.63
12880.8 1981.31
13477.9 1542.51
13817.9 1926.76
12880.7 1972.62
13431.6 1515.58
13787.5 1898.34
13108.7 1229.62
12876 1971.22
13463.7 1536.91
13845.3 1938.43
13063.9 1207.31
12875.1 1972.95
13407.8 1506.22
13799.5 1905.16
13099.2 1207.05
12872.1 1957.5
13472.2 1518.07
13832.8 1909.43
13089.3 1207.09
12884.1 1965.5
13448.1 1511.33
13817.4 1902.34
13070.4 1207.44
12898.1 1975.43
13456.8 1516.26
13805.6 1898.44
13078 1192.96
12869 1951.45
13435.4 1497.02
13810.1 1889.77
13076.9 1196.16
12884.2 1962.01
13445.8 1502.22
13800.1 1886.83
13104.8 1203.84
12876.7 1950.06
13483.8 1516.18
13835.6 1904.28
12893.4 1963.28
13470.2 1516.49
13827.8 1903.28
13067.2 1193.29
12881 1953.94
13428.4 1493.52
13831.8 1895.86
13112.9 1209.18
12890.5 1962.11
13469.3 1516.75
13868.7 1923.73
13095.2 1207.15
12907.4 1970
13479.7 1517.46
13860.6 1914.51
12876.4 1942.6
13484.6 1508.66
13864.1 1908.11
12890.6 1953.89
13493.2 1514.85
13853.9 1906.1
12889.5 1952.71
13489.5 1513.18
13851.3 1904.7
13508.5 1531.48
13886.4 1932.64
13537.6 1539.62
13880 1926.54
13547.6 1550.55
13906.5 1945.89
12926.4 1981.76
13514.1 1534.6
13875.6 1925.85
12935.6 1988.49
13535.8 1539.41
13288.2 2254.41
13896.2 1932.74
12945.8 2000.75
13526.7 1542.72
13304.4 2275.91
13886.5 1934.86
12928.6 1978.99
13542.5 1536.1
13285.3 2248.31
13901.8 1929.9
13530.9 1535.06
13283.3 2250.18
13889.5 1927.23
13503.6 1520.11
13281.8 2252.85
13862.1 1909.61
13549.4 1537.5
13287.2 2261.64
13918.4 1941.44
13547.2 1541.08
13308.8 2282.54
13914.2 1943.7
13535.5 1532.29
13264.5 2246.79
13914.8 1942.58
13521.4 1525.94
13274.4 2249.85
13884.6 1925.15
13525.3 1516.58
13264.1 2223.1
13887.6 1912.48
13509.9 1502.85
13259.5 2208.45
13858.7 1887.09
13470.3 1481.74
13246.8 2200.6
13815.7 1859.46
13494.5 1485.2
13229.5 2186.84
13836.6 1867.82
13488.7 1486.96
13226.3 2187.45
13836.9 1871.39
13466.1 1494.06
13240.2 2207.21
13825 1878.37
13483.5 1491.89
13242.5 2203.4
13849.9 1881.36
13253.2 2218.4
13855.4 1892.5
13228 2194.19
13839.2 1878.17
13618.5 2518.84
13236.6 2203.33
13841 1878.51
13618.4 2514.95
13245.7 2217.85
13844.7 1888.13
13634.9 2537.37
13223.9 2195.24
13848.8 1881.32
13601 2501.21
13233 2207.99
13853 1887.34
13617 2520.91
13234.7 2210.94
13871.8 1902.57
13614.6 2522.64
13247.1 2224.94
13876.7 1917.94
13631.3 2546.14
13257.1 2235.14
13897 1931.03
13632.2 2545.86
13268.8 2245.02
13910.2 1938.66
13644.3 2555.18
13270.2 2244.1
13910.4 1933.26
13647.5 2551.99
13270.2 2244.09
13910.4 1933.28
13647.4 2552.06
13265.8 2244.03
13905.7 1933.41
13628.1 2535.83
13266.3 2251.33
13908.1 1945.06
13641.6 2561.65
13262.2 2244.74
13902 1934.72
13639.4 2552.9
13262.2 2244.77
13902 1934.71
13639.4 2552.89
13254 2241.54
13893.7 1931.24
13631.3 2549.55
13246.6 2238.98
13886.3 1928.77
13623.8 2546.96
13240.3 2236.61
13879.9 1926.56
13617.5 2544.7
13234.5 2229.42
13898.1 1932.75
13617.5 2544.73
13235.2 2234.76
13892.5 1931.83
13612.2 2543.14
13225.7 2225.97
13887.7 1931.81
13608.4 2541.74
13229.7 2232.52
13909.9 1952.6
13610 2551.54
13236 2239
13926.1 1964.42
13609.7 2551.93
13241.8 2237.8
13958.8 1973.87
13625.6 2560.31
13255.4 2250.83
13953.5 1982.52
13641.5 2577.68
13265 2251.93
13660.3 2590.94
13990.7 2001.99
13297.5 2295.95
13345.9 2393.95
13328.7 2297.48
14101 2071.85
13332.3 2305.28
13820.8 1724.13
14239.2 2195.48
14196.9 2156.99
13717.8 1656.43
14107.1 2087.47
13714.1 1635.99
14072.9 2050.02
13742 1659.69
14120.5 2084.9
13437.7 1328.43
12897.8 1120.53
13426.6 1364.34
14229.3 2188.14
17446.2 273.427
14462.2 2304.18
14601.7 2350.96
13365.4 1324.94
13813.8 1689.81
14188.4 2129.16
12856.6 1113.05
13765.8 1693.24
14184.5 2145.76
12822 1097.52
13689.7 1644.74
14093.5 2072.68
13334.7 1309.67
13741.3 1650.46
14128.2 2076.76
12894.9 1109.04
13833.1 1694.38
14267.9 2154.29
13721.9 1653.2
14138.5 2089.84
13693.7 1643.21
14114.7 2076.96
13323.9 1315.18
13719.8 1651.06
14094.3 2068.17
12818.3 1096.92
13328.1 1311.28
13694.6 1637.56
14072.3 2049.99
12818.9 1098.33
13331.9 1313.01
13717.8 1645.96
14120.3 2071.28
12816.6 1095.35
13333 1309.06
13686.8 1631.22
14092.4 2053.1
12799.7 1095.69
13299.9 1305.29
13709.3 1639.07
14062.2 2042.98
12805.6 1097.26
13306.8 1308.16
13681 1633.79
14114.9 2067.25
12815.3 1099.2
13654.4 1628.07
14089.7 2058.69
12788.1 1099.44
13290.5 1308.99
13686.4 1638.6
14065.7 2050.64
12801.1 1100.31
13303.4 1310.46
13660.9 1631.12
14041.7 2040.68
12800.5 1104.9
13302.9 1313.9
13660.6 1632.94
14041.6 2041.38
12756.4 1097.19
13202.7 1290.65
13527 1586.75
13865.5 1959.58
12646.2 1062.29
12990.9 1218.68
13238 1462.15
13432.6 1735.92
12648.7 1037.43
13005.1 1188.68
13304.6 1437.72
13518.1 1719.7
12410.2 1636.4
12740.7 1061.4
13180.6 1238.59
13513.1 1520.95
13786 1854.77
12811.1 1105.84
13322.9 1312.22
13657.9 1622.78
14067.3 2036.52
12835.6 1126.19
13341.8 1339.97
13693.7 1662.63
14128.3 2097.44
12472.6 1738.88
12833.7 1126.1
13313.4 1335.77
13666.3 1655.67
14102 2087.91
12806.2 1124.74
13336.6 1340.28
13640.1 1649.92
14076.8 2079.46
12809.4 1120.36
13262.8 1321.12
13618.1 1633.6
13960 2022.36
12759.5 1111.84
13194.1 1302.68
13529.6 1601.31
13848.9 1969
12764.6 1116.02
13218.5 1310.3
13572.4 1616.32
13912.4 1997.44
12769.1 1119.4
13243.6 1317.49
13546.4 1613.1
13885 1990.13
12777.2 1125.09
13220.6 1319.51
13521.4 1612.94
13857.1 1988.39
12697.3 1114.01
13102.5 1294.97
13369 1565.84
13660.2 1906.69
12706.6 1094.34
13084.3 1264.96
13351.6 1530.25
13644.1 1863.05
12721 1102.28
13165 1286.63
13461.8 1567.76
13701.9 1895.81
12795.5 1123.49
13580.1 1619.97
13957.3 2014.11
12843.6 1149.81
13341 1362.34
13716.9 1690.83
14033.6 2084.36
13325.4 1364.92
13700.7 1693.39
14135.8 2132.89
13324.3 1368.12
13614 1671.52
14016.1 2088.67
12815.8 1151.62
13312.9 1364.59
13688.8 1691.58
14124.5 2129.37
12808.2 1149.06
13305.2 1362.39
13680.9 1689.34
14116.1 2127.91
13298.2 1353.28
13674.4 1679.76
14110.2 2117.9
12800.9 1140.49
13298.4 1352.69
13674.5 1679.37
14110.2 2117.73
12801.8 1140.13
13299.3 1352.33
13675.3 1679.05
13991.8 2071.67
12805.9 1142.24
13302.9 1355.63
13592.7 1658.54
14113.8 2121.59
12805.8 1142.52
13303 1355.32
13678.5 1683.14
14113.8 2121.73
12809.3 1144.11
13306.4 1356.94
13682.2 1683.94
14117.4 2122.92
12814.6 1144.98
13311.8 1357.74
13601.3 1661.24
14122.4 2124.39
12814.7 1144.71
13311.6 1358.18
13687.2 1685.51
14122.4 2124.42
12819.1 1145.75
13316.1 1358.76
13691.6 1686.49
14126.7 2125.79
12817 1137.72
13315.2 1347.93
13606.1 1650.32
14129.2 2111.35
12814.6 1137.13
13312.7 1347.75
13689.8 1673.55
14126.8 2111.06
12811.3 1137.69
13309.4 1348.21
13686.5 1674.25
14123.6 2111.41
12810.3 1138.36
13308.4 1348.94
13685.5 1674.64
14122.6 2111.88
12809.8 1138.59
13307.9 1349.09
13685 1674.96
14122 2112.31
12809.4 1139.21
13307.5 1349.67
13598.6 1651.74
14121.7 2112.89
12814.9 1148.3
13312.1 1361.06
13601.8 1664.35
14122.8 2127.8
12820.2 1149.2
13317.2 1362.56
13692.9 1689.79
14127.8 2129.41
12824.2 1149.55
13321.3 1362.67
13696.8 1690.35
14132 2129.33
13324.3 1362
13614 1665.51
14135.2 2128.81
12829.6 1147.82
13326.5 1361.32
13615.9 1665.53
14137 2128.93
12789.5 1132.53
13325 1347.24
13615.5 1650.99
14138.8 2111.93
12788.7 1130.32
13261.9 1334.97
13614.3 1649.6
14017.9 2065.64
12791.6 1127.02
13264.5 1332.57
13616.4 1648.53
14019.7 2065.14
12761.8 1124.02
13270.4 1333.6
13621.3 1651.9
14024 2069.16
12773.4 1129.32
13281.2 1340.8
13631 1660.1
14031.9 2079.95
12784.6 1130.89
13291.9 1343.95
13641.5 1663.39
14041.6 2084.65
12790 1124.94
13298 1336.52
13648.4 1655.43
14050.3 2074.32
12767.1 1127.73
13249.8 1334.88
14056.9 2088.44
13656.9 1667.73
12780.1 1126.62
13262.5 1334.68
13588.8 1645.07
13958 2048.62
12754.1 1117.93
13270 1328.73
13597 1638.53
14077.4 2084.03
12767.6 1124.27
13282.5 1337.49
13607.7 1650.26
13975.7 2056.14
12773.6 1121.16
13288.9 1333.53
13614.9 1645.6
13984.2 2050.11
12778.1 1124.13
13293.5 1336.25
13619.3 1649.03
13988.4 2053.79
12781.1 1128.13
13296.4 1340.37
13622.1 1653.07
13991.2 2057.82
12787.7 1138.47
13302.1 1353.14
13626.7 1666.53
13993.8 2073.25
12786.4 1132.11
13301.8 1344.17
13627.8 1656.22
14107.4 2103.04
12788.5 1138.64
13303.1 1352.76
13628 1665.67
13995.7 2071.65
12790.2 1138.66
13304.9 1352.43
13629.6 1665.82
13997.4 2071.54
12790.3 1138.27
13305 1352.24
13629.7 1665.74
13997.2 2071.88
12786.4 1137.05
13301.2 1350.68
13626.2 1663.67
13994 2069.38
12781.9 1131.5
13297.5 1343.29
13623.5 1655.29
14103.1 2101.9
12781.9 1131.49
13297.5 1343.27
13623.4 1655.33
13992.6 2059.87
12782.9 1137.13
13297.6 1350.93
13622.5 1664.18
14100.4 2112.62
12779 1130.78
13294.5 1342.67
13620.6 1654.53
13989.6 2059.51
12775.4 1130.29
13290.9 1342.22
13616.9 1654.35
13986.1 2058.89
12772.3 1131.1
13287.7 1343.1
13613.9 1654.8
13983 2059.57
12772.3 1131.17
13287.8 1342.86
13613.8 1654.84
13983 2059.42
12770.1 1131.57
13285.7 1343.16
13611.8 1655.08
13981 2059.71
12768.7 1131.9
13284.2 1343.58
13610.2 1655.66
13979.5 2060.19
12767.8 1133.03
13283.3 1344.77
13609.3 1656.71
13978.6 2061.08
12772.5 1139.31
13287.1 1353.35
13612 1666.42
13979.6 2072.48
12771.6 1133.69
13287.1 1345.54
13613.1 1657.41
13982.2 2062.2
12770.2 1133.88
13285.8 1345.73
13611.9 1657.53
13981.1 2062.03
12774.4 1140.75
13289.1 1354.49
13613.9 1667.79
13981.4 2073.99
12778.3 1140.82
13293.1 1354.46
13617.8 1667.85
13985.4 2073.93
12781.4 1140.63
13296.1 1354.39
13620.9 1667.71
13988.5 2073.66
12783.5 1140.44
13298.2 1354.31
13623 1667.4
13990.6 2073.4
12785.2 1139.49
13299.9 1353.22
13624.6 1666.75
13992.1 2072.95
12786.2 1138.79
13300.9 1352.41
13625.8 1665.56
14103.8 2113.75
12786.7 1138.2
13301.4 1352.13
13626.3 1665.18
14104.4 2113.17
12787.1 1137.63
13301.7 1351.53
13626.5 1664.83
14104.5 2113.06
12787.1 1137.09
13301.8 1350.94
13626.7 1663.97
13994.2 2070.12
12787.1 1136.45
13301.9 1349.94
13626.7 1663.26
13994.2 2069.31
12787.1 1135.59
13301.8 1349.45
13626.6 1662.74
13994.1 2068.84
12787 1135.14
13301.7 1348.97
13626.5 1662.12
13994 2068.48
12787 1135.11
13301.7 1348.91
13626.5 1662.18
13994 2068.38
12786.9 1134.67
13301.6 1348.51
13626.4 1661.73
13994 2067.66
12786.8 1134.13
13301.5 1348.04
13626.3 1661.11
13993.8 2067.34
12786.8 1133.54
13301.6 1347.19
13626.2 1660.77
13993.8 2066.85
12781.4 1126.83
13297 1338.5
13622.9 1650.72
14102.6 2097.08
12781.9 1133.17
13296.5 1347.28
13621.4 1660.19
13988.9 2066.44
12777.7 1126.84
13293.2 1338.68
13619.2 1650.73
13988.4 2055.27
12779.2 1133.64
13293.9 1347.51
13618.7 1660.51
13986.2 2066.85
12812.4 1136.95
13293.9 1347.44
13618.8 1660.44
13986.2 2066.92
