# x y d a f
13135.4 1073.06 2869.29 -0.141349 1
14156.8 1943.46 3651.82 0.115908 1
13562.4 1365.57 3213.6 -0.0362426 1
13766.6 1633.12 3347.5 0.0414825 1
13135.2 1072.09 2869.29 -0.141679 2
14156.9 1942.26 3651.82 0.115603 2
13562.4 1364.42 3213.6 -0.036587 2
13766.6 1632.03 3347.5 0.0411759 2
13135.4 1072.96 2869.29 -0.141381 3
13562.4 1365.29 3213.6 -0.0363271 3
14156.8 1943.32 3651.82 0.115874 3
13766.4 1632.49 3347.5 0.041308 3
13134.3 1072.17 2869.29 -0.142911 4
13561.9 1364.49 3213.6 -0.0376606 4
14157.1 1940.95 3651.82 0.114336 4
13766.3 1630.88 3347.5 0.0398153 4
13133.3 1076.97 2869.29 -0.142894 5
14156 1945.4 3651.82 0.114267 5
13560.7 1368.43 3213.6 -0.0379062 5
13765.3 1635.61 3347.5 0.039812 5
13133.4 1077.2 2869.29 -0.142813 6
13561 1369.46 3213.6 -0.037592 6
14156.2 1946.17 3651.82 0.114454 6
13765.4 1636.27 3347.5 0.0399964 6
13133 1078.22 2869.29 -0.143013 7
13988 1929.51 3493.05 0.114731 7
13560.5 1369.68 3213.6 -0.0380121 7
13765 1636.75 3347.5 0.0396827 7
13135.5 1081.65 2869.29 -0.141714 8
13562.6 1373.95 3213.6 -0.0366226 8
14157.2 1951.85 3651.82 0.115586 8
13766.8 1641.33 3347.5 0.0410772 8
13136.5 1080.39 2869.29 -0.141381 9
13437.8 1379.35 3090 -0.0356828 9
13990 1933.03 3493.05 0.116353 9
13767.6 1640.16 3347.5 0.0413757 9
13136.6 1078.84 2869.29 -0.141614 10
13564 1372.06 3213.6 -0.0362595 10
14158.3 1949.17 3651.82 0.115688 10
13768 1638.95 3347.5 0.0412766 10
13136.7 1077.31 2869.29 -0.141668 11
13563.9 1369.84 3213.6 -0.036513 11
14158.5 1947.98 3651.82 0.115736 11
13768 1636.92 3347.5 0.041095 11
13136.7 1076.83 2869.29 -0.141642 12
13563.8 1369.29 3213.6 -0.0365133 12
14158.4 1947.08 3651.82 0.11565 12
13768 1636.51 3347.5 0.0411339 12
13136.6 1076.1 2869.29 -0.141583 13
13563.6 1368.13 3213.6 -0.0365925 13
14158.2 1945.91 3651.82 0.115583 13
13767.7 1635.36 3347.5 0.0410611 13
13136.5 1076.51 2869.29 -0.141203 14
13563.7 1369.59 3213.6 -0.0359459 14
14158 1947.31 3651.82 0.116106 14
13767.6 1636.24 3347.5 0.0415069 14
13136.4 1076.1 2869.29 -0.141246 15
13563.4 1368.71 3213.6 -0.0361244 15
14157.8 1946.94 3651.82 0.116088 15
13767.5 1636.08 3347.5 0.041543 15
13136.1 1075.44 2869.29 -0.141386 16
13563.2 1368.24 3213.6 -0.0361883 16
14157.6 1946.12 3651.82 0.115952 16
13767.2 1635.34 3347.5 0.0414079 16
13136.2 1075.84 2869.29 -0.141246 17
13563.5 1369.22 3213.6 -0.0358903 17
14157.6 1946.37 3651.82 0.116011 17
13767.2 1635.16 3347.5 0.0413571 17
13135.9 1074.96 2869.29 -0.141328 18
13562.9 1367.33 3213.6 -0.0362678 18
14157.4 1945.83 3651.82 0.116035 18
13767 1634.82 3347.5 0.0414404 18
13135.9 1074.98 2869.29 -0.141263 19
13563.1 1368.12 3213.6 -0.0359793 19
14157.2 1945.2 3651.82 0.115924 19
13767 1634.92 3347.5 0.0415174 19
13136.1 1075.89 2869.29 -0.140945 20
13563 1367.83 3213.6 -0.0360664 20
14157.8 1947.36 3651.82 0.11645 20
13767.1 1635.35 3347.5 0.0416377 20
13133 1073.23 2869.29 -0.141859 21
13560.4 1364.8 3213.6 -0.0369742 21
14156.2 1944.61 3651.82 0.115716 21
13916 1636.67 3493.05 0.0402794 21
13137.2 1079.89 2869.29 -0.139806 22
13564 1372.39 3213.6 -0.034908 22
14158.9 1954.32 3651.82 0.117997 22
13768.1 1640.71 3347.5 0.042941 22
13133.4 1073.73 2869.29 -0.142 23
13560.8 1365.45 3213.6 -0.0370549 23
14156.6 1944.99 3651.82 0.115587 23
13765.6 1633.68 3347.5 0.0408941 23
13129.6 1073.94 2869.29 -0.141972 24
13557 1365.79 3213.6 -0.036988 24
14152.7 1945.39 3651.82 0.115661 24
13761.6 1633.46 3347.5 0.0408005 24
13128.5 1074.1 2869.29 -0.141891 25
13556 1366.22 3213.6 -0.0368397 25
14151.6 1945.28 3651.82 0.115648 25
13760.5 1633.75 3347.5 0.0409016 25
13126.9 1073.16 2869.29 -0.142046 26
14150.1 1944.64 3651.82 0.115615 26
13554.2 1364.66 3213.6 -0.0371599 26
13759 1633.23 3347.5 0.0408952 26
13126.9 1072.96 2869.29 -0.141966 27
13554.3 1364.66 3213.6 -0.0370274 27
14150 1944.25 3651.82 0.115625 27
13758.9 1632.67 3347.5 0.0408579 27
13127 1072.81 2869.29 -0.141944 28
13554.4 1364.71 3213.6 -0.0369487 28
14150.2 1944.57 3651.82 0.115753 28
13759.1 1632.61 3347.5 0.0409022 28
13127.2 1073.29 2869.29 -0.141711 29
13554.6 1365.37 3213.6 -0.0366927 29
14150.2 1945.17 3651.82 0.11596 29
13759.1 1633.08 3347.5 0.0410925 29
13127 1070.7 2869.29 -0.142538 30
13554.5 1362.29 3213.6 -0.0375607 30
14150.5 1941.48 3651.82 0.115074 30
13759.4 1630.54 3347.5 0.0404247 30
13127.4 1072.2 2869.29 -0.141962 31
13554.8 1364.03 3213.6 -0.0369879 31
14150.6 1944.13 3651.82 0.11578 31
13759.4 1632 3347.5 0.0408846 31
13130.7 1072.37 2869.29 -0.142015 32
13558.3 1364.67 3213.6 -0.0368881 32
14154 1943.75 3651.82 0.115607 32
13762.8 1631.89 3347.5 0.0407651 32
13129.9 1072.7 2869.29 -0.141895 33
13557.3 1364.69 3213.6 -0.0368786 33
14152.9 1943.93 3651.82 0.115666 33
13761.9 1632.54 3347.5 0.0409544 33
13128.6 1072.44 2869.29 -0.141951 34
13556 1364.59 3213.6 -0.03688 34
14151.8 1944.64 3651.82 0.115862 34
13760.7 1632.81 3347.5 0.0410592 34
13128.3 1072.86 2869.29 -0.141777 35
13555.7 1364.87 3213.6 -0.0367719 35
14151.2 1943.98 3651.82 0.11572 35
13760.2 1632.41 3347.5 0.0409674 35
13127.9 1072.42 2869.29 -0.141902 36
13555.3 1364.31 3213.6 -0.0369145 36
14150.9 1943.91 3651.82 0.115724 36
13760 1632.66 3347.5 0.0410616 36
13127.6 1072.38 2869.29 -0.141848 37
13555 1364.41 3213.6 -0.0368282 37
14150.6 1943.65 3651.82 0.115706 37
13759.6 1632.28 3347.5 0.0410077 37
13133.8 1077.71 2869.29 -0.140115 38
13560.7 1370.81 3213.6 -0.034995 38
14155.2 1950.85 3651.82 0.117466 38
13764.8 1638.7 3347.5 0.0427408 38
13133.8 1077.58 2869.29 -0.140161 39
13560.6 1370.35 3213.6 -0.0351343 39
14155.1 1950.62 3651.82 0.117411 39
13764.7 1638.6 3347.5 0.0427119 39
13138.2 1078.55 2869.29 -0.140009 40
13565 1371.26 3213.6 -0.0350195 40
14159.5 1951.57 3651.82 0.117515 40
13769.1 1639.41 3347.5 0.0427912 40
13138 1074.19 2869.29 -0.141408 41
13565.2 1366.32 3213.6 -0.0364124 41
14160.6 1946.49 3651.82 0.116295 41
13769.7 1634.56 3347.5 0.0415051 41
13137.9 1073.15 2869.29 -0.141696 42
13565.3 1365.53 3213.6 -0.0365855 42
14160.8 1945.17 3651.82 0.116013 42
13769.8 1633.5 3347.5 0.0412637 42
13137.9 1073.65 2869.29 -0.141474 43
13565.2 1365.8 3213.6 -0.0364633 43
14160.5 1945.56 3651.82 0.11615 43
13769.6 1633.82 3347.5 0.0413954 43
13137.3 1073.44 2869.29 -0.141497 44
13564.6 1365.72 3213.6 -0.0364437 44
14160 1945.64 3651.82 0.116206 44
13769.1 1633.78 3347.5 0.0414239 44
13136.8 1073.68 2869.29 -0.141385 45
13564 1365.94 3213.6 -0.0363533 45
14159.4 1945.9 3651.82 0.116289 45
13768.5 1633.78 3347.5 0.0414472 45
13136.2 1073.42 2869.29 -0.141452 46
14158.8 1945.41 3651.82 0.116186 46
13563.3 1365.15 3213.6 -0.036571 46
13768 1633.72 3347.5 0.0414482 46
13135.9 1072.33 2869.29 -0.141814 47
13437.4 1370.63 3090 -0.0362876 47
14158.7 1943.42 3651.82 0.115694 47
13767.7 1632.08 3347.5 0.0409964 47
13135.9 1073.53 2869.29 -0.141389 48
13563.1 1365.43 3213.6 -0.0364639 48
14158.6 1945.72 3651.82 0.116277 48
13767.6 1633.37 3347.5 0.0413727 48
13139.3 1078.08 2869.29 -0.140101 49
13566.1 1370.95 3213.6 -0.0350496 49
14160.5 1951.21 3651.82 0.117482 49
13770.1 1638.79 3347.5 0.0426778 49
13143.5 1079.99 2869.29 -0.140033 50
13570.2 1372.47 3213.6 -0.0351096 50
14164.5 1952.44 3651.82 0.117367 50
13774.2 1640.8 3347.5 0.0427619 50
13145.7 1081.75 2869.29 -0.14001 51
13572.3 1374.01 3213.6 -0.0351569 51
14166.9 1955.05 3651.82 0.117589 51
13776.6 1643.09 3347.5 0.042929 51
13142.5 1076.91 2869.29 -0.141649 52
13569.9 1368.92 3213.6 -0.0366588 52
14165.4 1948.66 3651.82 0.115976 52
13774.4 1636.82 3347.5 0.0411782 52
13141.2 1077.42 2869.29 -0.141684 53
13568.5 1369.36 3213.6 -0.0367113 53
14164 1948.91 3651.82 0.115886 53
13773.1 1637.3 3347.5 0.0411396 53
13137.3 1076.92 2869.29 -0.142167 54
13564.8 1368.7 3213.6 -0.0371819 54
14160.6 1947.92 3651.82 0.1154 54
13769.5 1636.64 3347.5 0.040693 54
13140.1 1083.54 2869.29 -0.140072 55
13567.1 1376.98 3213.6 -0.0348533 55
14161.5 1956.57 3651.82 0.117469 55
13771.1 1644.51 3347.5 0.0427718 55
13142 1084.35 2869.29 -0.139946 56
13568.8 1377.11 3213.6 -0.0349497 56
14163.3 1958.02 3651.82 0.117723 56
13772.8 1645.38 3347.5 0.042893 56
13139.7 1078.91 2869.29 -0.141666 57
13567.2 1371.54 3213.6 -0.0364864 57
14162.7 1951.32 3651.82 0.116123 57
13771.6 1639.05 3347.5 0.0412275 57
13135.4 1077.07 2869.29 -0.142299 58
13563 1368.88 3213.6 -0.0372854 58
14158.9 1948.28 3651.82 0.115356 58
13767.6 1636.66 3347.5 0.0405518 58
13135.3 1077.7 2869.29 -0.141687 59
13562.7 1369.98 3213.6 -0.0366118 59
14158.1 1949.18 3651.82 0.11588 59
13767.2 1637.72 3347.5 0.0411744 59
13135.3 1077.07 2869.29 -0.141721 60
13562.6 1369.12 3213.6 -0.036709 60
14158.1 1948.62 3651.82 0.115874 60
13767.2 1637.19 3347.5 0.041176 60
13141.7 1083.12 2869.29 -0.13992 61
13568.4 1375.47 3213.6 -0.0350481 61
14162.9 1956.18 3651.82 0.117596 61
13772.6 1644.25 3347.5 0.0429429 61
13139.9 1077.82 2869.29 -0.141599 62
13567.3 1370.19 3213.6 -0.036507 62
14162.7 1949.26 3651.82 0.115936 62
13771.7 1637.65 3347.5 0.0411938 62
13139.9 1077.7 2869.29 -0.141642 63
13567.3 1370.09 3213.6 -0.0365372 63
14162.7 1949.63 3651.82 0.116024 63
13771.7 1637.53 3347.5 0.0411597 63
13142.6 1082.91 2869.29 -0.140021 64
13569.3 1375.3 3213.6 -0.0351278 64
14163.9 1956.02 3651.82 0.117532 64
13773.6 1644.25 3347.5 0.0429191 64
13141.6 1078.52 2869.29 -0.141594 65
13569.1 1371 3213.6 -0.0364697 65
14164.5 1950.33 3651.82 0.116029 65
13773.5 1638.45 3347.5 0.0412262 65
13141.2 1078.74 2869.29 -0.141587 66
13568.4 1370.44 3213.6 -0.0367006 66
14164 1950.3 3651.82 0.115972 66
13772.9 1638.35 3347.5 0.0411421 66
13143.3 1084.08 2869.29 -0.139934 67
13570.2 1377.15 3213.6 -0.0348467 67
14164.6 1957.3 3651.82 0.117619 67
13774.2 1645.05 3347.5 0.0428843 67
13140.7 1078.65 2869.29 -0.141681 68
13442.3 1377.32 3090 -0.0360489 68
14163.5 1950.52 3651.82 0.115983 68
13772.5 1638.67 3347.5 0.0411819 68
13139.2 1078.27 2869.29 -0.14168 69
13566.6 1370.56 3213.6 -0.0366001 69
14162 1949.7 3651.82 0.115873 69
13771 1638.07 3347.5 0.0411197 69
13137.9 1077.66 2869.29 -0.141755 70
13565.2 1369.62 3213.6 -0.0367672 70
14160.8 1949.34 3651.82 0.115879 70
13769.9 1638.02 3347.5 0.0412143 70
13136.5 1076.92 2869.29 -0.141732 71
13563.8 1368.8 3213.6 -0.0367722 71
14159.4 1948.71 3651.82 0.115922 71
13768.4 1636.95 3347.5 0.0411404 71
13135.8 1076.26 2869.29 -0.141685 72
13563.3 1368.6 3213.6 -0.0365915 72
14158.6 1947.53 3651.82 0.11583 72
13767.7 1636.1 3347.5 0.0411259 72
13135.6 1075.67 2869.29 -0.14176 73
13563 1367.66 3213.6 -0.0367597 73
14158.5 1947.11 3651.82 0.115819 73
13767.5 1635.58 3347.5 0.0410865 73
13135.6 1075.5 2869.29 -0.141692 74
13563.1 1367.84 3213.6 -0.036597 74
14158.5 1946.98 3651.82 0.115875 74
13767.5 1635.35 3347.5 0.0411228 74
13135.6 1074.81 2869.29 -0.141711 75
13562.9 1366.68 3213.6 -0.0367557 75
14158.4 1945.96 3651.82 0.115782 75
13767.5 1634.54 3347.5 0.0410758 75
13135.7 1074.72 2869.29 -0.141643 76
13563.2 1367.37 3213.6 -0.0364617 76
14158.6 1946.43 3651.82 0.115965 76
13767.6 1634.6 3347.5 0.0411709 76
13135.7 1074.22 2869.29 -0.141726 77
13562.9 1365.72 3213.6 -0.0368807 77
14158.6 1945.85 3651.82 0.115887 77
13767.6 1634.18 3347.5 0.0411265 77
13135.7 1073.75 2869.29 -0.141739 78
13563.2 1366.22 3213.6 -0.0365959 78
14158.6 1945.37 3651.82 0.115877 78
13767.6 1633.77 3347.5 0.0411352 78
13135.7 1073.55 2869.29 -0.141743 79
13563 1365.47 3213.6 -0.0367658 79
14158.7 1945.4 3651.82 0.115932 79
13767.6 1633.56 3347.5 0.041127 79
13135.7 1073.44 2869.29 -0.141722 80
13563.2 1365.84 3213.6 -0.0366037 80
14158.6 1945.07 3651.82 0.115891 80
13767.6 1633.2 3347.5 0.0410734 80
13135.8 1073.43 2869.29 -0.141672 81
13563.1 1365.38 3213.6 -0.0366977 81
14158.6 1944.66 3651.82 0.115828 81
13767.7 1633.64 3347.5 0.0412407 81
13135.7 1073.07 2869.29 -0.141671 82
13563 1364.97 3213.6 -0.0367126 82
14158.6 1944.67 3651.82 0.115918 82
13767.6 1633.01 3347.5 0.0411637 82
13135.7 1073.07 2869.29 -0.141672 83
13562.9 1364.57 3213.6 -0.0368345 83
14158.8 1945.28 3651.82 0.116067 83
13767.6 1633.06 3347.5 0.0411793 83
13135.6 1072.68 2869.29 -0.141773 84
13562.9 1364.52 3213.6 -0.0368194 84
14158.5 1944.44 3651.82 0.115888 84
13767.6 1632.84 3347.5 0.0411431 84
13135.7 1072.85 2869.29 -0.141657 85
13563.1 1365.2 3213.6 -0.036565 85
14158.6 1944.63 3651.82 0.115974 85
13767.6 1632.75 3347.5 0.0411643 85
13133.3 1072.26 2869.29 -0.143179 86
13561 1363.5 3213.6 -0.0382225 86
14157.4 1942.38 3651.82 0.114432 86
13766 1631.64 3347.5 0.0397688 86
13133.3 1072.39 2869.29 -0.143133 87
13561 1363.66 3213.6 -0.0381737 87
14157.3 1942.12 3651.82 0.114368 87
13766 1631.29 3347.5 0.0396716 87
13132.8 1073.93 2869.29 -0.143143 88
14157 1944.08 3651.82 0.114463 88
13560.5 1365.23 3213.6 -0.0381775 88
13765.5 1633.04 3347.5 0.0397199 88
13132.5 1077.7 2869.29 -0.143108 89
13560.3 1368.95 3213.6 -0.038159 89
14156.6 1947.42 3651.82 0.114383 89
13765.3 1636.92 3347.5 0.0397811 89
13132.7 1078.82 2869.29 -0.143046 90
13560.4 1370.05 3213.6 -0.0381111 90
14156.9 1948.91 3651.82 0.114516 90
13765.3 1637.36 3347.5 0.0396405 90
13133.4 1080.91 2869.29 -0.143099 91
13561.2 1372.69 3213.6 -0.0379925 91
14157.5 1951.21 3651.82 0.114531 91
13766.1 1640.26 3347.5 0.0398235 91
13133.9 1082.26 2869.29 -0.143024 92
13561.5 1373.08 3213.6 -0.0382159 92
14157.9 1952 3651.82 0.114446 92
13766.5 1641.05 3347.5 0.0397292 92
13135.6 1084.43 2869.29 -0.141719 93
13563.1 1376.86 3213.6 -0.0365929 93
14158.5 1956.09 3651.82 0.115897 93
13767.5 1644.4 3347.5 0.0411327 93
13137.2 1082.04 2869.29 -0.141633 94
13564.6 1374.24 3213.6 -0.036588 94
14160.1 1953.61 3651.82 0.11594 94
13769.1 1642.11 3347.5 0.0412335 94
13137.5 1080.75 2869.29 -0.141709 95
13564.7 1372.25 3213.6 -0.0368667 95
14160.3 1952.15 3651.82 0.115845 95
13769.4 1640.88 3347.5 0.0411878 95
13137.5 1080.8 2869.29 -0.141691 96
13565 1373.47 3213.6 -0.0364956 96
14160.5 1952.67 3651.82 0.115972 96
13769.4 1640.85 3347.5 0.0411805 96
13137.7 1079.9 2869.29 -0.141683 97
13565.1 1372.14 3213.6 -0.0366185 97
14160.7 1952.18 3651.82 0.116079 97
13769.6 1640.05 3347.5 0.0412158 97
13137.8 1079.11 2869.29 -0.141676 98
13565 1370.86 3213.6 -0.0367613 98
14160.5 1950.18 3651.82 0.115788 98
13769.6 1639.07 3347.5 0.0411678 98
13137.7 1078.4 2869.29 -0.141676 99
13565.1 1370.86 3213.6 -0.0365469 99
14160.4 1949.52 3651.82 0.115798 99
13769.5 1638.21 3347.5 0.0411244 99
13137.5 1077.69 2869.29 -0.14171 100
13564.8 1369.35 3213.6 -0.036816 100
14160.3 1949.08 3651.82 0.115843 100
13769.4 1637.86 3347.5 0.0412012 100
13137 1076.42 2869.29 -0.141639 101
13564.3 1368.22 3213.6 -0.0367143 101
14159.9 1948.17 3651.82 0.11598 101
13768.8 1636.15 3347.5 0.0411343 101
13136.8 1076.07 2869.29 -0.141623 102
13564.1 1368.03 3213.6 -0.0366507 102
13768.7 1636.15 3347.5 0.0412429 102
14159.6 1947.4 3651.82 0.115887 102
13136.6 1075.74 2869.29 -0.141615 103
13563.8 1366.99 3213.6 -0.0368583 103
14159.4 1947.08 3651.82 0.115896 103
13768.5 1635.58 3347.5 0.0411845 103
13136.3 1075.1 2869.29 -0.141624 104
13563.7 1367.36 3213.6 -0.036561 104
14159.2 1946.76 3651.82 0.115968 104
13768.3 1635.26 3347.5 0.0412665 104
13136 1074.24 2869.29 -0.141745 105
13563.3 1365.95 3213.6 -0.0368337 105
14159 1946.05 3651.82 0.115919 105
13767.9 1634.29 3347.5 0.0411366 105
13136 1074.12 2869.29 -0.14164 106
13563.4 1366.49 3213.6 -0.0365419 106
14158.9 1946.1 3651.82 0.116033 106
13767.8 1634 3347.5 0.0411725 106
13135.9 1074.03 2869.29 -0.141671 107
13563.3 1365.97 3213.6 -0.0367005 107
14158.9 1945.87 3651.82 0.115978 107
13767.8 1633.81 3347.5 0.0411207 107
13135.9 1073.79 2869.29 -0.14169 108
13563.4 1366.57 3213.6 -0.0364637 108
14158.8 1945.61 3651.82 0.11596 108
13767.8 1634.03 3347.5 0.0412339 108
13135.8 1073.63 2869.29 -0.141687 109
13563.2 1365.78 3213.6 -0.0366524 109
14158.8 1945.44 3651.82 0.11596 109
13767.7 1633.64 3347.5 0.0411724 109
13135.8 1073.61 2869.29 -0.141641 110
13563.2 1365.8 3213.6 -0.0365991 110
14158.7 1945.2 3651.82 0.115936 110
13767.7 1633.52 3347.5 0.0411796 110
13135.8 1073.5 2869.29 -0.141633 111
13563.2 1365.65 3213.6 -0.0366032 111
14158.7 1945.03 3651.82 0.115929 111
13767.6 1633.22 3347.5 0.041136 111
13135.7 1073.23 2869.29 -0.141683 112
13563 1364.97 3213.6 -0.0367699 112
14158.6 1944.72 3651.82 0.115884 112
13767.6 1633.26 3347.5 0.0411824 112
13135.7 1073.24 2869.29 -0.141641 113
13563.1 1365.23 3213.6 -0.0366561 113
14158.6 1944.77 3651.82 0.115925 113
13767.6 1632.98 3347.5 0.0411359 113
13135.8 1073.29 2869.29 -0.141586 114
13563 1364.96 3213.6 -0.0367089 114
14158.6 1944.9 3651.82 0.115981 114
13767.5 1632.87 3347.5 0.0411315 114
13135.6 1072.82 2869.29 -0.141718 115
13562.9 1364.62 3213.6 -0.0367815 115
14158.6 1944.61 3651.82 0.115933 115
13767.5 1632.56 3347.5 0.0410734 115
13135.6 1072.72 2869.29 -0.141671 116
14158.5 1944.36 3651.82 0.115929 116
13562.9 1364.58 3213.6 -0.0367246 116
13767.6 1633.05 3347.5 0.0412728 116
13135.6 1072.52 2869.29 -0.141721 117
13562.8 1364.23 3213.6 -0.0368112 117
14158.4 1943.9 3651.82 0.115832 117
13767.5 1632.5 3347.5 0.041136 117
13135.6 1072.65 2869.29 -0.141657 118
13563 1365.04 3213.6 -0.0365499 118
14158.4 1944.06 3651.82 0.115884 118
13767.5 1632.74 3347.5 0.0412191 118
13135.5 1072.35 2869.29 -0.141725 119
13562.8 1363.91 3213.6 -0.0368634 119
14158.5 1944.35 3651.82 0.115978 119
13767.4 1632.3 3347.5 0.0411242 119
13135.5 1072.3 2869.29 -0.141718 120
13562.7 1363.8 3213.6 -0.036871 120
14158.5 1944.29 3651.82 0.115985 120
13767.5 1632.41 3347.5 0.0411784 120
13132.8 1073.96 2869.29 -0.143034 121
13560.3 1364.48 3213.6 -0.0383162 121
14156.9 1943.86 3651.82 0.114477 121
13765.4 1632.65 3347.5 0.039691 121
13132.4 1076.26 2869.29 -0.143157 122
13434.4 1374.13 3090 -0.0376364 122
14156.7 1946.91 3651.82 0.114575 122
13765.1 1635.44 3347.5 0.0397323 122
13132.7 1078.56 2869.29 -0.143069 123
13560.5 1370.33 3213.6 -0.0379682 123
14156.9 1948.96 3651.82 0.114575 123
13765.3 1637.51 3347.5 0.0397356 123
13133.3 1080.59 2869.29 -0.14316 124
13561.1 1372.29 3213.6 -0.0380685 124
14157.5 1951.13 3651.82 0.114547 124
13766.1 1639.97 3347.5 0.0397844 124
13133.6 1081.42 2869.29 -0.143083 125
13561.3 1372.81 3213.6 -0.0380974 125
14157.8 1952.07 3651.82 0.114625 125
13766.3 1640.58 3347.5 0.039784 125
13133.8 1081.89 2869.29 -0.143113 126
13561.5 1373.23 3213.6 -0.0381352 126
14157.9 1951.91 3651.82 0.114453 126
13766.5 1641.13 3347.5 0.0397846 126
13134 1082.45 2869.29 -0.143091 127
13561.7 1373.65 3213.6 -0.0381591 127
14158.1 1952.3 3651.82 0.114428 127
13766.7 1641.58 3347.5 0.0397693 127
13134.3 1083.08 2869.29 -0.143169 128
13562 1374.17 3213.6 -0.0382616 128
14158.5 1953.42 3651.82 0.11449 128
13767.1 1642.49 3347.5 0.0397841 128
13134.5 1083.56 2869.29 -0.143134 129
13562.2 1374.87 3213.6 -0.0381637 129
14158.6 1953.81 3651.82 0.114494 129
13767.3 1643.06 3347.5 0.0398386 129
13134.7 1084.35 2869.29 -0.143084 130
13562.3 1375.04 3213.6 -0.0383062 130
14158.8 1954.25 3651.82 0.114445 130
13767.4 1643.19 3347.5 0.0396965 130
13134.8 1084.6 2869.29 -0.143092 131
13562.6 1376.16 3213.6 -0.0380532 131
14158.9 1954.49 3651.82 0.114434 131
13767.5 1643.56 3347.5 0.0397214 131
13134.9 1085 2869.29 -0.143122 132
13562.6 1376.25 3213.6 -0.0381718 132
14159 1955.02 3651.82 0.114445 132
13767.6 1644.07 3347.5 0.0397281 132
13135 1085.35 2869.29 -0.143075 133
13562.9 1377.19 3213.6 -0.0379523 133
14159 1955.04 3651.82 0.1144 133
13767.7 1644.51 3347.5 0.0397905 133
13135.1 1085.57 2869.29 -0.143064 134
13562.7 1376.33 3213.6 -0.03827 134
14159.2 1955.6 3651.82 0.11449 134
13767.8 1644.64 3347.5 0.039776 134
13135.3 1086.4 2869.29 -0.142835 135
13562.8 1376.72 3213.6 -0.038205 135
14159.1 1955.16 3651.82 0.11434 135
13767.9 1645.06 3347.5 0.0398447 135
13562.9 1377.47 3213.6 -0.0381069 136
14159.3 1956.13 3651.82 0.114472 136
13767.7 1644.4 3347.5 0.0395391 136
13437 1383.37 3090 -0.0377995 137
14159.4 1956.67 3651.82 0.114576 137
13767.8 1645.02 3347.5 0.0396815 137
13563 1377.6 3213.6 -0.0381627 138
14159.4 1956.54 3651.82 0.114495 138
13768 1645.64 3347.5 0.0397995 138
13562.8 1377.21 3213.6 -0.0383073 139
14159.3 1956.42 3651.82 0.114444 139
13768 1645.57 3347.5 0.0397547 139
14159.4 1956.75 3651.82 0.114489 140
13563 1377.83 3213.6 -0.0381646 140
13768.1 1646 3347.5 0.0398339 140
13563.1 1378.03 3213.6 -0.0381233 141
14159.3 1956.19 3651.82 0.114337 141
13768 1645.69 3347.5 0.0397278 141
13135 1085.51 2869.29 -0.143529 142
13563.1 1378.19 3213.6 -0.0380914 142
14159.2 1955.86 3651.82 0.114243 142
13135.1 1085.99 2869.29 -0.143379 143
14159.4 1956.64 3651.82 0.11442 143
13135.3 1086.65 2869.29 -0.143165 144
13135.3 1086.67 2869.29 -0.143186 145
13437.3 1384.68 3090 -0.0376203 145
13135.3 1086.77 2869.29 -0.143173 146
13563.1 1378.25 3213.6 -0.0381488 146
13135.5 1088.19 2869.29 -0.142696 147
13563.3 1380.28 3213.6 -0.037547 147
13135.4 1087.01 2869.29 -0.143111 148
13563 1377.83 3213.6 -0.0382918 148
13768.1 1646.29 3347.5 0.0397953 148
13135.4 1086.98 2869.29 -0.143127 149
13563.2 1378.81 3213.6 -0.038001 149
13768.1 1646.25 3347.5 0.0397784 149
13135.4 1087.22 2869.29 -0.143062 150
13563.2 1379.05 3213.6 -0.0379428 150
14159.6 1958.22 3651.82 0.114736 150
13768.1 1646.82 3347.5 0.039929 150
13135.4 1086.96 2869.29 -0.143161 151
13563.2 1378.76 3213.6 -0.0380396 151
14159.6 1957.44 3651.82 0.11453 151
13768.2 1646.45 3347.5 0.0398144 151
13135.4 1087.17 2869.29 -0.143092 152
13563.2 1378.75 3213.6 -0.0380471 152
14159.5 1957.08 3651.82 0.11444 152
13768.2 1646.32 3347.5 0.0397753 152
13135.4 1087.2 2869.29 -0.143085 153
13563.1 1378.22 3213.6 -0.038209 153
14159.5 1957.09 3651.82 0.114441 153
13768.1 1646.22 3347.5 0.0397431 153
13135.4 1086.95 2869.29 -0.143179 154
13563.3 1379.1 3213.6 -0.0379488 154
14159.6 1957.29 3651.82 0.114486 154
13768.2 1646.35 3347.5 0.0397755 154
13135.4 1087.19 2869.29 -0.143099 155
13563.1 1378.45 3213.6 -0.0381486 155
14159.5 1957.14 3651.82 0.114445 155
13768.2 1646.47 3347.5 0.0398052 155
13135.4 1086.99 2869.29 -0.14317 156
13563.3 1378.97 3213.6 -0.0379941 156
14159.6 1957.58 3651.82 0.114553 156
13768.2 1646.59 3347.5 0.0398375 156
13135.5 1087.81 2869.29 -0.142893 157
13437.4 1385.57 3090 -0.0374314 157
14159.5 1957.91 3651.82 0.114635 157
13768.1 1646.75 3347.5 0.0398808 157
13135.5 1087.59 2869.29 -0.14297 158
13563.1 1378.75 3213.6 -0.0380643 158
14159.5 1958.11 3651.82 0.114684 158
13768.2 1647.09 3347.5 0.0399751 158
13135.4 1087.04 2869.29 -0.143162 159
13563.2 1378.51 3213.6 -0.0381413 159
14159.6 1957.54 3651.82 0.114534 159
13768.1 1646.25 3347.5 0.0397356 159
13135.4 1087.08 2869.29 -0.143154 160
13563.1 1378.3 3213.6 -0.0382093 160
14159.7 1957.81 3651.82 0.114599 160
13768.1 1646.38 3347.5 0.0397663 160
13135.4 1087.17 2869.29 -0.143123 161
13563.3 1378.83 3213.6 -0.0380515 161
14159.6 1957.54 3651.82 0.11453 161
13768.1 1646.29 3347.5 0.0397386 161
13135.4 1087.04 2869.29 -0.143173 162
13563.1 1378.27 3213.6 -0.0382213 162
14159.6 1957.35 3651.82 0.114482 162
13768.2 1646.49 3347.5 0.0397938 162
13135.4 1087.28 2869.29 -0.143092 163
13563.1 1378.41 3213.6 -0.0381824 163
14159.4 1956.85 3651.82 0.114356 163
13768.1 1646.36 3347.5 0.0397554 163
13135.4 1087.25 2869.29 -0.143104 164
13563.2 1378.71 3213.6 -0.0380912 164
14159.6 1957.41 3651.82 0.114494 164
13768.1 1646.38 3347.5 0.0397587 164
13135.4 1087 2869.29 -0.143194 165
13563 1378 3213.6 -0.0383089 165
14159.5 1957.05 3651.82 0.114407 165
13768.2 1646.68 3347.5 0.0398442 165
13135.4 1087.27 2869.29 -0.143099 166
13563.1 1378.23 3213.6 -0.0382389 166
14159.6 1957.43 3651.82 0.114497 166
13768.2 1646.56 3347.5 0.0398088 166
13135.6 1088.46 2869.29 -0.142689 167
13563.3 1380.1 3213.6 -0.0376787 167
14159.5 1959.5 3651.82 0.115021 167
13768.1 1647.88 3347.5 0.0401807 167
13135.5 1087.38 2869.29 -0.143062 168
13563.2 1378.54 3213.6 -0.0381456 168
14159.5 1957.22 3651.82 0.114444 168
13768.2 1646.71 3347.5 0.0398482 168
13135.4 1087.04 2869.29 -0.143183 169
13563.1 1378.1 3213.6 -0.0382789 169
14159.5 1956.99 3651.82 0.114388 169
13768.2 1646.48 3347.5 0.0397854 169
13135.6 1088.4 2869.29 -0.142712 170
13563.1 1379.5 3213.6 -0.037861 170
14159.3 1958.95 3651.82 0.114884 170
13768 1647.7 3347.5 0.0401306 170
13135.7 1088.66 2869.29 -0.142624 171
13563.4 1380.6 3213.6 -0.0375291 171
14159.3 1959.07 3651.82 0.114914 171
13768.1 1648.14 3347.5 0.0402521 171
13135.4 1087.25 2869.29 -0.143111 172
13563.3 1379.06 3213.6 -0.0379925 172
14159.6 1957.67 3651.82 0.114554 172
13768.2 1646.67 3347.5 0.0398345 172
13135.4 1087.02 2869.29 -0.143191 173
13563.1 1378.31 3213.6 -0.0382188 173
14159.5 1956.96 3651.82 0.11438 173
13768.2 1646.48 3347.5 0.0397811 173
13135.7 1088.73 2869.29 -0.142599 174
13563.2 1380 3213.6 -0.037713 174
14159.3 1959.09 3651.82 0.114917 174
13768.1 1648.05 3347.5 0.0402271 174
13135.7 1088.69 2869.29 -0.142616 175
13563.2 1379.9 3213.6 -0.0377415 175
14159.3 1959.01 3651.82 0.114897 175
13768.1 1647.95 3347.5 0.0401963 175
13135.4 1087.26 2869.29 -0.143109 176
13563.3 1379.04 3213.6 -0.0379986 176
14159.8 1958.22 3651.82 0.114687 176
13768.1 1646.37 3347.5 0.0397504 176
13135.6 1088.48 2869.29 -0.142687 177
13563.4 1380.69 3213.6 -0.0375045 177
14159.4 1959.3 3651.82 0.114968 177
13768.1 1647.85 3347.5 0.0401685 177
13135.6 1088.54 2869.29 -0.142666 178
13563.3 1380.38 3213.6 -0.0375978 178
14159.3 1959.01 3651.82 0.114897 178
13768.2 1648.23 3347.5 0.0402753 178
13135.6 1088.52 2869.29 -0.142675 179
13563.1 1379.68 3213.6 -0.0378095 179
14159.3 1958.96 3651.82 0.114887 179
13768 1647.71 3347.5 0.0401298 179
13135.5 1087.53 2869.29 -0.143015 180
13563.3 1379.38 3213.6 -0.0378963 180
14159.6 1958.23 3651.82 0.114694 180
13768.2 1647.19 3347.5 0.0399813 180
13135.6 1088.57 2869.29 -0.142656 181
13563.2 1379.87 3213.6 -0.0377513 181
14159.4 1959.15 3651.82 0.114933 181
13768.1 1647.91 3347.5 0.0401857 181
13135.6 1088.6 2869.29 -0.142648 182
13563.4 1380.63 3213.6 -0.0375223 182
14159.4 1959.42 3651.82 0.114999 182
13768.2 1648.28 3347.5 0.0402904 182
13135.5 1087.28 2869.29 -0.1431 183
13563.1 1378.44 3213.6 -0.0381797 183
14159.6 1957.68 3651.82 0.114555 183
13768.2 1646.56 3347.5 0.0398043 183
13135.6 1088.53 2869.29 -0.142671 184
13563.4 1380.54 3213.6 -0.0375488 184
14159.4 1959.37 3651.82 0.114983 184
13768.2 1648.25 3347.5 0.0402817 184
13135.7 1088.74 2869.29 -0.1426 185
13563.2 1379.96 3213.6 -0.0377257 185
14159.5 1959.65 3651.82 0.115052 185
13768.1 1648.17 3347.5 0.0402591 185
13135.6 1088.66 2869.29 -0.142627 186
13563.1 1379.76 3213.6 -0.0377865 186
14159.3 1959.12 3651.82 0.114924 186
13768.1 1648.15 3347.5 0.0402513 186
13135.5 1087.72 2869.29 -0.142953 187
13563.3 1379.39 3213.6 -0.0378963 187
14159.5 1957.83 3651.82 0.114595 187
13768.1 1646.9 3347.5 0.0398981 187
13135.6 1088.48 2869.29 -0.142689 188
13563.2 1379.9 3213.6 -0.0377454 188
14159.3 1959 3651.82 0.114894 188
13768.1 1648.13 3347.5 0.0402475 188
13135.8 1089.52 2869.29 -0.142331 189
13563.4 1381.63 3213.6 -0.0372236 189
14159.2 1960.38 3651.82 0.115241 189
13768.1 1649.13 3347.5 0.040528 189
13135.6 1088.59 2869.29 -0.142654 190
13563.3 1380.49 3213.6 -0.0375649 190
14159.5 1959.71 3651.82 0.115068 190
13768.1 1648.01 3347.5 0.0402134 190
13135.8 1089.42 2869.29 -0.142366 191
13563.4 1381.51 3213.6 -0.0372608 191
14159.3 1960.73 3651.82 0.115328 191
13768.1 1649.04 3347.5 0.0405029 191
13140.8 1095.1 2869.29 -0.139993 192
13567.7 1388.07 3213.6 -0.0349262 192
14162.2 1968.67 3651.82 0.117663 192
13771.8 1656.37 3347.5 0.0429204 192
13144 1094.57 2869.29 -0.139847 193
13570.9 1387.74 3213.6 -0.0347378 193
14165.4 1968.24 3651.82 0.117795 193
13774.9 1655.71 3347.5 0.0430036 193
13146.3 1093.81 2869.29 -0.139857 194
13573.1 1386.47 3213.6 -0.0349017 194
14167.7 1967.91 3651.82 0.117893 194
13777.2 1655.21 3347.5 0.0430677 194
13142.7 1087.12 2869.29 -0.141229 195
13569.9 1379.08 3213.6 -0.0363065 195
14165.2 1959.4 3651.82 0.116422 195
13774.4 1647.41 3347.5 0.0416285 195
13144 1089.65 2869.29 -0.139899 196
13570.7 1381.99 3213.6 -0.0350341 196
14165.2 1962.84 3651.82 0.117639 196
13774.9 1650.78 3347.5 0.0429591 196
13142.8 1083.68 2869.29 -0.141609 197
13444.4 1382.37 3090 -0.0359761 197
14165.6 1955.17 3651.82 0.11594 197
13774.8 1644.07 3347.5 0.0413435 197
13146 1089.01 2869.29 -0.139825 198
13572.7 1381.43 3213.6 -0.0349467 198
14167.3 1962.63 3651.82 0.117796 198
13776.9 1650.26 3347.5 0.0430526 198
13142.8 1082.92 2869.29 -0.141662 199
13570.2 1375.28 3213.6 -0.0365624 199
14165.6 1954.52 3651.82 0.115929 199
13774.7 1643.05 3347.5 0.0412281 199
13141.1 1083.3 2869.29 -0.141277 200
13568.3 1375.21 3213.6 -0.0363644 200
14163.7 1955.53 3651.82 0.116367 200
13772.9 1644.1 3347.5 0.0417304 200
13143.1 1087.87 2869.29 -0.139771 201
13569.8 1380.16 3213.6 -0.0349415 201
14164.4 1961.53 3651.82 0.117847 201
13774 1649.29 3347.5 0.043143 201
13143.1 1087.58 2869.29 -0.139873 202
13570 1380.79 3213.6 -0.0347493 202
14164.3 1961.15 3651.82 0.117754 202
13773.8 1648.46 3347.5 0.0429111 202
13140.7 1082.83 2869.29 -0.141267 203
13568 1375.1 3213.6 -0.0362466 203
14163.3 1955.11 3651.82 0.116391 203
13772.4 1643.11 3347.5 0.0415959 203
13142.1 1086.73 2869.29 -0.13975 204
13568.9 1379.63 3213.6 -0.0347364 204
14163.4 1960.31 3651.82 0.117842 204
13772.9 1647.92 3347.5 0.0430936 204
13140 1081.98 2869.29 -0.141168 205
13567.3 1374.8 3213.6 -0.0359957 205
14162.5 1954.36 3651.82 0.116491 205
13771.6 1642.29 3347.5 0.0416863 205
13141.6 1085.26 2869.29 -0.139923 206
13568.5 1378.46 3213.6 -0.0347974 206
14163 1958.86 3651.82 0.11772 206
13772.6 1646.68 3347.5 0.0430188 206
13141.5 1085.05 2869.29 -0.139998 207
13568.5 1378.44 3213.6 -0.0348015 207
14162.8 1958.35 3651.82 0.117597 207
13772.5 1646.34 3347.5 0.0429249 207
13138.5 1079.77 2869.29 -0.141425 208
13565.9 1372.3 3213.6 -0.0363079 208
14161.3 1952.5 3651.82 0.116385 208
13770.3 1640.14 3347.5 0.0414907 208
13137.8 1079.56 2869.29 -0.141313 209
13565.1 1371.77 3213.6 -0.0363044 209
14160.4 1951.53 3651.82 0.11628 209
13769.5 1639.77 3347.5 0.0415381 209
13137.3 1079.59 2869.29 -0.141124 210
13564.3 1371.24 3213.6 -0.0363096 210
14159.7 1951.65 3651.82 0.116442 210
13768.9 1639.98 3347.5 0.0417426 210
13042.4 1099.23 2770.35 -0.139241 211
13567.3 1376.35 3213.6 -0.0348941 211
14161.8 1957.17 3651.82 0.117745 211
13771.2 1644.11 3347.5 0.0428004 211
13138.9 1078.93 2869.29 -0.141329 212
13566 1370.69 3213.6 -0.036456 212
14161.3 1950.56 3651.82 0.116189 212
13770.6 1639.35 3347.5 0.0415837 212
13138.2 1079.19 2869.29 -0.141085 213
13565.4 1371.57 3213.6 -0.0360573 213
14160.8 1951.94 3651.82 0.116636 213
13769.8 1639.48 3347.5 0.041743 213
13139.5 1079.17 2869.29 -0.141118 214
13566.6 1371.1 3213.6 -0.0362205 214
14161.8 1950.97 3651.82 0.116382 214
13771.1 1639.46 3347.5 0.0417173 214
13139.4 1078.95 2869.29 -0.141197 215
13566.7 1371.78 3213.6 -0.0360167 215
14161.9 1951.53 3651.82 0.11652 215
13771 1639.3 3347.5 0.0416742 215
13134.8 1077.93 2869.29 -0.142529 216
13562.3 1369.31 3213.6 -0.0376143 216
14158.3 1948.72 3651.82 0.115086 216
13767.2 1637.71 3347.5 0.0404191 216
13134 1079.49 2869.29 -0.142434 217
13561.7 1371.64 3213.6 -0.0372992 217
14157.5 1950.6 3651.82 0.115233 217
13766.3 1638.88 3347.5 0.0403853 217
13133.5 1080.77 2869.29 -0.142369 218
13561 1372.26 3213.6 -0.0374434 218
14156.8 1951.1 3651.82 0.115086 218
13765.8 1640.29 3347.5 0.0404742 218
13133.2 1081.67 2869.29 -0.142383 219
13560.7 1373.33 3213.6 -0.0374049 219
14156.6 1952.33 3651.82 0.115156 219
13765.4 1640.96 3347.5 0.0403972 219
13133.2 1081.56 2869.29 -0.142422 220
13560.8 1373.35 3213.6 -0.0374003 220
14156.6 1952.1 3651.82 0.1151 220
13765.5 1641.3 3347.5 0.0404921 220
13133.1 1082.42 2869.29 -0.142404 221
13560.6 1373.96 3213.6 -0.0374588 221
14156.6 1953.27 3651.82 0.115188 221
13765.5 1642.27 3347.5 0.0405373 221
13133.4 1083.62 2869.29 -0.14244 222
13561 1375.83 3213.6 -0.037286 222
14156.9 1954.82 3651.82 0.11525 222
13765.7 1643.46 3347.5 0.040507 222
13133.6 1084.2 2869.29 -0.142425 223
13561.2 1376.04 3213.6 -0.0373839 223
14157.3 1956.1 3651.82 0.115433 223
13765.9 1643.79 3347.5 0.040449 223
13133.9 1084.93 2869.29 -0.142332 224
13561.3 1376.13 3213.6 -0.0375017 224
14157.2 1955.37 3651.82 0.115139 224
13766.1 1644.26 3347.5 0.0404503 224
13136.5 1084.63 2869.29 -0.141351 225
13563.8 1377.44 3213.6 -0.0361578 225
14159 1957.07 3651.82 0.116373 225
13768.2 1645.12 3347.5 0.0415857 225
13137.2 1083.56 2869.29 -0.141275 226
13438.6 1382.08 3090 -0.0357296 226
14159.6 1955.41 3651.82 0.116281 226
13768.9 1643.96 3347.5 0.0416234 226
13137.6 1082.19 2869.29 -0.141359 227
13565 1375.11 3213.6 -0.036133 227
14160.1 1953.98 3651.82 0.116204 227
13769.3 1642.69 3347.5 0.0415794 227
13137.8 1081.2 2869.29 -0.141366 228
13565 1373.25 3213.6 -0.0363981 228
14160.3 1952.98 3651.82 0.116197 228
13769.5 1641.62 3347.5 0.0415545 228
13137.9 1080.36 2869.29 -0.141362 229
13565.2 1373.01 3213.6 -0.0362136 229
14160.5 1952.71 3651.82 0.116339 229
13769.6 1640.71 3347.5 0.0415363 229
13137.7 1078.83 2869.29 -0.141406 230
13565 1371.14 3213.6 -0.0363559 230
14160.3 1950.87 3651.82 0.116227 230
13769.4 1639.1 3347.5 0.0414767 230
13137.6 1078.54 2869.29 -0.141306 231
13564.7 1370.23 3213.6 -0.0364569 231
14160.2 1950.74 3651.82 0.11634 231
13769.3 1638.81 3347.5 0.0415564 231
13137.6 1078.56 2869.29 -0.141301 232
13564.8 1370.93 3213.6 -0.036245 232
14160.1 1950.33 3651.82 0.11624 232
13769.2 1638.71 3347.5 0.0415301 232
13137.2 1077.55 2869.29 -0.141314 233
13564.4 1369.96 3213.6 -0.0362453 233
14159.8 1949.77 3651.82 0.116339 233
13768.9 1637.96 3347.5 0.041591 233
13137.2 1077.72 2869.29 -0.141255 234
13564.3 1369.28 3213.6 -0.0364532 234
14159.8 1949.8 3651.82 0.116347 234
13768.9 1637.81 3347.5 0.0415485 234
13136.8 1076.76 2869.29 -0.141317 235
13564.1 1369.23 3213.6 -0.0362318 235
14159.3 1948.55 3651.82 0.116233 235
13768.5 1636.98 3347.5 0.0415355 235
13136.5 1076.28 2869.29 -0.141261 236
13563.6 1367.83 3213.6 -0.0364593 236
14159.1 1948.35 3651.82 0.116341 236
13768.2 1636.36 3347.5 0.0415425 236
13136.2 1075.5 2869.29 -0.141347 237
13563.4 1367.43 3213.6 -0.0364189 237
14158.9 1947.8 3651.82 0.116337 237
13767.9 1635.77 3347.5 0.0415265 237
13136.1 1075.06 2869.29 -0.141419 238
13563.5 1367.56 3213.6 -0.0363112 238
14158.7 1946.77 3651.82 0.116139 238
13767.8 1635.24 3347.5 0.0414426 238
13136 1074.87 2869.29 -0.141347 239
13563.2 1366.88 3213.6 -0.0363954 239
14158.4 1946.23 3651.82 0.116108 239
13767.7 1635.19 3347.5 0.0415407 239
13136 1074.89 2869.29 -0.141279 240
13563.3 1367.19 3213.6 -0.0362485 240
14158.7 1947.18 3651.82 0.116382 240
13767.7 1634.87 3347.5 0.0414982 240
13135.9 1074.5 2869.29 -0.141309 241
13563.1 1366.4 3213.6 -0.0363955 241
14158.5 1946.49 3651.82 0.116287 241
13767.6 1634.66 3347.5 0.0415261 241
13135.9 1074.32 2869.29 -0.141326 242
13563.2 1366.92 3213.6 -0.0361999 242
14158.4 1946.14 3651.82 0.116232 242
13767.6 1634.76 3347.5 0.0415886 242
13135.8 1073.92 2869.29 -0.141426 243
13437.3 1372.75 3090 -0.0357673 243
14158.4 1946.03 3651.82 0.116236 243
13767.4 1634 3347.5 0.041411 243
13135.8 1073.9 2869.29 -0.141358 244
13563.1 1366.26 3213.6 -0.0363004 244
14158.2 1945.41 3651.82 0.116133 244
13767.6 1634.45 3347.5 0.0415946 244
13135.8 1073.96 2869.29 -0.141309 245
13563 1365.83 3213.6 -0.0364031 245
14158.2 1945.36 3651.82 0.116142 245
13767.5 1634.19 3347.5 0.0415451 245
13135.7 1073.5 2869.29 -0.141415 246
13562.9 1365.32 3213.6 -0.0365119 246
14158.5 1946.27 3651.82 0.116399 246
13767.5 1633.89 3347.5 0.0415043 246
13135.8 1073.69 2869.29 -0.141327 247
13563 1366.07 3213.6 -0.0362662 247
14158.4 1945.87 3651.82 0.11632 247
13767.5 1634.09 3347.5 0.0415789 247
13135.7 1073.63 2869.29 -0.141309 248
13562.9 1365.48 3213.6 -0.0364118 248
14158.2 1945.27 3651.82 0.116202 248
13767.4 1633.85 3347.5 0.0415417 248
13135.7 1073.52 2869.29 -0.141329 249
13562.8 1365.14 3213.6 -0.0364978 249
14158.3 1945.76 3651.82 0.116333 249
13767.5 1634.05 3347.5 0.041611 249
13141.5 1079.89 2869.29 -0.139698 250
13568.1 1372.04 3213.6 -0.0349185 250
14162.7 1953.61 3651.82 0.117914 250
13772.3 1641.01 3347.5 0.0431183 250
13139.6 1075.33 2869.29 -0.141259 251
13566.8 1367.39 3213.6 -0.0363047 251
14162.2 1947.65 3651.82 0.116404 251
13771.2 1635.58 3347.5 0.0415914 251
13136.9 1074.86 2869.29 -0.14137 252
13564.1 1366.94 3213.6 -0.0363945 252
14159.4 1946.61 3651.82 0.116185 252
13768.6 1635.12 3347.5 0.041503 252
13136.2 1075.11 2869.29 -0.141214 253
13437.5 1373.01 3090 -0.0358694 253
14158.7 1946.89 3651.82 0.116301 253
13767.8 1635.11 3347.5 0.041555 253
13135.7 1074.71 2869.29 -0.141271 254
13562.8 1366.44 3213.6 -0.0364161 254
14158.2 1946.44 3651.82 0.116249 254
13767.4 1635 3347.5 0.0415918 254
13135.6 1074.51 2869.29 -0.141302 255
13562.9 1366.92 3213.6 -0.0362337 255
14158.2 1946.47 3651.82 0.116287 255
13767.3 1634.84 3347.5 0.0415806 255
13135.5 1074.18 2869.29 -0.141372 256
13562.7 1366.21 3213.6 -0.0364118 256
14158 1945.94 3651.82 0.116187 256
13767.2 1634.45 3347.5 0.0415048 256
13135.6 1074.2 2869.29 -0.141287 257
13562.8 1366.34 3213.6 -0.0363054 257
14158.1 1945.96 3651.82 0.116246 257
13767.3 1634.33 3347.5 0.0415339 257
13135.6 1073.92 2869.29 -0.141317 258
13562.8 1365.68 3213.6 -0.0364452 258
14158.2 1945.94 3651.82 0.116287 258
13767.3 1634.19 3347.5 0.0415486 258
13135.7 1073.76 2869.29 -0.141318 259
13563 1366.13 3213.6 -0.0362611 259
14158.2 1945.58 3651.82 0.116239 259
13767.4 1633.98 3347.5 0.0415341 259
13135.7 1073.52 2869.29 -0.141356 260
13562.9 1365.5 3213.6 -0.036412 260
14158.2 1945.49 3651.82 0.11625 260
13767.4 1633.88 3347.5 0.0415443 260
13135.7 1073.42 2869.29 -0.141356 261
13562.9 1365.4 3213.6 -0.036412 261
14158.3 1945.52 3651.82 0.11628 261
13767.4 1633.95 3347.5 0.0415919 261
13135.7 1073.5 2869.29 -0.141314 262
13563 1365.86 3213.6 -0.036261 262
14158.4 1945.89 3651.82 0.116381 262
13767.5 1634.08 3347.5 0.0416388 262
13135.7 1073.56 2869.29 -0.141267 263
13562.8 1365.18 3213.6 -0.036445 263
14158.2 1945.25 3651.82 0.116242 263
13767.4 1633.6 3347.5 0.0415259 263
13135.7 1073.18 2869.29 -0.141377 264
13563 1365.73 3213.6 -0.0362594 264
14158.2 1944.97 3651.82 0.116187 264
13767.4 1633.42 3347.5 0.0414897 264
13135.6 1073.13 2869.29 -0.141379 265
13563 1365.68 3213.6 -0.0362611 265
14158.2 1944.92 3651.82 0.116186 265
13767.4 1633.36 3347.5 0.0414879 265
13135.6 1072.98 2869.29 -0.141425 266
13562.9 1365.49 3213.6 -0.0363139 266
14158.4 1945.54 3651.82 0.116342 266
13767.4 1633.34 3347.5 0.0414869 266
13135.6 1073.02 2869.29 -0.141405 267
13562.9 1365.15 3213.6 -0.0364085 267
14158.2 1944.85 3651.82 0.116178 267
13767.4 1633.33 3347.5 0.0414881 267
13135.6 1073.01 2869.29 -0.14141 268
13562.9 1365.36 3213.6 -0.0363475 268
14158.5 1945.89 3651.82 0.116431 268
13767.3 1633.18 3347.5 0.0414479 268
13135.6 1073.11 2869.29 -0.141357 269
13562.8 1365.12 3213.6 -0.036406 269
14158.2 1945.01 3651.82 0.116229 269
13767.3 1632.94 3347.5 0.0413917 269
13135.6 1072.92 2869.29 -0.141418 270
13562.9 1365.32 3213.6 -0.0363393 270
14158.2 1945 3651.82 0.116231 270
13767.3 1632.95 3347.5 0.041401 270
13135.6 1072.93 2869.29 -0.141409 271
13562.7 1364.39 3213.6 -0.0366151 271
14158.2 1944.79 3651.82 0.116182 271
13767.3 1632.9 3347.5 0.0413894 271
13135.6 1073.06 2869.29 -0.141358 272
13562.9 1365.61 3213.6 -0.0362421 272
14158.1 1944.82 3651.82 0.116196 272
13767.3 1633.42 3347.5 0.04154 272
13135.7 1073.32 2869.29 -0.141267 273
13562.8 1364.92 3213.6 -0.0364488 273
14158 1944.2 3651.82 0.116046 273
13767.3 1633.24 3347.5 0.0414944 273
13135.6 1073.02 2869.29 -0.141364 274
13563 1365.7 3213.6 -0.0362079 274
14158.1 1944.62 3651.82 0.116153 274
13767.4 1633.57 3347.5 0.0415887 274
13135.6 1073 2869.29 -0.141372 275
13563 1365.73 3213.6 -0.0361992 275
14158.1 1944.94 3651.82 0.116232 275
13767.3 1633.38 3347.5 0.0415372 275
13135.6 1073.03 2869.29 -0.141356 276
13562.7 1364.88 3213.6 -0.0364525 276
14158.1 1944.79 3651.82 0.116197 276
13767.3 1633.2 3347.5 0.0414897 276
13135.6 1072.98 2869.29 -0.141371 277
13562.8 1365.07 3213.6 -0.0363921 277
14158.1 1944.94 3651.82 0.116236 277
13767.4 1633.55 3347.5 0.0415886 277
13135.6 1073.12 2869.29 -0.141321 278
13562.7 1364.72 3213.6 -0.0364978 278
14158 1944.55 3651.82 0.116142 278
13767.3 1633.37 3347.5 0.0415416 278
13135.6 1073.15 2869.29 -0.141309 279
13562.7 1364.78 3213.6 -0.0364763 279
14158.3 1945.54 3651.82 0.116385 279
13767.3 1633.18 3347.5 0.0414897 279
13135.6 1073.12 2869.29 -0.141317 280
13562.9 1365.7 3213.6 -0.0361994 280
14158.2 1945.34 3651.82 0.116336 280
13767.3 1633.31 3347.5 0.0415264 280
13135.6 1073.03 2869.29 -0.141348 281
13563 1366 3213.6 -0.0361054 281
14158.2 1945.09 3651.82 0.116277 281
13767.3 1633.31 3347.5 0.0415264 281
13135.6 1073.11 2869.29 -0.141318 282
13562.7 1364.8 3213.6 -0.0364688 282
14158.1 1944.72 3651.82 0.116187 282
13767.3 1633.51 3347.5 0.0415847 282
13135.6 1072.96 2869.29 -0.141372 283
13562.9 1365.69 3213.6 -0.0361994 283
14158.1 1944.93 3651.82 0.116239 283
13767.3 1633.27 3347.5 0.0415186 283
13135.6 1072.98 2869.29 -0.141364 284
13562.9 1365.54 3213.6 -0.0362453 284
14158.1 1944.79 3651.82 0.116205 284
13767.4 1633.52 3347.5 0.0415885 284
13135.6 1072.95 2869.29 -0.141375 285
13562.9 1365.38 3213.6 -0.0362923 285
14158.2 1945.08 3651.82 0.116275 285
13767.4 1633.49 3347.5 0.0415789 285
13135.7 1073.25 2869.29 -0.141267 286
13562.7 1364.86 3213.6 -0.0364491 286
14158.3 1945.69 3651.82 0.116426 286
13767.2 1633.03 3347.5 0.0414506 286
13135.6 1072.82 2869.29 -0.141417 287
13562.9 1365.31 3213.6 -0.0363105 287
14158.2 1944.69 3651.82 0.116179 287
13767.4 1633.27 3347.5 0.0415198 287
13135.6 1072.82 2869.29 -0.141418 288
13562.9 1365.3 3213.6 -0.0363132 288
14158.1 1944.54 3651.82 0.116144 288
13767.3 1633.11 3347.5 0.041473 288
13135.6 1073.21 2869.29 -0.141283 289
13562.7 1364.96 3213.6 -0.0364168 289
14158.1 1945.49 3651.82 0.11638 289
13767.3 1633.61 3347.5 0.0416146 289
13135.6 1073.24 2869.29 -0.141271 290
13563 1365.99 3213.6 -0.0361058 290
14158.2 1945.66 3651.82 0.116423 290
13767.3 1633.85 3347.5 0.0416821 290
13135.6 1073.29 2869.29 -0.141254 291
13562.7 1364.92 3213.6 -0.0364315 291
14158.2 1945.76 3651.82 0.116448 291
13767.3 1633.62 3347.5 0.0416195 291
13135.6 1072.94 2869.29 -0.141374 292
13563 1365.53 3213.6 -0.0362437 292
14158.3 1945.13 3651.82 0.116288 292
13767.3 1632.98 3347.5 0.0414376 292
13135.6 1073.11 2869.29 -0.141314 293
13562.8 1364.86 3213.6 -0.0364474 293
14158.3 1945.13 3651.82 0.116288 293
13767.3 1633.16 3347.5 0.04149 293
13135.6 1072.82 2869.29 -0.141417 294
13562.7 1364.43 3213.6 -0.0365752 294
14158.2 1944.7 3651.82 0.116182 294
13767.3 1633.18 3347.5 0.0414954 294
13135.6 1073.01 2869.29 -0.141349 295
13562.9 1365.64 3213.6 -0.0362097 295
14158.2 1945.1 3651.82 0.116282 295
13767.4 1633.65 3347.5 0.041626 295
13135.6 1073.13 2869.29 -0.141309 296
13562.9 1365.65 3213.6 -0.0362073 296
14158.2 1945.15 3651.82 0.116295 296
13767.4 1633.68 3347.5 0.0416351 296
13135.6 1072.92 2869.29 -0.14138 297
13562.8 1365.14 3213.6 -0.0363623 297
14158.1 1944.75 3651.82 0.116198 297
13767.2 1632.85 3347.5 0.0414038 297
13135.5 1072.82 2869.29 -0.141415 298
13562.9 1365.54 3213.6 -0.0362405 298
14158.1 1944.92 3651.82 0.11624 298
13767.3 1633.46 3347.5 0.0415735 298
13135.6 1073 2869.29 -0.141353 299
13562.7 1364.41 3213.6 -0.0365809 299
14158.3 1945.16 3651.82 0.116295 299
13767.3 1633.16 3347.5 0.0414899 299
13135.6 1073.12 2869.29 -0.14131 300
13562.8 1364.94 3213.6 -0.0364212 300
14158.2 1945.13 3651.82 0.11629 300
13767.2 1632.8 3347.5 0.0413902 300
13135.6 1072.93 2869.29 -0.141377 301
13562.9 1365.47 3213.6 -0.0362628 301
14158.1 1944.52 3651.82 0.116138 301
13767.3 1633.11 3347.5 0.0414747 301
13135.6 1072.98 2869.29 -0.141358 302
13562.7 1364.66 3213.6 -0.0365071 302
14158.1 1944.88 3651.82 0.11623 302
13767.3 1633.14 3347.5 0.0414846 302
13135.6 1073.05 2869.29 -0.141334 303
13562.9 1365.35 3213.6 -0.0362974 303
14158.2 1945.08 3651.82 0.116277 303
13767.4 1633.56 3347.5 0.0416032 303
13135.6 1073.13 2869.29 -0.141306 304
13562.7 1364.82 3213.6 -0.0364571 304
14158.2 1945.09 3651.82 0.11628 304
13767.3 1633.15 3347.5 0.0414864 304
13135.6 1072.9 2869.29 -0.141388 305
13562.7 1364.64 3213.6 -0.036514 305
14158.3 1945.7 3651.82 0.116429 305
13767.3 1633.13 3347.5 0.0414825 305
13135.6 1072.81 2869.29 -0.141418 306
13562.9 1365.52 3213.6 -0.036246 306
14158.2 1944.92 3651.82 0.116237 306
13767.3 1633.13 3347.5 0.0414801 306
13135.6 1072.98 2869.29 -0.141359 307
13437.1 1371.41 3090 -0.035832 307
14158 1944.14 3651.82 0.116047 307
13767.3 1632.96 3347.5 0.0414332 307
13135.6 1072.97 2869.29 -0.141363 308
13562.9 1365.49 3213.6 -0.0362536 308
14158.3 1945.12 3651.82 0.116286 308
13767.4 1633.49 3347.5 0.0415813 308
13138.1 1074.12 2869.29 -0.141269 309
13565.3 1366.19 3213.6 -0.0363098 309
14160.6 1945.82 3651.82 0.116248 309
13769.9 1634.6 3347.5 0.0416486 309
13137.5 1074.14 2869.29 -0.141263 310
13564.7 1366 3213.6 -0.0363674 310
14160.1 1945.97 3651.82 0.116279 310
13769.2 1634.19 3347.5 0.0415325 310
13140.8 1079.22 2869.29 -0.139813 311
13567.6 1372.11 3213.6 -0.0347925 311
14162 1952.47 3651.82 0.117719 311
13771.6 1640.44 3347.5 0.0430543 311
13138.1 1074.91 2869.29 -0.141291 312
13565.4 1367.33 3213.6 -0.0362232 312
14160.7 1947 3651.82 0.116325 312
13769.8 1635.2 3347.5 0.0415765 312
13137.3 1074.81 2869.29 -0.141312 313
13438.8 1373.3 3090 -0.0357737 313
14159.9 1946.82 3651.82 0.116288 313
13769 1635 3347.5 0.0415303 313
13136.3 1074.66 2869.29 -0.141319 314
13563.6 1367.26 3213.6 -0.0361939 314
14158.9 1946.63 3651.82 0.116276 314
13768 1635.07 3347.5 0.041587 314
13136 1074.49 2869.29 -0.141349 315
13563.1 1366.32 3213.6 -0.0364502 315
14158.6 1946.79 3651.82 0.116335 315
13767.7 1634.82 3347.5 0.0415405 315
13136 1074.6 2869.29 -0.14131 316
13563.3 1367.04 3213.6 -0.0362341 316
14158.7 1947.34 3651.82 0.11647 316
13767.7 1634.96 3347.5 0.0415796 316
13135.6 1074.24 2869.29 -0.141365 317
13562.8 1366.1 3213.6 -0.0364573 317
14158.2 1946.36 3651.82 0.11628 317
13767.3 1634.62 3347.5 0.0415409 317
13135.5 1073.63 2869.29 -0.141471 318
13562.6 1365.48 3213.6 -0.0365501 318
14158.2 1946.08 3651.82 0.116284 318
13767.2 1633.99 3347.5 0.0414531 318
13135.5 1073.81 2869.29 -0.141372 319
13562.8 1366.04 3213.6 -0.0363526 319
14158.2 1945.79 3651.82 0.116238 319
13767.3 1634.19 3347.5 0.0415345 319
13135.6 1073.91 2869.29 -0.141308 320
13562.7 1365.41 3213.6 -0.0365161 320
14158.1 1945.48 3651.82 0.116185 320
13767.3 1634.06 3347.5 0.0415239 320
13135.6 1073.73 2869.29 -0.141319 321
13562.8 1365.57 3213.6 -0.0364213 321
14158.2 1945.76 3651.82 0.11629 321
13767.3 1633.77 3347.5 0.041485 321
13135.6 1073.7 2869.29 -0.141327 322
13562.9 1366.12 3213.6 -0.0362552 322
14158.2 1945.54 3651.82 0.116238 322
13767.4 1634.12 3347.5 0.0415822 322
13135.6 1073.73 2869.29 -0.141319 323
13562.8 1365.65 3213.6 -0.0363975 323
14158.2 1945.74 3651.82 0.116285 323
13767.4 1634.15 3347.5 0.0415901 323
13135.6 1073.73 2869.29 -0.141319 324
13562.8 1365.81 3213.6 -0.0363487 324
14158.2 1945.74 3651.82 0.116285 324
13767.3 1633.96 3347.5 0.0415386 324
13135.7 1073.84 2869.29 -0.14128 325
13563 1366.48 3213.6 -0.0361455 325
14158.2 1945.57 3651.82 0.116244 325
13767.3 1633.78 3347.5 0.0414883 325
13135.6 1073.73 2869.29 -0.141319 326
13562.8 1365.81 3213.6 -0.0363487 326
14158.2 1945.74 3651.82 0.116285 326
13767.3 1633.96 3347.5 0.0415386 326
